Chords w/ timepoints and roots:
 1.00  3.00     I   0   1   9   9
 3.00  5.00     V   7   5   9   4
 5.00  7.00     I   0   1   9   9
 7.00  9.00     V   7   5   9   4
 9.00 11.00     I   0   1   9   9
11.00 13.00  V/vi   4   3   9   1
13.00 15.00    IV   5   4   9   2
15.00 17.00   bVI   8   6   9   5
17.00 19.00     I   0   1   9   9
19.00 21.00     V   7   5   9   4
21.00 23.00     I   0   1   9   9
23.00 25.00     V   7   5   9   4
25.00 27.00     I   0   1   9   9
27.00 29.00     V   7   5   9   4
29.00 31.00     I   0   1   9   9
31.00 33.00     V   7   5   9   4
33.00 35.00     I   0   1   9   9
35.00 37.00  V/vi   4   3   9   1
37.00 39.00    IV   5   4   9   2
39.00 41.00   bVI   8   6   9   5
41.00 43.00     I   0   1   9   9
43.00 45.00     V   7   5   9   4
45.00 47.00     I   0   1   9   9
47.00 49.00     V   7   5  10   5
49.00 51.00     I   0   1  10  10
51.00 53.00     V   7   5  10   5
53.00 55.00     I   0   1  10  10
55.00 57.00   bVI   8   6  10   6
57.00 59.00     I   0   1  10  10
59.00 61.00   bVI   8   6  10   6
61.00 63.00     I   0   1  10  10
63.00 65.00   bVI   8   6  10   6
65.00 67.00     I   0   1  10  10
67.00 69.00   bVI   8   6  10   6
---

