Chords w/ timepoints and roots:
 1.00  2.00     I   0   1   0   0
 2.00  3.00    IV   5   4   0   5
 3.00  4.00     I   0   1   0   0
 4.00  5.00    IV   5   4   0   5
 5.00  6.00     I   0   1   0   0
 6.00  7.00    IV   5   4   0   5
 7.00  8.00     I   0   1   0   0
 8.00  9.00    IV   5   4   0   5
 9.00 10.00     I   0   1   0   0
10.00 11.00    IV   5   4   0   5
11.00 12.00     I   0   1   0   0
12.00 13.00    IV   5   4   0   5
13.00 14.00     I   0   1   0   0
14.00 15.00    IV   5   4   0   5
15.00 16.00    II   2   2   0   2
16.00 17.00    IV   5   4   0   5
17.00 19.00     I   0   1   0   0
19.00 20.00    IV   5   4   0   5
20.00 21.00     I   0   1   0   0
21.00 22.00    IV   5   4   0   5
22.00 23.00     I   0   1   0   0
23.00 24.00    IV   5   4   0   5
24.00 25.00     I   0   1   0   0
25.00 26.00    IV   5   4   0   5
26.00 27.00     I   0   1   0   0
27.00 28.00    IV   5   4   0   5
28.00 29.00     I   0   1   0   0
29.00 30.00    IV   5   4   0   5
30.00 31.00     I   0   1   0   0
31.00 32.00    IV   5   4   0   5
32.00 33.00     I   0   1   0   0
33.00 34.00    IV   5   4   0   5
34.00 35.00     I   0   1   0   0
35.00 36.00    IV   5   4   0   5
36.00 37.00     I   0   1   0   0
37.00 38.00    IV   5   4   0   5
38.00 39.00     I   0   1   0   0
39.00 40.00    IV   5   4   0   5
40.00 41.00    II   2   2   0   2
41.00 42.00    IV   5   4   0   5
42.00 43.00     I   0   1   0   0
43.00 44.00    IV   5   4   0   5
44.00 45.00     I   0   1   0   0
45.00 46.00    IV   5   4   0   5
46.00 47.00     I   0   1   0   0
47.00 48.00    IV   5   4   0   5
48.00 49.00     I   0   1   0   0
49.00 50.00    IV   5   4   0   5
50.00 51.00     I   0   1   0   0
51.00 52.00    IV   5   4   0   5
52.00 53.00     I   0   1   0   0
53.00 54.00    IV   5   4   0   5
54.00 55.00     I   0   1   0   0
55.00 56.00    IV   5   4   0   5
56.00 57.00     I   0   1   0   0
57.00 58.00    IV   5   4   0   5
58.00 59.00     I   0   1   0   0
59.00 60.00    IV   5   4   0   5
60.00 61.00    II   2   2   0   2
61.00 62.00    IV   5   4   0   5
62.00 63.00     I   0   1   0   0
63.00 64.00    IV   5   4   0   5
64.00 65.00     I   0   1   0   0
65.00 66.00    IV   5   4   0   5
66.00 67.00     I   0   1   0   0
67.00 68.00    IV   5   4   0   5
68.00 69.00     I   0   1   0   0
69.00 70.00    IV   5   4   0   5
70.00 71.00     I   0   1   0   0
71.00 72.00    IV   5   4   0   5
72.00 73.00     I   0   1   0   0
73.00 74.00    IV   5   4   0   5
74.00 75.00     I   0   1   0   0
75.00 76.00    IV   5   4   0   5
76.00 77.00     I   0   1   0   0
77.00 78.00    IV   5   4   0   5
78.00 79.00     I   0   1   0   0
79.00 80.00    IV   5   4   0   5
80.00 81.00     I   0   1   0   0
81.00 82.00    IV   5   4   0   5
82.00 83.00     I   0   1   0   0
83.00 84.00    IV   5   4   0   5
84.00 85.00     I   0   1   0   0
85.00 86.00    IV   5   4   0   5
86.00 87.00     I   0   1   0   0
87.00 88.00    IV   5   4   0   5
88.00 89.00    II   2   2   0   2
89.00 90.00    IV   5   4   0   5
90.00 91.00     I   0   1   0   0
91.00 92.00    IV   5   4   0   5
92.00 93.00  ii64   2   2   0   2
93.00 94.00 iii64   4   3   0   4
94.00 95.00  IV64   5   4   0   5
95.00 96.00  iis4   2   2   0   2
96.00 97.00   Vs4   7   5   0   7
97.00 98.00     I   0   1   0   0
98.00 99.00    IV   5   4   0   5
99.00 100.00     I   0   1   0   0
100.00 101.00    IV   5   4   0   5
101.00 102.00     I   0   1   0   0
102.00 103.00    IV   5   4   0   5
103.00 104.00    II   2   2   0   2
104.00 105.00    IV   5   4   0   5
105.00 106.00     I   0   1   0   0
106.00 107.00    IV   5   4   0   5
107.00 108.00     I   0   1   0   0
108.00 109.00    IV   5   4   0   5
109.00 110.00     I   0   1   0   0
110.00 111.00    IV   5   4   0   5
111.00 112.00     I   0   1   0   0
112.00 113.00    IV   5   4   0   5
113.00 114.00     I   0   1   0   0
114.00 115.00    IV   5   4   0   5
115.00 116.00     I   0   1   0   0
116.00 117.00    IV   5   4   0   5
117.00 118.00     I   0   1   0   0
118.00 119.00    IV   5   4   0   5
119.00 120.00     I   0   1   0   0
120.00 121.00    IV   5   4   0   5
121.00 122.00     I   0   1   0   0
122.00 123.00    IV   5   4   0   5
123.00 124.00    II   2   2   0   2
124.00 125.00    IV   5   4   0   5
125.00 126.00     I   0   1   0   0
126.00 127.00    IV   5   4   0   5
127.00 128.00     I   0   1   0   0
128.00 129.00    IV   5   4   0   5
129.00 130.00     I   0   1   0   0
130.00 131.00    IV   5   4   0   5
131.00 132.00     I   0   1   0   0
132.00 133.00    IV   5   4   0   5
133.00 134.00     I   0   1   0   0
134.00 135.00    IV   5   4   0   5
135.00 136.00    II   2   2   0   2
136.00 137.00    IV   5   4   0   5
137.00 138.00     I   0   1   0   0
138.00 139.00    IV   5   4   0   5
139.00 140.00     I   0   1   0   0
140.00 141.00    IV   5   4   0   5
141.00 142.00     I   0   1   0   0
142.00 143.00    IV   5   4   0   5
143.00 144.00     I   0   1   0   0
144.00 145.00    IV   5   4   0   5
145.00 146.00     I   0   1   0   0
146.00 147.00    IV   5   4   0   5
147.00 148.00     I   0   1   0   0
148.00 149.00    IV   5   4   0   5
149.00 150.00     I   0   1   0   0
150.00 151.00    IV   5   4   0   5
151.00 152.00     I   0   1   0   0
152.00 153.00    IV   5   4   0   5
153.00 154.00     I   0   1   0   0
154.00 155.00    IV   5   4   0   5
155.00 156.00     I   0   1   0   0
156.00 157.00    IV   5   4   0   5
157.00 158.00     I   0   1   0   0
158.00 159.00    IV   5   4   0   5
159.00 160.00     I   0   1   0   0
160.00 161.00    IV   5   4   0   5
161.00 162.00     I   0   1   0   0
162.00 163.00    IV   5   4   0   5
---

