Chords w/ timepoints and roots:
 1.00  3.00  bVII  10   7   1  11
 3.00  5.00     I   0   1   1   1
 5.00  7.00  bVII  10   7   1  11
 7.00  9.00     I   0   1   1   1
 9.00 10.00    ii   2   2   1   3
10.00 11.00   iii   4   3   1   5
11.00 12.00    IV   5   4   1   6
12.00 13.00   V11   7   5   1   8
13.00 14.00     I   0   1   1   1
14.00 15.00    ii   2   2   1   3
15.00 16.00     V   7   5   1   8
16.00 18.00     I   0   1   1   1
18.00 19.00    ii   2   2   1   3
19.00 20.00  bVII  10   7   1  11
20.00 21.00     v   7   5   1   8
21.00 23.00     I   0   1   1   1
23.00 25.00  bVII  10   7   1  11
25.00 27.00     I   0   1   1   1
27.00 29.00  bVII  10   7   1  11
29.00 31.00     I   0   1   1   1
31.00 32.00    ii   2   2   1   3
32.00 33.00   iii   4   3   1   5
33.00 34.00    IV   5   4   1   6
34.00 35.00   V11   7   5   1   8
35.00 36.00     I   0   1   1   1
36.00 37.00    ii   2   2   1   3
37.00 38.00     V   7   5   1   8
38.00 40.00     I   0   1   1   1
40.00 41.00    ii   2   2   1   3
41.00 42.00  bVII  10   7   1  11
42.00 43.00     v   7   5   1   8
43.00 43.50     I   0   1   1   1
43.50 44.00    IV   5   4   1   6
44.00 44.50     V   7   5   1   8
44.50 44.75    IV   5   4   1   6
44.75 45.00    ii   2   2   1   3
45.00 45.50     I   0   1   1   1
45.50 46.00    IV   5   4   1   6
46.00 46.50     V   7   5   1   8
46.50 46.75    IV   5   4   1   6
46.75 47.00    ii   2   2   1   3
47.00 47.50     I   0   1   1   1
47.50 48.00    IV   5   4   1   6
48.00 48.50     V   7   5   1   8
48.50 48.75    IV   5   4   1   6
48.75 49.00    ii   2   2   1   3
49.00 49.50     I   0   1   1   1
49.50 50.00    IV   5   4   1   6
50.00 50.50     V   7   5   1   8
50.50 50.75    IV   5   4   1   6
50.75 51.00    ii   2   2   1   3
51.00 51.50     I   0   1   1   1
51.50 52.00    IV   5   4   1   6
52.00 52.50     V   7   5   1   8
52.50 52.75    IV   5   4   1   6
52.75 53.00    ii   2   2   1   3
53.00 53.50     I   0   1   1   1
53.50 54.00    IV   5   4   1   6
54.00 54.50     V   7   5   1   8
54.50 54.75    IV   5   4   1   6
54.75 55.00    ii   2   2   1   3
55.00 55.50     I   0   1   1   1
55.50 56.00    IV   5   4   1   6
56.00 56.50     V   7   5   1   8
56.50 56.75    IV   5   4   1   6
56.75 57.00    ii   2   2   1   3
57.00 57.50     I   0   1   1   1
57.50 58.00    IV   5   4   1   6
58.00 58.50     V   7   5   1   8
58.50 58.75    IV   5   4   1   6
58.75 59.00    ii   2   2   1   3
59.00 59.50     I   0   1   1   1
59.50 60.00    IV   5   4   1   6
60.00 60.50     V   7   5   1   8
60.50 60.75    IV   5   4   1   6
60.75 61.00    ii   2   2   1   3
61.00 61.50     I   0   1   1   1
61.50 62.00    IV   5   4   1   6
62.00 62.50     V   7   5   1   8
62.50 62.75    IV   5   4   1   6
62.75 63.00    ii   2   2   1   3
63.00 63.50     I   0   1   1   1
63.50 64.00    IV   5   4   1   6
64.00 64.50     V   7   5   1   8
64.50 64.75    IV   5   4   1   6
64.75 65.00    ii   2   2   1   3
65.00 65.50     I   0   1   1   1
65.50 66.00    IV   5   4   1   6
66.00 66.50     V   7   5   1   8
66.50 66.75    IV   5   4   1   6
66.75 67.00    ii   2   2   1   3
67.00 67.50     I   0   1   1   1
67.50 68.00    IV   5   4   1   6
68.00 68.50     V   7   5   1   8
68.50 68.75    IV   5   4   1   6
68.75 69.00    ii   2   2   1   3
69.00 70.00     I   0   1   1   1
70.00 71.00    ii   2   2   1   3
71.00 72.00     V   7   5   1   8
72.00 74.00     I   0   1   1   1
74.00 75.00    ii   2   2   1   3
75.00 76.00  bVII  10   7   1  11
76.00 77.00     v   7   5   1   8
77.00 78.00  bVII  10   7   1  11
78.00 79.00     v   7   5   1   8
79.00 79.50     I   0   1   1   1
79.50 80.00    IV   5   4   1   6
80.00 80.50     V   7   5   1   8
80.50 80.75    IV   5   4   1   6
80.75 81.00    ii   2   2   1   3
81.00 82.00     I   0   1   1   1
82.00 83.00    ii   2   2   1   3
83.00 84.00     V   7   5   1   8
84.00 86.00     I   0   1   1   1
86.00 87.00    ii   2   2   1   3
87.00 88.00  bVII  10   7   1  11
88.00 89.00     v   7   5   1   8
---

