2.833 65 7
2.917 67 9
3.000 70 0
3.333 67 9
3.458 65 7
3.500 67 9
3.583 70 0
4.250 62 4
4.292 65 7
4.375 65 7
4.417 67 9
4.500 62 4
4.917 62 4
5.083 62 4
5.167 60 2
5.250 60 2
5.458 58 0
5.500 60 2
5.542 62 4
5.583 62 4
5.667 62 4
5.750 62 4
5.833 60 2
5.917 58 0
6.333 60 2
6.417 58 0
6.500 55 9
6.583 53 7
6.833 62 4
6.917 65 7
6.958 67 9
7.000 62 4
7.333 60 2
7.417 58 0
7.875 58 0
7.917 67 9
8.000 60 2
8.125 62 4
8.167 60 2
8.208 58 0
8.292 58 0
8.333 60 2
8.375 62 4
8.542 60 2
8.625 62 4
8.708 60 2
9.042 50 4
9.083 60 2
9.208 60 2
9.292 58 0
9.375 55 9
9.875 62 4
10.000 60 2
10.042 58 0
10.083 58 0
10.917 65 7
10.958 67 9
11.000 70 0
11.417 67 9
11.500 67 9
11.542 70 0
11.875 62 4
11.917 65 7
12.000 62 4
12.083 67 9
12.333 65 7
12.417 62 4
12.667 60 2
12.792 62 4
12.833 60 2
12.917 58 0
13.375 55 9
13.417 60 2
13.458 60 2
13.500 60 2
13.542 58 0
13.583 60 2
13.625 62 4
13.833 60 2
13.917 58 0
14.333 55 9
14.375 60 2
14.458 58 0
14.500 55 9
14.583 53 7
14.833 62 4
14.917 65 7
14.958 67 9
15.000 62 4
15.417 60 2
15.500 58 0
15.875 58 0
15.917 67 9
16.000 60 2
16.125 62 4
16.167 60 2
16.208 58 0
16.375 58 0
16.417 60 2
16.458 62 4
16.625 60 2
16.667 62 4
16.708 60 2
17.042 50 4
17.083 60 2
17.208 60 2
17.292 58 0
17.375 55 9
17.833 62 4
18.000 60 2
18.042 58 0
18.083 58 0
18.917 67 9
19.000 70 0
19.417 67 9
19.458 65 7
19.500 67 9
19.583 70 0
19.917 62 4
19.958 65 7
20.000 67 9
20.250 65 7
20.417 67 9
20.500 62 4
20.750 60 2
20.917 58 0
21.417 60 2
21.500 60 2
21.542 58 0
21.583 60 2
21.667 60 2
21.708 62 4
21.750 62 4
21.833 62 4
21.917 60 2
22.000 58 0
22.417 60 2
22.458 58 0
22.500 55 9
22.583 53 7
22.833 62 4
22.917 65 7
22.958 67 9
23.000 62 4
23.417 60 2
23.500 58 0
23.875 58 0
23.917 67 9
24.000 60 2
24.125 62 4
24.167 60 2
24.208 58 0
24.375 58 0
24.417 60 2
24.458 62 4
24.667 60 2
24.708 62 4
24.750 60 2
25.042 50 4
25.083 60 2
25.208 60 2
25.292 58 0
25.375 55 9
25.833 62 4
26.000 60 2
26.042 58 0
26.083 58 0
27.375 62 4
27.417 62 4
27.500 62 4
27.625 60 2
27.667 62 4
27.750 60 2
27.792 58 0
27.875 55 9
27.917 60 2
28.000 58 0
28.083 55 9
28.250 58 0
28.292 55 9
29.333 55 9
29.375 60 2
29.458 60 2
29.542 62 4
29.583 60 2
29.625 58 0
29.833 60 2
29.917 60 2
30.000 62 4
30.500 60 2
30.583 58 0
31.417 55 9
31.458 58 0
31.500 60 2
31.583 62 4
31.667 62 4
31.750 60 2
31.833 60 2
32.417 60 2
32.500 60 2
32.583 58 0
32.667 55 9
33.333 60 2
33.417 62 4
33.500 67 9
33.583 62 4
33.667 60 2
33.750 58 0
33.833 60 2
33.875 62 4
33.958 60 2
34.000 58 0
34.250 70 0
34.875 65 7
34.958 67 9
35.042 70 0
35.417 67 9
35.458 65 7
35.500 67 9
35.833 65 7
35.917 62 4
36.000 67 9
36.333 65 7
36.417 62 4
36.667 60 2
36.792 62 4
36.833 60 2
36.917 58 0
37.375 48 2
37.417 60 2
37.500 60 2
37.542 60 2
37.625 58 0
37.667 62 4
37.750 62 4
37.833 60 2
37.917 58 0
38.042 55 9
38.333 60 2
38.417 58 0
38.500 55 9
38.583 53 7
38.833 62 4
38.917 65 7
38.958 67 9
39.000 62 4
39.417 60 2
39.500 58 0
39.875 58 0
39.917 67 9
40.000 60 2
40.125 62 4
40.167 60 2
40.208 58 0
40.375 58 0
40.417 60 2
40.458 62 4
40.625 60 2
40.667 62 4
40.750 60 2
41.042 50 4
41.083 60 2
41.208 60 2
41.292 58 0
41.375 55 9
41.833 62 4
42.000 60 2
42.042 58 0
42.083 60 2
42.208 58 0
