9.125 60 0
9.250 59 11
9.375 60 0
9.500 58 10
9.625 60 0
9.750 58 10
9.875 60 0
10.000 63 3
10.125 58 10
10.250 60 0
11.125 58 10
11.250 60 0
11.375 63 3
11.500 60 0
11.625 58 10
11.750 60 0
11.875 60 0
13.125 60 0
13.250 59 11
13.375 60 0
13.500 58 10
13.625 63 3
13.750 60 0
15.125 58 10
15.250 58 10
15.500 63 3
15.625 60 0
15.750 60 0
15.875 60 0
17.125 66 6
17.250 65 5
17.375 65 5
17.500 63 3
18.000 67 7
18.125 60 0
18.250 63 3
19.125 58 10
19.250 60 0
19.500 63 3
19.625 60 0
19.750 60 0
21.125 66 6
21.250 65 5
21.375 63 3
21.500 65 5
21.625 63 3
21.875 67 7
22.125 60 0
22.250 63 3
23.125 58 10
23.250 60 0
23.375 60 0
23.500 64 4
23.625 60 0
23.750 60 0
23.875 60 0
24.375 63 3
33.125 67 7
33.250 65 5
33.375 63 3
33.500 65 5
33.625 65 5
33.750 63 3
33.875 67 7
34.000 60 0
35.125 58 10
35.250 60 0
35.375 60 0
35.500 63 3
35.625 60 0
35.750 60 0
37.125 59 11
37.250 59 11
37.375 60 0
37.500 58 10
37.625 60 0
37.750 60 0
37.875 63 3
38.000 65 5
39.125 66 6
39.250 65 5
39.312 63 3
39.375 65 5
39.625 60 0
39.750 60 0
39.812 60 0
39.875 63 3
41.125 66 6
41.250 65 5
41.375 63 3
41.500 65 5
41.625 60 0
41.875 63 3
42.125 60 0
42.250 65 5
43.125 58 10
43.250 60 0
43.375 60 0
43.500 63 3
43.625 60 0
43.875 60 0
45.125 60 0
45.250 58 10
45.375 60 0
45.500 58 10
45.625 60 0
45.750 58 10
45.875 63 3
46.125 55 7
46.250 55 7
47.125 58 10
47.250 60 0
47.375 60 0
47.500 65 5
47.625 65 5
47.875 67 7
48.500 69 9
81.000 70 10
81.250 67 7
81.500 65 5
81.625 63 3
81.750 65 5
81.875 65 5
82.125 60 0
82.250 63 3
83.125 57 9
83.250 60 0
83.500 63 3
83.625 60 0
83.875 60 0
85.125 60 0
85.250 58 10
85.375 60 0
85.500 58 10
85.625 60 0
85.875 62 2
86.125 60 0
86.250 53 5
87.125 63 3
87.250 63 3
87.500 65 5
87.625 60 0
87.875 63 3
89.000 67 7
89.250 67 7
89.500 65 5
89.625 63 3
89.750 65 5
90.000 65 5
90.125 60 0
90.250 63 3
91.125 58 10
91.250 63 3
91.375 63 3
91.625 63 3
91.750 59 11
91.875 63 3
93.125 63 3
93.250 62 2
93.375 63 3
93.500 63 3
93.625 63 3
93.750 65 5
93.875 60 0
94.750 60 0
94.875 60 0
95.000 69 9
95.375 67 7
95.500 65 5
95.625 63 3
95.750 67 7
96.500 68 8
112.000 70 10
112.250 67 7
112.438 63 3
112.625 65 5
112.750 65 5
112.938 60 0
