0.500 64 0
1.000 64 0
1.250 64 0
1.417 59 7
1.500 62 10
1.750 64 0
2.000 64 0
2.250 64 0
2.500 62 10
2.750 64 0
3.167 64 0
3.250 64 0
3.417 59 7
3.500 62 10
3.750 64 0
3.917 64 0
4.000 64 0
4.250 64 0
4.500 62 10
4.750 64 0
5.167 67 3
5.250 67 3
5.417 67 3
5.500 64 0
5.750 66 2
6.000 67 3
6.250 67 3
6.500 64 0
6.750 66 2
7.167 64 0
7.250 64 0
7.417 59 7
7.500 62 10
7.750 64 0
7.917 64 0
8.000 64 0
8.250 64 0
8.500 62 10
8.750 64 0
9.167 59 7
9.250 59 7
9.417 54 2
9.500 57 5
9.750 59 7
9.917 57 5
10.167 57 5
10.417 55 3
10.667 52 0
10.750 52 0
10.917 52 0
11.000 52 0
11.167 52 0
11.250 52 0
11.417 52 0
11.500 52 0
11.667 52 0
11.750 52 0
11.917 52 0
12.000 52 0
12.667 64 0
13.000 64 0
13.250 64 0
13.500 62 10
13.750 59 7
13.917 59 7
14.000 64 0
14.250 64 0
14.500 62 10
15.167 59 7
15.250 64 0
15.417 59 7
15.500 62 10
15.667 64 0
15.750 62 10
15.917 59 7
16.000 64 0
16.250 64 0
16.500 62 10
17.167 59 7
17.250 64 0
17.417 59 7
17.500 62 10
17.667 64 0
17.750 62 10
17.917 59 7
18.000 64 0
18.250 64 0
18.500 62 10
19.250 64 0
19.417 64 0
19.500 64 0
19.667 64 0
19.750 64 0
20.000 67 3
20.250 67 3
20.500 67 3
20.750 66 2
20.917 64 0
21.167 64 0
21.250 64 0
21.417 61 9
21.500 64 0
21.750 66 2
22.000 67 3
22.250 66 2
22.500 64 0
22.750 66 2
23.167 64 0
23.250 64 0
23.417 59 7
23.500 62 10
23.750 64 0
23.917 64 0
24.000 64 0
24.250 64 0
24.500 62 10
24.750 64 0
25.167 59 7
25.250 59 7
25.417 54 2
25.500 57 5
25.750 59 7
25.917 57 5
26.167 57 5
26.417 55 3
26.667 52 0
26.750 52 0
26.917 52 0
27.000 52 0
27.167 52 0
27.250 52 0
27.417 52 0
27.500 52 0
27.667 47 7
27.750 52 0
27.917 52 0
28.000 52 0
40.167 64 0
40.917 59 7
41.000 64 0
41.250 64 0
41.500 62 10
41.750 59 7
41.917 59 7
42.000 64 0
42.250 64 0
42.500 62 10
43.167 59 7
43.250 64 0
43.417 59 7
43.500 62 10
43.667 64 0
43.750 62 10
43.917 59 7
44.000 64 0
44.250 64 0
44.500 62 10
45.167 59 7
45.250 64 0
45.417 59 7
45.500 62 10
45.667 64 0
45.750 62 10
45.917 59 7
46.000 64 0
46.250 64 0
46.500 62 10
47.250 64 0
47.417 64 0
47.500 64 0
47.667 64 0
47.750 64 0
48.000 67 3
48.250 67 3
48.500 67 3
48.750 66 2
48.917 64 0
49.167 64 0
49.250 64 0
49.417 61 9
49.500 64 0
49.750 66 2
50.000 67 3
50.250 66 2
50.500 64 0
50.750 66 2
51.167 64 0
51.250 64 0
51.417 59 7
51.500 62 10
51.750 64 0
51.917 64 0
52.000 64 0
52.250 64 0
52.500 62 10
52.750 64 0
53.167 59 7
53.250 59 7
53.417 54 2
53.500 57 5
53.750 59 7
53.917 57 5
54.167 57 5
54.417 55 3
54.667 52 0
54.750 52 0
54.917 52 0
55.000 52 0
55.167 52 0
55.250 52 0
55.417 52 0
55.500 52 0
55.667 52 0
55.750 52 0
55.917 52 0
56.000 52 0
68.167 64 0
68.917 64 0
69.250 64 0
69.417 59 7
69.500 62 10
69.750 64 0
70.000 64 0
70.250 64 0
70.500 62 10
70.750 64 0
71.167 64 0
71.250 64 0
71.417 59 7
71.500 62 10
71.750 64 0
71.917 64 0
72.000 64 0
72.250 64 0
72.500 62 10
72.750 64 0
73.167 67 3
73.250 67 3
73.417 67 3
73.500 64 0
73.750 66 2
74.000 67 3
74.250 67 3
74.500 64 0
74.750 66 2
75.167 64 0
75.250 64 0
75.417 59 7
75.500 62 10
75.750 64 0
75.917 64 0
76.000 64 0
76.250 64 0
76.500 62 10
76.750 64 0
77.167 59 7
77.250 59 7
77.417 54 2
77.500 57 5
77.750 59 7
77.917 57 5
78.167 57 5
78.417 55 3
78.667 52 0
78.750 52 0
78.917 52 0
79.000 52 0
79.167 52 0
79.250 52 0
79.417 52 0
79.500 52 0
79.667 52 0
79.750 52 0
79.917 52 0
80.000 52 0
