16.000 64 7
16.500 64 7
17.250 64 7
17.500 64 7
18.000 64 7
18.500 64 7
19.250 64 7
19.500 64 7
20.000 64 7
20.500 64 7
21.250 64 7
21.500 64 7
22.000 64 7
22.500 64 7
23.250 64 7
23.500 64 7
23.875 61 4
24.000 64 7
24.125 64 7
24.250 64 7
24.375 64 7
24.500 61 4
24.750 64 7
25.875 61 4
26.000 64 7
26.125 64 7
26.250 64 7
26.375 64 7
26.500 61 4
26.750 64 7
27.875 61 4
28.000 64 7
28.125 64 7
28.250 64 7
28.375 61 4
28.500 61 4
28.750 57 0
29.500 64 7
29.750 64 7
30.000 61 4
31.875 61 4
32.000 64 7
32.125 64 7
32.250 64 7
32.375 64 7
32.500 61 4
32.750 64 7
33.875 61 4
34.000 64 7
34.125 64 7
34.250 64 7
34.500 61 4
34.750 64 7
35.875 61 4
36.000 64 7
36.250 64 7
36.375 61 4
36.500 61 4
36.750 57 0
37.500 64 7
37.750 64 7
38.000 61 4
40.000 62 5
40.500 62 5
41.250 62 5
41.500 62 5
41.875 61 4
42.000 64 7
42.125 64 7
42.250 64 7
42.375 62 5
42.500 61 4
42.750 57 0
44.000 62 5
44.250 62 5
44.500 62 5
45.000 62 5
45.125 62 5
45.375 62 5
45.875 59 2
46.000 59 2
46.250 59 2
46.500 59 2
46.750 59 2
47.000 62 5
47.125 62 5
47.250 62 5
47.375 64 7
47.875 61 4
48.000 64 7
48.125 64 7
48.250 64 7
48.375 61 4
48.500 61 4
48.750 64 7
49.875 61 4
50.000 64 7
50.125 64 7
50.250 64 7
50.375 61 4
50.500 61 4
50.750 64 7
51.875 61 4
52.000 64 7
52.125 64 7
52.250 64 7
52.375 62 5
52.500 61 4
52.750 57 0
53.375 59 2
53.500 64 7
53.750 64 7
54.000 61 4
55.875 61 4
56.000 64 7
56.125 64 7
56.250 64 7
56.375 61 4
56.500 61 4
56.750 64 7
57.875 61 4
58.000 64 7
58.125 64 7
58.250 64 7
58.500 61 4
58.750 64 7
59.875 61 4
60.000 64 7
60.250 64 7
60.375 61 4
60.500 61 4
60.750 57 0
61.500 64 7
61.750 64 7
62.000 61 4
64.000 62 5
64.500 62 5
65.250 62 5
65.500 62 5
66.000 64 7
66.125 64 7
66.250 64 7
66.375 62 5
66.500 61 4
66.750 57 0
68.000 62 5
68.250 62 5
68.500 62 5
69.000 62 5
69.125 62 5
69.375 62 5
69.875 59 2
70.000 59 2
70.250 59 2
70.500 59 2
70.750 59 2
71.000 62 5
71.125 62 5
71.250 62 5
71.375 64 7
71.875 61 4
72.000 64 7
72.125 64 7
72.250 64 7
72.375 61 4
72.500 61 4
72.750 64 7
73.875 61 4
74.000 64 7
74.125 64 7
74.250 64 7
74.375 61 4
74.500 61 4
74.750 64 7
75.875 61 4
76.000 64 7
76.125 64 7
76.250 64 7
76.375 62 5
76.500 61 4
76.750 57 0
77.500 64 7
77.750 64 7
78.000 61 4
79.875 61 4
80.000 64 7
80.125 64 7
80.250 64 7
80.375 61 4
80.500 61 4
80.750 64 7
81.875 61 4
82.000 64 7
82.125 64 7
82.250 64 7
82.500 61 4
82.750 64 7
83.875 61 4
84.000 64 7
84.250 64 7
84.375 61 4
84.500 61 4
84.750 57 0
85.500 64 7
85.750 64 7
86.000 61 4
88.000 64 7
88.500 64 7
89.250 64 7
89.500 64 7
90.000 64 7
90.500 64 7
91.250 64 7
91.500 64 7
92.000 64 7
92.500 64 7
93.250 64 7
93.500 64 7
94.000 64 7
94.500 64 7
95.250 64 7
95.500 64 7
