0.667 52 7
0.750 55 10
1.000 57 0
1.250 57 0
1.417 57 0
1.500 60 3
1.667 60 3
3.000 57 0
3.250 57 0
3.417 57 0
3.500 60 3
5.000 57 0
5.167 57 0
5.250 57 0
5.417 57 0
5.500 61 4
5.667 61 4
5.750 64 7
6.000 67 10
6.250 64 7
6.500 60 3
6.750 57 0
6.917 60 3
7.000 57 0
7.167 60 3
8.000 64 7
8.167 64 7
8.333 62 5
8.500 60 3
8.750 57 0
9.000 57 0
10.667 64 7
10.917 62 5
11.000 64 7
11.167 64 7
11.250 64 7
11.417 64 7
11.667 52 7
11.750 54 9
11.917 57 0
12.167 57 0
12.250 59 2
12.417 57 0
12.500 61 4
12.750 57 0
13.000 57 0
14.667 52 7
14.750 54 9
14.917 52 7
15.000 57 0
15.250 57 0
15.417 59 2
15.667 60 3
16.000 57 0
16.167 57 0
16.250 57 0
16.417 52 7
17.000 57 0
17.167 54 9
17.250 57 0
17.500 60 3
17.750 57 0
17.917 54 9
18.000 57 0
18.167 57 0
18.250 57 0
18.417 54 9
18.917 54 9
19.000 57 0
19.167 57 0
19.250 57 0
19.417 60 3
19.750 52 7
19.917 52 7
20.000 57 0
20.250 57 0
20.417 60 3
20.917 57 0
21.000 57 0
21.250 57 0
21.500 61 4
21.667 61 4
21.750 64 7
21.917 67 10
22.167 64 7
22.250 62 5
22.500 60 3
22.750 57 0
22.917 60 3
23.000 57 0
23.167 60 3
24.000 64 7
24.167 64 7
24.333 62 5
24.500 60 3
24.750 57 0
25.000 57 0
26.667 64 7
26.917 62 5
27.000 64 7
27.167 64 7
27.250 64 7
27.417 64 7
27.667 52 7
27.750 54 9
27.917 57 0
28.167 57 0
28.250 59 2
28.417 57 0
28.500 60 3
28.750 57 0
29.000 57 0
42.667 52 7
42.750 54 9
42.917 52 7
43.000 57 0
43.250 57 0
43.500 60 3
44.000 57 0
44.250 57 0
44.417 55 10
44.917 52 7
45.000 57 0
45.250 57 0
45.500 60 3
45.667 61 4
45.750 57 0
45.917 54 9
46.000 57 0
46.250 57 0
46.500 57 0
46.917 52 7
47.000 57 0
47.167 57 0
47.250 57 0
47.417 60 3
47.750 52 7
47.917 52 7
48.000 57 0
48.250 57 0
48.417 60 3
48.917 52 7
49.000 57 0
49.250 57 0
49.500 61 4
49.667 61 4
49.750 64 7
49.917 67 10
50.167 64 7
50.250 62 5
50.500 60 3
50.750 57 0
50.917 60 3
51.000 57 0
51.167 60 3
52.000 69 0
52.167 69 0
52.333 63 6
52.500 62 5
52.750 60 3
53.000 57 0
54.667 64 7
54.917 62 5
55.000 64 7
55.167 64 7
55.250 64 7
55.417 64 7
55.667 52 7
55.750 54 9
55.917 57 0
56.167 57 0
56.250 59 2
56.417 57 0
56.500 60 3
56.750 57 0
57.000 57 0
70.667 52 7
70.750 54 9
70.917 52 7
71.000 57 0
71.250 57 0
71.417 57 0
71.500 59 2
71.667 61 4
72.000 57 0
72.250 57 0
72.417 57 0
72.500 61 4
73.000 57 0
73.167 54 9
73.250 57 0
73.500 61 4
73.667 61 4
73.750 64 7
74.000 67 10
74.250 67 10
74.500 67 10
74.750 64 7
74.917 67 10
75.167 57 0
76.000 64 7
76.167 64 7
76.333 62 5
76.500 60 3
76.750 57 0
77.000 57 0
78.667 64 7
78.917 62 5
79.000 64 7
79.167 64 7
79.250 64 7
79.417 64 7
79.667 52 7
79.750 52 7
79.917 64 7
80.167 64 7
80.250 62 5
80.500 60 3
80.750 57 0
81.000 57 0
82.667 62 5
82.750 62 5
83.167 57 0
83.500 57 0
84.000 57 0
84.250 57 0
84.500 59 2
85.167 57 0
85.500 57 0
85.667 55 10
86.000 57 0
86.250 57 0
86.500 61 4
86.750 67 10
87.167 57 0
87.500 57 0
88.000 57 0
88.250 57 0
88.500 60 3
88.750 61 4
88.917 69 0
89.167 57 0
89.500 57 0
89.667 55 10
90.000 57 0
90.250 57 0
90.500 57 0
90.667 67 10
90.833 64 7
91.000 67 10
91.167 67 10
91.250 64 7
91.417 67 10
91.667 64 7
91.750 64 7
91.917 69 0
92.167 64 7
92.250 62 5
92.500 60 3
92.750 57 0
93.000 57 0
