7.625 56 4
7.875 57 5
8.000 57 5
8.250 56 4
8.500 54 2
8.625 52 0
8.875 57 5
9.125 56 4
9.375 56 4
9.500 54 2
9.750 52 0
9.875 52 0
10.000 52 0
10.125 52 0
10.250 52 0
10.375 52 0
10.500 52 0
10.625 52 0
10.750 52 0
10.875 52 0
11.625 57 5
11.875 57 5
12.125 56 4
12.375 54 2
12.625 52 0
12.875 57 5
13.125 56 4
13.250 56 4
13.375 54 2
13.625 52 0
13.750 52 0
14.000 61 9
14.125 61 9
14.375 61 9
14.625 59 7
14.875 59 7
16.000 63 11
16.250 64 0
16.375 64 0
16.625 64 0
16.750 64 0
17.000 63 11
17.250 64 0
17.500 64 0
17.750 64 0
18.000 63 11
18.250 64 0
18.375 64 0
18.500 64 0
18.625 64 0
18.750 64 0
19.000 64 0
19.125 64 0
19.250 64 0
19.500 61 9
19.625 61 9
19.750 61 9
19.875 61 9
20.000 59 7
21.250 67 3
21.375 66 2
21.875 66 2
22.000 64 0
22.125 64 0
22.375 64 0
22.625 64 0
22.875 64 0
23.000 63 11
23.250 64 0
23.375 64 0
23.500 64 0
23.750 64 0
23.875 64 0
24.000 66 2
24.250 61 9
24.625 61 9
24.750 61 9
24.875 64 0
25.000 64 0
25.125 63 11
25.375 61 9
25.625 61 9
25.750 61 9
25.875 61 9
26.000 61 9
26.125 59 7
26.375 59 7
26.625 59 7
26.875 61 9
27.625 64 0
27.875 64 0
28.250 64 0
28.500 64 0
29.000 66 2
29.125 66 2
29.250 66 2
29.375 66 2
29.500 66 2
29.625 64 0
29.875 63 11
30.000 64 0
33.375 61 9
33.625 59 7
33.875 57 5
34.000 59 7
34.125 56 4
37.625 56 4
37.875 56 4
38.000 57 5
38.250 56 4
38.375 54 2
38.625 52 0
38.750 52 0
38.875 52 0
39.000 57 5
39.125 56 4
39.375 54 2
39.625 52 0
39.750 52 0
39.875 52 0
40.000 52 0
40.250 52 0
40.375 52 0
40.750 49 9
41.000 55 3
41.125 54 2
41.750 56 4
42.000 57 5
42.250 56 4
42.375 54 2
42.625 52 0
42.875 52 0
43.000 57 5
43.125 56 4
43.375 54 2
43.625 52 0
44.000 61 9
44.250 61 9
44.375 64 0
44.625 64 0
44.875 64 0
45.000 66 2
45.250 66 2
45.875 64 0
46.000 63 11
46.125 64 0
46.375 64 0
46.625 64 0
46.875 63 11
47.125 64 0
47.375 64 0
47.625 64 0
47.750 63 11
48.125 64 0
48.250 64 0
48.375 64 0
48.875 61 9
49.000 61 9
49.125 59 7
49.375 59 7
49.500 59 7
49.625 59 7
49.875 59 7
50.125 59 7
50.250 56 4
51.250 67 3
51.375 66 2
51.875 66 2
52.000 66 2
52.250 64 0
52.375 64 0
52.625 64 0
52.750 64 0
52.875 61 9
53.000 66 2
53.625 61 9
53.875 68 4
54.000 66 2
54.125 66 2
54.250 66 2
54.375 66 2
54.625 66 2
54.875 64 0
55.000 64 0
55.250 61 9
55.375 61 9
55.625 59 7
55.750 59 7
55.875 59 7
56.000 59 7
56.125 59 7
56.250 59 7
56.375 59 7
56.625 59 7
56.750 61 9
57.625 64 0
57.750 64 0
57.875 64 0
58.000 64 0
58.125 64 0
58.250 64 0
58.375 64 0
58.500 64 0
58.750 64 0
58.875 64 0
59.000 66 2
59.125 66 2
59.250 66 2
59.375 66 2
59.500 66 2
59.625 64 0
59.750 63 11
60.000 64 0
63.250 59 7
63.625 59 7
63.750 57 5
63.875 59 7
64.125 56 4
79.875 54 2
80.000 57 7
80.250 57 7
80.375 57 7
80.625 57 7
80.875 57 7
81.000 57 7
81.125 57 7
81.250 57 7
81.500 57 7
81.875 60 10
82.125 59 9
82.375 59 9
82.500 59 9
82.750 59 9
82.875 59 9
83.000 57 7
83.125 55 5
83.750 61 11
84.000 61 11
84.250 61 11
84.375 59 9
84.625 61 11
84.875 60 10
85.125 60 10
85.375 60 10
85.500 59 9
85.625 59 9
85.750 57 7
85.875 60 10
86.250 57 7
86.375 57 7
86.500 57 7
86.750 55 5
87.000 52 2
87.125 48 10
87.750 55 5
87.875 55 5
88.000 57 7
88.250 57 7
88.375 57 7
88.625 57 7
88.875 57 7
89.000 57 7
89.250 57 7
89.500 57 7
89.750 60 10
89.875 60 10
90.000 60 10
90.125 59 9
90.250 59 9
90.375 59 9
90.500 59 9
90.750 59 9
90.875 59 9
91.000 59 9
91.125 57 7
91.250 55 5
91.625 61 11
91.750 61 11
91.875 61 11
92.000 61 11
92.250 61 11
92.375 61 11
92.500 61 11
92.625 61 11
92.750 61 11
92.875 61 11
93.000 61 11
93.250 61 11
93.375 61 11
93.625 61 11
93.875 61 11
94.000 61 11
94.125 62 0
94.375 62 0
94.625 62 0
94.875 62 0
112.875 59 7
113.000 68 4
113.250 66 2
113.500 66 2
113.750 66 2
113.875 66 2
114.125 64 0
114.375 64 0
114.500 64 0
114.750 64 0
114.875 64 0
115.000 64 0
115.250 64 0
115.500 64 0
115.625 61 9
115.875 66 2
116.625 68 4
116.750 68 4
116.875 68 4
117.000 68 4
117.125 66 2
117.250 66 2
117.500 66 2
117.750 66 2
117.875 66 2
118.125 64 0
118.250 64 0
118.500 64 0
118.750 59 7
119.000 59 7
119.250 59 7
119.500 59 7
119.750 56 4
119.875 56 4
120.000 54 2
120.875 61 9
121.000 63 11
121.125 64 0
121.375 64 0
121.625 64 0
121.750 64 0
121.875 64 0
122.000 63 11
122.125 64 0
122.250 64 0
122.375 64 0
122.625 64 0
122.750 64 0
123.000 63 11
123.125 64 0
123.250 64 0
123.375 64 0
123.750 61 9
124.000 61 9
124.250 61 9
124.500 61 9
124.750 61 9
125.000 61 9
125.250 59 7
126.250 67 3
126.375 66 2
126.875 66 2
127.125 64 0
127.375 64 0
127.625 64 0
127.875 63 11
128.000 64 0
128.250 64 0
128.625 64 0
128.750 64 0
128.875 64 0
129.000 64 0
129.125 64 0
129.250 64 0
129.500 64 0
129.750 61 9
129.875 61 9
130.000 61 9
130.250 61 9
130.500 61 9
130.625 61 9
131.000 61 9
131.125 59 7
131.375 59 7
131.500 59 7
131.625 61 9
131.875 61 9
132.000 61 9
132.500 66 2
132.625 66 2
132.750 66 2
133.000 66 2
133.250 66 2
133.500 66 2
134.000 66 2
134.125 66 2
134.250 66 2
134.375 66 2
134.500 66 2
134.625 64 0
134.875 63 11
135.000 64 0
136.500 61 9
136.625 64 0
136.750 61 9
137.000 66 2
137.250 66 2
137.500 66 2
138.000 66 2
138.125 66 2
138.250 66 2
138.375 66 2
138.500 66 2
138.625 64 0
138.875 63 11
139.000 64 0
140.250 64 0
140.375 64 0
140.625 64 0
140.750 64 0
141.000 66 2
141.250 66 2
141.500 66 2
142.000 66 2
142.125 66 2
142.250 66 2
142.375 66 2
142.500 64 0
142.875 63 11
143.000 64 0
144.875 61 9
145.250 59 7
145.375 56 4
145.500 59 7
146.875 61 9
147.250 59 7
147.375 56 4
147.500 59 7
148.250 59 7
148.375 64 0
148.625 68 4
148.875 66 2
149.250 64 0
149.375 61 9
149.500 64 0
150.000 68 4
150.250 66 2
150.500 64 0
150.750 61 9
150.875 61 9
151.250 59 7
152.875 61 9
153.250 59 7
153.375 56 4
153.500 59 7
154.875 66 2
155.250 64 0
155.375 61 9
155.500 64 0
156.875 66 2
157.250 64 0
157.375 61 9
157.500 64 0
158.000 68 4
158.250 66 2
158.500 64 0
158.750 61 9
158.875 61 9
159.250 59 7
