8.500 62 7
8.625 60 5
8.750 59 4
8.875 60 5
9.000 62 7
10.375 59 4
10.625 57 2
10.750 55 0
10.875 57 2
11.125 59 4
12.375 62 7
12.625 62 7
12.750 62 7
12.875 62 7
13.000 60 5
13.062 62 7
14.500 59 4
14.625 59 4
14.750 55 0
14.875 57 2
15.125 59 4
16.500 59 4
16.625 62 7
16.750 62 7
16.875 62 7
17.000 62 7
17.125 60 5
17.375 62 7
17.625 60 5
17.750 62 7
18.500 59 4
18.625 59 4
18.750 57 2
18.875 55 0
19.000 57 2
19.125 57 2
20.250 62 7
20.375 62 7
20.500 62 7
20.750 62 7
20.875 62 7
21.125 60 5
21.375 62 7
21.625 60 5
22.500 59 4
22.875 50 7
23.000 57 2
23.250 57 2
23.375 59 4
23.625 59 4
23.750 57 2
23.875 57 2
23.938 55 0
25.250 50 7
25.375 59 4
25.562 59 4
25.875 57 2
25.938 55 0
28.250 67 0
28.625 64 9
28.875 62 7
29.375 59 4
29.625 59 4
29.875 57 2
29.938 55 0
32.500 55 0
32.625 62 7
32.688 60 5
32.750 59 4
32.875 60 5
33.000 62 7
34.250 50 7
34.375 59 4
34.625 57 2
34.750 55 0
34.875 57 2
35.125 59 4
36.250 62 7
36.375 62 7
36.500 62 7
36.750 62 7
36.875 62 7
37.125 60 5
37.250 62 7
37.438 60 5
37.500 60 5
38.250 59 4
38.500 59 4
38.750 55 0
38.875 57 2
39.125 57 2
39.250 59 4
40.625 59 4
40.750 62 7
40.812 62 7
40.938 62 7
41.000 62 7
41.125 60 5
41.375 62 7
41.625 60 5
42.375 59 4
42.500 59 4
42.625 59 4
42.875 55 0
43.000 57 2
43.125 57 2
43.375 59 4
44.375 62 7
44.500 62 7
44.625 62 7
44.750 62 7
44.875 62 7
45.125 60 5
46.250 59 4
46.375 59 4
46.500 59 4
46.875 50 7
47.000 57 2
47.125 57 2
47.375 59 4
47.625 59 4
47.750 57 2
47.812 55 0
49.250 50 7
49.375 59 4
49.562 59 4
49.875 57 2
49.938 55 0
52.250 67 0
52.625 64 9
52.875 62 7
53.375 59 4
53.625 59 4
53.875 57 2
53.938 55 0
55.250 57 2
55.500 57 2
55.750 59 4
55.875 60 5
56.000 59 4
56.125 62 7
57.500 60 5
57.625 59 4
57.750 57 2
57.875 55 0
58.250 62 7
58.375 62 7
58.625 62 7
58.875 64 9
59.125 60 5
59.375 62 7
59.625 60 5
59.875 60 5
60.125 59 4
60.375 57 2
60.500 59 4
60.750 55 0
60.875 57 2
62.250 62 7
62.375 62 7
62.625 62 7
62.875 64 9
63.125 60 5
63.375 62 7
63.625 60 5
63.875 60 5
64.125 59 4
64.375 57 2
64.500 59 4
64.750 55 0
64.875 57 2
65.500 59 4
65.625 59 4
65.875 57 2
65.938 55 0
74.375 65 10
74.500 64 9
74.750 62 7
74.875 64 9
75.125 64 9
75.250 64 9
76.375 64 9
76.625 62 7
76.750 62 7
76.875 62 7
77.000 62 7
77.125 62 7
77.375 62 7
78.500 59 4
78.625 62 7
78.750 62 7
78.875 62 7
79.000 60 5
79.125 62 7
79.250 62 7
79.375 64 9
80.375 59 4
80.875 55 0
81.000 57 2
81.125 57 2
81.375 59 4
82.375 59 4
82.500 62 7
82.625 62 7
82.750 62 7
82.875 62 7
83.125 60 5
83.375 62 7
84.375 59 4
84.625 59 4
84.750 55 0
84.875 57 2
85.000 57 2
85.125 57 2
85.375 59 4
85.500 57 2
85.625 57 2
85.750 55 0
86.375 62 7
86.500 62 7
86.625 62 7
86.750 62 7
86.875 62 7
87.000 62 7
87.125 60 5
87.250 62 7
88.250 59 4
88.375 59 4
88.875 55 0
89.000 57 2
89.250 57 2
89.375 59 4
89.625 59 4
89.875 57 2
89.938 55 0
91.250 54 11
91.375 59 4
91.562 59 4
91.875 59 4
94.250 67 0
94.625 64 9
94.875 62 7
95.375 59 4
95.625 59 4
95.875 57 2
95.938 55 0
97.250 57 2
97.500 57 2
97.750 59 4
97.875 60 5
98.000 59 4
98.125 62 7
99.500 60 5
99.625 59 4
99.750 57 2
99.875 55 0
100.250 62 7
100.375 62 7
100.625 62 7
100.875 64 9
101.125 60 5
101.375 62 7
101.625 60 5
101.875 60 5
102.125 59 4
102.375 57 2
102.500 59 4
102.750 55 0
102.875 57 2
104.250 62 7
104.375 62 7
104.625 62 7
104.875 64 9
105.125 60 5
105.375 62 7
105.625 60 5
105.875 60 5
106.125 59 4
106.375 57 2
106.500 59 4
106.750 55 0
106.875 57 2
108.250 62 7
108.375 62 7
108.625 62 7
108.875 64 9
109.125 60 5
109.375 62 7
109.625 60 5
109.875 60 5
110.125 59 4
110.375 57 2
110.500 59 4
110.750 55 0
110.875 57 2
