0.000 67 0
0.188 62 7
0.250 61 6
0.375 62 7
0.500 65 10
0.625 62 7
4.750 55 0
4.875 58 3
5.000 62 7
5.125 62 7
5.625 55 0
5.750 55 0
5.875 55 0
5.938 53 10
6.125 55 0
6.750 60 5
6.875 60 5
7.000 58 3
7.125 57 2
7.250 55 0
7.625 53 10
7.750 55 0
7.875 55 0
7.938 57 2
8.125 53 10
8.250 50 7
8.750 55 0
8.875 58 3
9.000 62 7
9.125 62 7
9.625 53 10
9.750 55 0
10.000 55 0
10.750 55 0
10.875 58 3
11.000 62 7
11.125 62 7
11.625 53 10
11.750 55 0
11.812 55 0
12.000 55 0
12.750 55 0
12.875 58 3
13.000 62 7
13.125 62 7
13.750 55 0
13.812 55 0
13.875 55 0
14.000 53 10
14.125 55 0
14.625 55 0
14.750 60 5
14.875 60 5
15.000 58 3
15.125 57 2
15.625 55 0
15.750 60 5
15.875 60 5
16.000 58 3
16.125 57 2
32.750 55 0
32.875 58 3
33.000 62 7
33.125 62 7
33.625 55 0
33.750 55 0
33.875 55 0
33.938 53 10
34.125 55 0
34.750 60 5
34.875 60 5
35.000 58 3
35.125 57 2
35.250 55 0
35.625 53 10
35.750 55 0
35.875 55 0
35.938 57 2
36.125 53 10
36.250 50 7
36.750 55 0
36.875 58 3
37.000 62 7
37.125 62 7
37.625 53 10
37.750 55 0
38.000 55 0
38.750 55 0
38.875 58 3
39.000 62 7
39.125 62 7
39.625 53 10
39.750 55 0
39.812 55 0
40.000 55 0
40.750 55 0
40.875 58 3
41.000 62 7
41.125 62 7
41.750 55 0
41.812 55 0
41.875 55 0
42.000 53 10
42.125 55 0
42.625 55 0
42.750 60 5
42.875 60 5
43.000 58 3
43.125 57 2
43.625 55 0
43.750 60 5
43.875 60 5
44.000 58 3
44.125 57 2
45.000 55 0
45.250 55 0
45.375 55 0
45.500 55 0
45.625 55 0
46.000 55 0
46.250 55 0
46.375 55 0
47.000 55 0
47.250 55 0
47.375 55 0
47.500 55 0
47.625 55 0
48.000 55 0
48.125 55 0
48.250 70 3
48.375 65 10
49.000 55 0
49.250 55 0
49.375 55 0
49.500 55 0
49.625 55 0
50.000 55 0
50.250 55 0
50.375 55 0
51.000 55 0
51.250 55 0
51.375 55 0
51.500 55 0
51.625 55 0
52.000 55 0
52.125 55 0
52.250 60 5
52.375 60 5
68.750 55 0
68.875 58 3
69.000 62 7
69.125 62 7
69.625 55 0
69.750 55 0
69.875 55 0
69.938 53 10
70.125 55 0
70.750 60 5
70.875 60 5
71.000 58 3
71.125 57 2
71.250 55 0
71.625 53 10
71.750 55 0
71.875 55 0
71.938 57 2
72.125 53 10
72.250 50 7
72.750 55 0
72.875 58 3
73.000 62 7
73.125 62 7
73.625 53 10
73.750 55 0
74.000 55 0
74.750 55 0
74.875 58 3
75.000 62 7
75.125 62 7
75.625 53 10
75.750 55 0
75.812 55 0
76.000 55 0
76.750 55 0
76.875 58 3
77.000 62 7
77.125 62 7
77.750 55 0
77.812 55 0
77.875 55 0
78.000 53 10
78.125 55 0
78.625 55 0
78.750 60 5
78.875 60 5
79.000 58 3
79.125 57 2
79.625 55 0
79.750 60 5
79.875 60 5
80.000 58 3
80.125 57 2
81.000 55 0
81.250 55 0
81.375 55 0
81.500 55 0
81.625 55 0
82.000 55 0
82.250 55 0
82.375 55 0
83.000 55 0
83.250 55 0
83.375 55 0
83.500 55 0
83.625 55 0
84.000 55 0
84.125 55 0
84.250 70 3
84.375 65 10
85.000 55 0
85.250 55 0
85.375 55 0
85.500 55 0
85.625 55 0
86.000 55 0
86.250 55 0
86.375 55 0
87.000 55 0
87.250 55 0
87.375 55 0
87.500 55 0
87.625 55 0
88.000 55 0
88.125 55 0
88.250 60 5
88.375 60 5
