9.250 52 4
9.375 52 4
9.500 52 4
9.688 50 2
9.750 52 4
9.875 55 7
10.250 59 11
10.312 55 7
10.500 55 7
10.875 60 0
10.938 60 0
11.000 60 0
11.375 57 9
11.750 55 7
11.812 55 7
12.000 57 9
12.188 50 2
12.250 50 2
12.375 52 4
12.500 52 4
12.562 52 4
12.750 50 2
12.875 48 0
13.375 52 4
13.438 50 2
13.500 52 4
13.688 52 4
13.750 52 4
13.875 55 7
14.250 57 9
14.312 59 11
14.500 59 11
14.688 55 7
14.750 57 9
14.938 60 0
15.000 60 0
15.375 57 9
15.500 60 0
15.625 62 2
15.875 64 4
16.875 64 4
16.938 65 5
17.000 67 7
17.250 64 4
17.500 62 2
17.625 60 0
17.750 62 2
17.875 59 11
18.125 55 7
18.188 57 9
18.938 60 0
19.000 60 0
19.250 60 0
19.312 60 0
19.438 60 0
19.500 60 0
19.625 64 4
20.750 64 4
20.875 65 5
21.000 67 7
21.125 64 4
21.375 60 0
21.500 64 4
21.750 64 4
21.875 60 0
22.000 55 7
22.062 57 9
22.625 60 0
22.750 60 0
22.875 60 0
23.000 60 0
23.250 57 9
23.375 60 0
23.625 64 4
23.750 64 4
24.125 65 5
24.250 65 5
24.375 65 5
24.500 65 5
24.625 67 7
24.875 64 4
25.000 64 4
25.375 64 4
25.500 67 7
25.750 69 9
25.875 60 0
26.125 64 4
26.250 64 4
26.375 69 9
26.625 67 7
26.750 64 4
27.375 60 0
27.500 60 0
27.562 60 0
27.688 60 0
27.750 60 0
27.875 62 2
28.000 62 2
28.125 64 4
29.125 65 5
29.250 65 5
29.375 65 5
29.500 65 5
29.625 67 7
29.875 64 4
30.000 64 4
30.375 64 4
30.500 67 7
30.750 69 9
30.875 60 0
31.125 64 4
31.250 64 4
31.375 69 9
31.625 67 7
31.750 64 4
32.375 60 0
32.500 60 0
32.562 60 0
32.688 60 0
32.750 60 0
32.875 60 0
32.938 60 0
33.000 62 2
33.125 62 2
33.375 64 4
34.000 64 4
34.333 62 2
34.417 64 4
34.667 60 0
35.000 65 5
35.833 64 4
36.000 64 4
36.333 62 2
36.667 60 0
37.000 55 7
43.125 48 0
43.250 52 4
43.375 50 2
43.500 52 4
43.625 55 7
44.000 59 11
44.250 55 7
44.375 55 7
44.500 52 4
44.875 59 11
45.000 60 0
45.125 60 0
45.500 57 9
45.750 55 7
45.875 57 9
46.125 50 2
46.250 52 4
46.375 52 4
46.500 52 4
46.625 50 2
46.688 50 2
46.875 48 0
47.250 52 4
47.375 50 2
47.438 52 4
47.750 55 7
48.000 59 11
48.250 62 2
48.375 62 2
48.750 60 0
48.875 60 0
49.250 60 0
49.312 60 0
49.625 60 0
49.750 60 0
49.875 64 4
50.875 64 4
50.938 65 5
51.000 67 7
51.250 64 4
51.750 62 2
51.875 62 2
52.188 59 11
52.250 55 7
52.312 57 9
52.500 57 9
52.625 60 0
53.125 60 0
53.375 57 9
53.500 60 0
53.875 64 4
54.000 64 4
54.625 64 4
54.750 65 5
54.875 67 7
55.250 64 4
55.375 64 4
55.625 65 5
55.750 64 4
55.875 62 2
56.125 59 11
56.375 57 9
56.438 55 7
56.625 55 7
56.750 57 9
56.875 57 9
56.938 60 0
57.250 60 0
57.375 55 7
57.500 55 7
57.562 57 9
57.750 57 9
58.125 65 5
58.250 65 5
58.375 65 5
58.500 65 5
58.625 67 7
58.875 64 4
59.000 64 4
59.375 64 4
59.500 67 7
59.750 69 9
59.875 60 0
60.125 64 4
60.250 64 4
60.375 69 9
60.625 67 7
60.750 64 4
61.125 60 0
61.250 60 0
61.312 60 0
61.438 57 9
61.500 60 0
61.625 60 0
61.812 57 9
62.000 62 2
62.125 62 2
62.375 64 4
63.125 65 5
63.250 65 5
63.375 65 5
63.500 65 5
63.625 67 7
63.875 64 4
64.000 64 4
64.375 64 4
64.500 67 7
64.750 69 9
64.875 60 0
65.125 64 4
65.250 64 4
65.375 69 9
65.625 67 7
65.750 64 4
66.000 60 0
66.125 57 9
66.250 60 0
66.375 57 9
66.500 60 0
66.625 57 9
66.688 60 0
66.812 60 0
66.875 60 0
67.000 62 2
67.125 62 2
67.375 64 4
68.000 64 4
68.333 62 2
68.417 64 4
68.667 60 0
69.000 65 5
70.000 64 4
70.333 62 2
70.667 57 9
70.750 60 0
71.000 52 4
72.000 62 2
72.375 60 0
72.750 59 11
73.000 62 2
73.375 60 0
73.750 59 11
74.000 62 2
74.125 60 0
74.375 52 4
75.750 62 2
76.000 62 2
76.375 60 0
76.750 59 11
77.000 62 2
77.375 60 0
77.875 62 2
78.000 64 4
78.250 64 4
78.500 65 5
78.625 65 5
78.875 65 5
79.125 65 5
79.250 65 5
79.375 65 5
79.500 65 5
79.625 67 7
79.875 64 4
80.000 64 4
80.375 64 4
80.500 67 7
80.750 69 9
80.875 60 0
81.125 64 4
81.250 64 4
81.375 69 9
81.625 67 7
81.750 64 4
82.125 60 0
82.250 60 0
82.312 60 0
82.625 60 0
82.688 60 0
82.812 57 9
82.875 62 2
83.000 64 4
84.125 65 5
84.250 65 5
84.375 65 5
84.500 65 5
84.625 67 7
84.875 64 4
85.000 64 4
85.375 64 4
85.500 67 7
85.750 69 9
85.875 60 0
86.125 64 4
86.250 64 4
86.375 69 9
86.625 67 7
86.750 64 4
87.000 64 4
87.062 62 2
87.188 64 4
87.312 64 4
87.375 60 0
87.625 60 0
87.688 60 0
87.812 60 0
87.875 60 0
87.938 62 2
88.125 64 4
89.000 64 4
89.333 62 2
89.417 64 4
89.667 60 0
90.000 65 5
90.833 64 4
91.000 64 4
91.333 62 2
91.667 60 0
92.000 55 7
92.500 55 7
92.667 57 9
92.833 60 0
93.000 64 4
93.333 62 2
93.417 64 4
93.667 60 0
94.000 65 5
94.833 64 4
95.000 64 4
95.333 62 2
95.667 60 0
96.000 55 7
