4.125 60 2
4.167 62 4
4.292 53 7
4.875 54 8
5.083 55 9
5.250 59 1
5.375 62 4
5.500 67 9
5.583 65 7
5.625 67 9
5.667 65 7
6.125 62 4
6.208 63 5
6.375 65 7
6.500 67 9
7.750 65 7
7.833 67 9
7.917 65 7
8.000 67 9
8.167 57 11
9.000 53 7
9.167 57 11
9.333 60 2
9.500 70 0
9.667 67 9
9.750 69 11
9.917 67 9
10.125 67 9
10.167 65 7
10.250 67 9
10.333 65 7
12.167 60 2
12.208 62 4
12.333 62 4
12.375 53 7
12.917 54 8
13.000 55 9
13.167 59 1
13.417 62 4
13.500 65 7
13.625 67 9
13.875 65 7
13.917 67 9
13.958 65 7
14.000 62 4
14.167 63 5
14.292 67 9
15.667 65 7
15.792 67 9
15.833 65 7
15.917 67 9
15.958 65 7
16.083 67 9
16.250 57 11
16.917 53 7
17.000 53 7
17.167 57 11
17.375 60 2
17.500 63 5
17.917 62 4
18.000 60 2
18.083 60 2
18.167 58 0
19.917 69 11
20.000 70 0
20.167 67 9
21.000 57 11
21.083 58 0
21.375 63 5
21.500 67 9
21.625 70 0
21.750 70 0
21.833 69 11
22.000 67 9
22.125 70 0
22.250 65 7
24.000 70 0
24.125 67 9
25.000 58 0
25.083 60 2
25.417 64 6
25.500 67 9
25.625 69 11
25.708 70 0
25.917 69 11
26.000 67 9
26.125 69 11
26.833 67 9
26.917 69 11
26.958 67 9
27.000 69 11
27.042 67 9
27.500 65 7
28.167 60 2
28.208 62 4
28.292 53 7
28.917 54 8
29.000 55 9
29.083 59 1
29.417 62 4
29.542 65 7
29.625 67 9
29.708 67 9
29.750 65 7
30.083 62 4
30.167 63 5
30.333 65 7
30.417 67 9
31.750 65 7
31.875 67 9
32.000 70 0
32.208 67 9
32.417 63 5
32.500 69 11
32.583 65 7
32.917 62 4
33.125 65 7
33.208 67 9
33.375 63 5
33.458 60 2
33.542 65 7
33.625 62 4
33.958 60 2
34.042 62 4
34.167 63 5
34.333 54 8
34.458 55 9
34.625 62 4
34.667 57 11
34.917 60 2
35.000 62 4
35.083 58 0
36.083 61 2
36.125 63 4
36.250 54 7
36.917 55 8
37.000 56 9
37.125 60 1
37.375 63 4
37.500 66 7
37.583 68 9
37.667 68 9
37.750 66 7
38.083 63 4
38.167 64 5
38.250 66 7
38.375 68 9
39.750 67 8
39.833 68 9
40.000 71 0
40.167 68 9
40.375 64 5
40.500 70 11
40.583 66 7
40.917 63 4
41.125 66 7
41.250 68 9
41.375 64 5
41.458 61 2
41.542 66 7
41.625 63 4
41.958 62 3
42.042 63 4
42.167 64 5
42.250 55 8
42.375 56 9
42.500 63 4
42.583 58 11
42.750 61 2
42.792 63 4
42.875 61 2
42.917 58 11
42.958 59 0
