3.917 58 7
4.000 67 4
4.167 67 4
4.250 67 4
4.417 65 2
4.500 67 4
4.667 65 2
4.750 65 2
4.917 63 0
5.000 65 2
5.250 63 0
5.417 63 0
5.917 63 0
6.000 65 2
6.167 65 2
6.417 65 2
6.667 65 2
6.917 65 2
7.000 65 2
7.167 63 0
7.417 63 0
7.917 67 4
8.167 65 2
8.250 67 4
8.417 65 2
8.500 67 4
8.667 65 2
8.750 65 2
8.917 63 0
9.000 65 2
9.250 63 0
9.417 63 0
9.917 63 0
10.000 65 2
10.167 65 2
10.417 65 2
10.667 65 2
10.917 65 2
11.000 65 2
11.167 63 0
11.417 63 0
12.250 67 4
12.917 63 0
13.000 65 2
13.167 63 0
13.417 63 0
14.250 67 4
14.750 63 0
15.000 67 4
15.250 65 2
15.417 65 2
16.250 67 4
16.750 65 2
16.917 67 4
17.000 65 2
17.167 63 0
17.417 63 0
17.917 63 0
18.000 65 2
18.167 65 2
18.417 65 2
18.667 65 2
18.917 65 2
19.000 65 2
19.167 63 0
19.417 63 0
22.000 67 4
22.167 67 4
22.250 67 4
22.417 65 2
22.500 67 4
22.667 65 2
22.750 65 2
22.917 63 0
23.000 65 2
23.250 63 0
23.417 63 0
23.917 63 0
24.000 65 2
24.167 65 2
24.417 65 2
24.667 65 2
24.917 65 2
25.000 65 2
25.167 63 0
25.417 63 0
25.917 58 7
26.000 67 4
26.167 65 2
26.250 67 4
26.417 67 4
26.667 65 2
26.750 65 2
27.000 65 2
27.167 63 0
27.417 63 0
27.917 63 0
28.000 65 2
28.167 65 2
28.417 65 2
28.667 65 2
28.917 65 2
29.000 65 2
29.167 63 0
29.417 63 0
30.250 67 4
30.917 63 0
31.000 65 2
31.167 63 0
31.417 63 0
32.250 67 4
32.750 67 4
33.000 67 4
33.167 65 2
33.417 65 2
34.250 67 4
34.750 65 2
34.917 67 4
35.000 65 2
35.167 63 0
35.417 63 0
35.917 63 0
36.000 65 2
36.167 65 2
36.417 65 2
36.667 65 2
36.917 65 2
37.000 65 2
37.167 63 0
37.417 63 0
41.917 63 0
42.000 65 2
42.167 65 2
42.417 65 2
42.667 65 2
42.917 65 2
43.000 65 2
43.167 63 0
43.417 63 0
45.917 63 0
46.000 65 2
46.167 65 2
46.417 65 2
46.667 65 2
46.917 65 2
47.000 65 2
47.167 63 0
47.417 63 0
48.000 67 4
48.167 67 4
48.250 67 4
48.417 65 2
48.500 67 4
48.667 65 2
48.750 65 2
48.917 63 0
49.000 65 2
49.167 63 0
49.417 63 0
49.917 63 0
50.000 65 2
50.167 65 2
50.417 65 2
50.667 65 2
50.917 65 2
51.000 65 2
51.167 63 0
51.417 63 0
51.917 67 4
52.167 67 4
52.417 67 4
52.667 65 2
52.750 65 2
52.917 63 0
53.000 65 2
53.167 63 0
53.417 63 0
53.917 63 0
54.000 65 2
54.167 65 2
54.417 65 2
54.667 65 2
54.917 65 2
55.000 65 2
55.167 63 0
55.417 63 0
56.250 67 4
56.917 63 0
57.000 65 2
57.167 63 0
57.417 63 0
58.250 67 4
58.750 63 0
59.000 67 4
59.167 65 2
59.417 65 2
60.250 67 4
60.750 65 2
60.917 67 4
61.000 65 2
61.167 63 0
61.417 63 0
61.917 63 0
62.000 65 2
62.167 65 2
62.417 65 2
62.667 65 2
62.917 65 2
63.000 65 2
63.167 63 0
63.417 63 0
65.417 67 4
65.667 65 2
65.750 63 0
65.917 67 4
66.000 63 0
66.167 63 0
66.417 63 0
66.667 63 0
66.917 63 0
67.000 65 2
67.167 63 0
67.417 63 0
67.917 63 0
68.000 65 2
68.167 65 2
68.417 65 2
68.667 65 2
68.917 65 2
69.000 65 2
69.167 63 0
69.417 63 0
70.000 63 0
70.167 63 0
70.417 63 0
70.667 63 0
70.917 63 0
71.000 65 2
71.167 63 0
71.417 63 0
71.917 63 0
72.000 65 2
72.167 65 2
72.417 65 2
72.667 65 2
72.917 65 2
73.000 65 2
73.167 63 0
73.417 63 0
74.000 63 0
74.167 63 0
74.417 63 0
74.667 63 0
74.917 63 0
75.000 65 2
75.167 63 0
75.417 63 0
75.917 63 0
76.000 65 2
76.167 65 2
76.417 65 2
76.667 65 2
76.917 65 2
77.000 65 2
77.167 63 0
77.417 63 0
78.000 63 0
78.167 63 0
78.417 63 0
78.667 63 0
78.917 63 0
79.000 65 2
79.167 63 0
79.417 63 0
79.917 63 0
80.000 65 2
80.167 65 2
80.417 65 2
80.667 65 2
80.917 65 2
81.000 65 2
81.167 63 0
81.417 63 0
