3.875 68 4
4.250 66 2
4.375 66 2
4.500 64 0
4.750 62 10
4.875 64 0
5.250 62 10
5.375 68 4
5.750 64 0
5.875 62 10
6.000 64 0
6.125 62 10
6.250 64 0
6.375 62 10
6.500 64 0
6.625 64 0
6.875 68 4
8.000 68 4
8.125 66 2
8.375 66 2
8.500 64 0
8.750 64 0
8.875 62 10
9.000 64 0
9.250 64 0
9.375 68 4
9.875 62 10
10.000 64 0
10.250 64 0
10.375 66 2
10.500 64 0
10.625 64 0
10.875 68 4
11.250 68 4
11.375 68 4
11.500 66 2
11.625 66 2
11.750 64 0
11.875 68 4
12.375 66 2
12.500 64 0
13.750 68 4
13.875 66 2
14.000 68 4
14.125 66 2
14.250 64 0
14.375 64 0
14.500 62 10
15.375 68 4
15.500 68 4
15.625 66 2
15.750 64 0
15.938 68 4
16.000 68 4
16.875 69 5
17.250 69 5
17.375 67 3
17.438 66 2
17.500 64 0
17.750 61 9
17.875 66 2
18.125 66 2
18.625 69 5
18.750 67 3
18.875 66 2
19.000 64 0
19.125 66 2
19.625 62 10
19.812 64 0
20.000 69 5
20.250 69 5
20.375 68 4
20.438 66 2
20.500 64 0
20.750 64 0
20.875 66 2
21.625 68 4
21.812 68 4
22.000 68 4
22.125 66 2
22.250 66 2
22.375 66 2
22.500 64 0
22.625 64 0
22.875 64 0
23.000 62 10
23.125 66 2
23.375 66 2
23.500 64 0
23.625 64 0
24.000 64 0
24.250 64 0
24.375 62 10
24.500 64 0
24.625 68 4
24.875 68 4
25.375 68 4
26.125 68 4
26.250 68 4
26.375 66 2
26.500 68 4
26.625 66 2
26.750 63 11
26.875 68 4
27.000 68 4
27.125 68 4
27.625 68 4
27.750 68 4
28.000 68 4
28.125 66 2
28.250 66 2
28.500 66 2
28.625 64 0
28.875 66 2
29.000 64 0
29.062 61 9
29.375 61 9
29.500 68 4
29.625 68 4
30.000 68 4
30.125 66 2
30.250 66 2
30.375 66 2
30.500 64 0
31.000 69 5
31.250 68 4
31.375 66 2
31.500 64 0
32.000 69 5
32.250 69 5
32.375 67 3
32.438 66 2
32.500 64 0
32.750 59 7
32.875 69 5
33.250 69 5
33.375 67 3
33.625 66 2
33.812 64 0
34.000 66 2
34.250 64 0
35.125 62 10
35.250 64 0
35.375 62 10
35.500 64 0
35.625 64 0
35.875 68 4
37.625 68 4
37.750 68 4
37.875 68 4
38.000 68 4
38.250 66 2
38.375 66 2
38.500 64 0
38.625 64 0
38.875 64 0
39.000 62 10
39.250 66 2
39.375 66 2
39.500 64 0
39.625 64 0
39.875 62 10
40.000 64 0
40.250 64 0
40.375 62 10
40.500 64 0
40.625 64 0
40.875 68 4
41.625 68 4
41.812 68 4
42.000 68 4
42.125 66 2
42.250 66 2
42.375 66 2
42.500 64 0
42.625 64 0
42.875 64 0
43.000 62 10
43.125 66 2
43.375 66 2
43.500 64 0
43.625 64 0
44.000 64 0
44.250 64 0
44.375 62 10
44.500 64 0
44.625 64 0
44.875 68 4
45.250 68 4
45.375 66 2
45.500 68 4
45.625 66 2
45.750 64 0
45.875 68 4
47.250 68 4
47.375 66 2
47.500 68 4
47.625 66 2
47.750 64 0
47.875 66 2
48.125 64 0
48.250 66 2
49.125 69 5
49.250 66 2
49.375 68 4
49.500 66 2
49.625 66 2
49.750 64 0
49.875 68 4
50.000 68 4
50.875 69 5
51.250 69 5
51.375 67 3
51.438 66 2
51.500 64 0
51.750 61 9
51.875 66 2
52.125 66 2
52.625 69 5
52.750 68 4
52.875 66 2
53.000 64 0
53.125 66 2
53.625 61 9
53.812 64 0
54.000 69 5
54.250 69 5
54.375 67 3
54.438 66 2
54.500 64 0
54.750 64 0
54.875 66 2
55.625 68 4
55.812 68 4
56.000 68 4
56.125 66 2
56.250 66 2
56.375 66 2
56.500 64 0
56.625 64 0
56.875 64 0
57.000 62 10
57.125 66 2
57.375 66 2
57.500 64 0
57.625 64 0
58.000 64 0
58.250 64 0
58.500 64 0
58.625 68 4
58.875 68 4
59.375 68 4
60.125 68 4
60.250 68 4
60.375 67 3
60.500 68 4
60.625 68 4
60.875 68 4
61.000 68 4
61.125 73 9
61.625 73 9
61.750 72 8
61.875 73 9
62.000 68 4
62.250 68 4
62.500 66 2
62.625 64 0
62.875 66 2
62.938 64 0
63.000 61 9
63.375 64 0
63.500 68 4
63.625 68 4
64.000 68 4
64.125 66 2
64.250 66 2
64.375 66 2
64.500 64 0
65.000 69 5
65.250 68 4
65.375 66 2
65.500 64 0
66.000 73 9
66.250 68 4
66.375 71 7
66.500 68 4
66.750 64 0
66.875 71 7
67.250 68 4
67.375 73 9
67.500 68 4
67.750 68 4
67.875 68 4
68.000 66 2
68.125 66 2
68.250 64 0
69.125 62 10
69.250 64 0
69.375 62 10
69.500 64 0
69.625 64 0
69.875 68 4
71.250 68 4
71.375 68 4
71.500 66 2
71.625 66 2
71.750 64 0
71.875 68 4
72.500 68 4
72.625 66 2
72.750 66 2
72.875 66 2
73.000 64 0
73.125 64 0
73.250 64 0
73.375 62 10
73.500 64 0
73.625 64 0
73.875 68 4
75.125 68 4
75.250 68 4
75.375 66 2
75.500 68 4
75.625 66 2
75.750 64 0
75.875 68 4
76.500 68 4
76.625 66 2
76.875 66 2
77.000 64 0
77.125 64 0
77.250 64 0
77.375 62 10
77.500 64 0
77.625 64 0
77.875 68 4
79.125 59 7
79.250 68 4
79.375 66 2
79.500 68 4
79.625 66 2
79.750 64 0
79.875 68 4
