6.750 71 2
7.000 73 4
7.062 71 2
7.125 69 0
7.812 69 0
8.000 73 4
8.125 71 2
8.250 71 2
8.375 71 2
9.000 73 4
9.125 71 2
9.250 71 2
9.375 71 2
9.625 73 4
10.000 69 0
10.188 71 2
10.375 68 11
10.500 69 0
10.688 71 2
10.875 68 11
11.000 69 0
11.062 68 11
11.125 66 9
11.500 73 4
11.688 71 2
11.719 73 4
11.750 71 2
11.812 69 0
12.000 68 11
12.188 69 0
12.375 69 0
13.000 68 11
13.188 69 0
13.375 69 0
13.750 71 2
13.812 69 0
13.938 69 0
14.000 68 11
14.188 69 0
14.375 69 0
18.000 61 4
18.125 64 7
18.188 64 7
18.312 64 7
18.438 64 7
18.500 64 7
18.625 64 7
18.750 64 7
18.812 66 9
20.000 61 4
20.125 64 7
20.188 64 7
20.312 64 7
20.438 64 7
20.500 64 7
20.625 64 7
20.750 59 2
20.875 61 4
21.688 61 4
21.812 59 2
21.875 57 0
22.000 59 2
22.125 59 2
22.188 59 2
22.312 59 2
22.375 59 2
22.500 61 4
22.625 61 4
23.000 59 2
23.125 59 2
23.188 59 2
23.312 59 2
23.375 59 2
23.438 61 4
23.750 59 2
23.812 57 0
23.938 56 11
24.000 52 7
24.188 54 9
24.375 54 9
26.000 61 4
26.125 64 7
26.188 64 7
26.312 64 7
26.375 64 7
26.500 64 7
26.625 69 0
26.875 64 7
27.000 66 9
28.000 61 4
28.125 64 7
28.188 64 7
28.312 64 7
28.438 64 7
28.500 64 7
28.625 64 7
29.000 59 2
29.250 60 3
29.500 61 4
30.000 59 2
30.125 59 2
30.188 59 2
30.312 59 2
30.375 59 2
30.500 61 4
30.625 61 4
31.000 59 2
31.125 59 2
31.188 59 2
31.375 60 3
31.500 61 4
31.750 59 2
31.812 57 0
31.938 56 11
32.000 52 7
32.188 54 9
32.375 54 9
33.500 57 0
33.688 59 2
33.875 61 4
34.000 61 4
34.188 62 5
34.375 62 5
34.938 62 5
34.969 61 4
35.000 59 2
35.500 64 7
35.688 66 9
35.875 68 11
36.000 68 11
36.188 69 0
36.375 69 0
37.000 68 11
37.188 69 0
37.375 69 0
37.625 71 2
37.875 69 0
38.000 68 11
38.188 69 0
38.375 69 0
40.000 68 11
40.188 69 0
40.375 69 0
41.000 68 11
41.250 69 0
41.375 69 0
41.625 71 2
41.875 69 0
42.000 71 2
42.250 73 4
42.375 73 4
42.750 71 2
43.000 73 4
43.062 71 2
43.125 69 0
44.000 73 4
44.125 71 2
44.250 71 2
44.375 71 2
45.000 73 4
45.125 71 2
45.250 71 2
45.375 71 2
45.625 73 4
46.000 69 0
46.188 71 2
46.375 68 11
46.500 69 0
46.688 71 2
46.875 68 11
47.000 69 0
47.062 68 11
47.125 66 9
47.500 73 4
47.688 71 2
47.719 73 4
47.750 71 2
47.875 69 0
48.000 68 11
48.188 69 0
48.375 69 0
49.000 68 11
49.188 69 0
49.375 69 0
49.750 71 2
49.812 69 0
49.938 69 0
50.000 68 11
50.188 69 0
50.375 69 0
56.000 61 4
56.125 64 7
56.188 64 7
56.312 64 7
56.500 64 7
56.625 64 7
56.750 64 7
56.812 66 9
58.000 61 4
58.125 64 7
58.188 64 7
58.312 64 7
58.375 64 7
58.500 64 7
58.625 64 7
59.000 61 4
60.000 59 2
60.125 59 2
60.188 59 2
60.312 59 2
60.375 59 2
60.500 61 4
60.625 61 4
61.000 59 2
61.125 59 2
61.188 59 2
61.312 59 2
61.375 59 2
61.438 61 4
61.750 59 2
61.812 57 0
61.938 56 11
62.000 52 7
62.188 54 9
62.375 54 9
63.500 57 0
63.688 59 2
63.875 61 4
64.000 61 4
64.188 62 5
64.375 62 5
65.500 64 7
65.688 66 9
65.875 68 11
66.000 68 11
66.188 69 0
66.375 69 0
67.000 68 11
67.188 69 0
67.375 69 0
67.625 71 2
67.875 69 0
68.000 68 11
68.188 69 0
68.375 69 0
70.000 68 11
70.188 69 0
70.375 69 0
71.000 68 11
71.188 69 0
71.375 69 0
71.625 71 2
71.875 69 0
72.000 71 2
72.250 73 4
72.375 73 4
72.750 71 2
73.000 73 4
73.062 71 2
73.125 69 0
74.000 73 4
74.125 71 2
74.250 71 2
74.375 71 2
75.000 73 4
75.125 71 2
75.250 71 2
75.375 71 2
75.625 73 4
76.000 69 0
76.188 71 2
76.375 68 11
76.500 69 0
76.688 71 2
76.875 68 11
77.000 69 0
77.062 68 11
77.125 66 9
77.500 73 4
77.688 71 2
77.719 73 4
77.750 71 2
77.812 69 0
78.000 68 11
78.188 69 0
78.375 69 0
79.000 68 11
79.188 69 0
79.375 69 0
79.750 71 2
79.812 69 0
79.938 69 0
80.000 68 11
80.188 69 0
80.375 69 0
83.750 71 2
83.812 69 0
83.938 69 0
84.000 68 11
84.188 69 0
84.375 69 0
