9.375 64 0
9.625 66 2
9.875 64 0
10.000 59 7
10.125 59 7
10.250 61 9
10.375 61 9
10.500 63 11
10.625 63 11
10.750 64 0
10.875 64 0
11.125 61 9
11.250 69 5
11.625 69 5
11.875 68 4
12.125 68 4
12.188 69 5
12.250 68 4
12.375 66 2
13.375 64 0
13.625 66 2
13.875 64 0
14.000 59 7
14.250 61 9
14.375 61 9
14.500 63 11
14.750 64 0
14.875 64 0
15.000 61 9
15.125 69 5
15.375 69 5
15.875 68 4
16.125 68 4
16.188 69 5
16.250 68 4
16.375 66 2
17.250 61 9
17.500 71 7
17.750 69 5
18.000 68 4
18.250 66 2
18.375 66 2
19.250 63 9
19.500 73 7
19.750 71 5
20.000 70 4
20.250 68 2
20.375 68 2
20.625 68 2
20.750 70 4
21.125 68 2
21.250 66 0
22.375 70 4
22.625 68 2
22.750 66 0
22.875 65 11
23.125 66 0
24.125 65 11
24.250 66 0
24.375 68 2
24.625 65 11
24.750 63 9
24.875 65 11
25.125 63 9
25.188 65 11
25.250 63 9
25.500 61 7
26.375 70 4
26.625 68 2
26.750 66 0
26.875 65 11
27.125 66 0
30.375 64 0
30.625 66 2
30.875 64 0
31.000 59 7
31.125 59 7
31.250 61 9
31.375 61 9
31.500 63 11
31.625 63 11
31.750 64 0
31.875 64 0
32.125 61 9
32.375 69 5
32.625 69 5
32.875 68 4
33.000 68 4
33.125 66 2
33.375 66 2
34.375 64 0
34.625 66 2
34.875 64 0
35.000 59 7
35.250 61 9
35.500 63 11
35.625 63 11
35.750 64 0
35.875 64 0
36.125 61 9
36.375 69 5
36.625 69 5
36.875 68 4
37.000 68 4
37.250 66 2
37.375 66 2
38.250 61 9
38.500 71 7
38.750 69 5
39.000 68 4
39.250 66 2
39.375 66 2
40.250 63 9
40.500 73 7
40.750 71 5
41.000 70 4
41.250 68 2
41.375 68 2
41.625 66 0
41.750 70 4
42.125 68 2
42.250 66 0
43.375 70 4
43.625 68 2
43.750 66 0
43.875 65 11
44.125 66 0
45.125 65 11
45.250 66 0
45.375 68 2
45.625 65 11
45.750 63 9
45.875 65 11
46.125 63 9
46.188 65 11
46.250 63 9
46.500 61 7
47.375 70 4
47.625 68 2
47.750 66 0
47.875 65 11
48.125 66 0
59.375 64 0
59.625 66 2
59.875 64 0
60.000 59 7
60.125 59 7
60.250 61 9
60.375 61 9
60.500 63 11
60.625 63 11
60.750 64 0
60.875 64 0
61.125 61 9
61.375 69 5
61.500 69 5
61.875 68 4
62.125 68 4
62.250 66 2
62.375 66 2
63.375 64 0
63.625 66 2
63.875 64 0
64.000 59 7
64.125 59 7
64.250 61 9
64.375 61 9
64.500 63 11
64.625 63 11
64.750 64 0
64.875 64 0
65.125 61 9
65.375 69 5
65.625 69 5
65.875 68 4
66.125 68 4
66.250 66 2
66.375 66 2
67.250 61 9
67.500 71 7
67.750 69 5
68.000 68 4
68.250 66 2
68.375 66 2
69.250 63 9
69.500 73 7
69.750 71 5
70.000 70 4
70.250 68 2
70.375 68 2
70.625 66 0
70.750 70 4
71.125 68 2
71.250 66 0
72.375 70 4
72.625 68 2
72.750 66 0
72.875 65 11
73.125 66 0
74.125 65 11
74.250 66 0
74.375 68 2
74.625 65 11
74.750 63 9
74.875 65 11
75.125 63 9
75.188 65 11
75.250 63 9
75.500 61 7
76.375 70 4
76.625 68 2
76.750 66 0
76.875 65 11
77.125 66 0
78.125 65 11
78.250 66 0
78.375 68 2
78.625 65 11
78.750 63 9
78.875 65 11
79.125 63 9
79.188 65 11
79.250 63 9
79.500 61 7
80.375 70 4
80.625 68 2
80.750 66 0
80.875 68 2
81.125 63 9
82.375 65 11
82.625 66 0
82.750 68 2
