36.250 67 3
36.375 67 3
36.500 67 3
36.750 64 0
36.875 64 0
37.000 64 0
37.250 64 0
37.375 64 0
37.500 64 0
37.625 62 10
37.875 64 0
38.250 64 0
38.375 64 0
38.500 64 0
38.625 59 7
38.750 62 10
38.875 64 0
39.000 62 10
39.125 64 0
40.125 59 7
40.250 67 3
40.375 67 3
40.500 67 3
40.750 62 10
40.875 64 0
41.000 64 0
41.250 64 0
41.375 64 0
41.500 64 0
41.625 62 10
41.875 64 0
42.250 64 0
42.375 64 0
42.500 64 0
42.625 59 7
42.750 62 10
42.875 64 0
43.000 62 10
43.125 64 0
44.500 66 2
44.625 66 2
44.875 66 2
45.125 66 2
45.375 69 5
45.500 68 4
45.625 66 2
46.500 69 5
46.625 68 4
46.750 66 2
46.875 69 5
47.125 66 2
47.375 66 2
47.625 61 9
48.000 66 2
48.500 64 0
48.875 66 2
50.000 66 2
50.375 64 0
50.500 64 0
50.875 68 4
51.000 64 0
52.000 66 2
52.375 64 0
52.625 64 0
52.875 64 0
53.875 59 7
54.000 62 10
54.125 64 0
54.250 64 0
54.375 59 7
54.500 62 10
54.625 64 0
54.750 64 0
63.250 67 3
63.375 67 3
63.500 67 3
63.750 62 10
63.875 64 0
64.000 64 0
64.250 67 3
64.375 67 3
64.500 67 3
64.625 67 3
64.875 67 3
64.938 66 2
65.000 64 0
65.250 64 0
65.375 64 0
65.500 64 0
65.625 59 7
65.750 62 10
65.875 64 0
66.000 62 10
66.125 64 0
67.250 67 3
67.375 67 3
67.500 67 3
67.750 67 3
67.875 67 3
68.000 67 3
68.250 67 3
68.375 67 3
68.500 67 3
68.625 64 0
68.875 64 0
69.250 67 3
69.375 67 3
69.500 67 3
69.625 67 3
69.750 67 3
69.812 66 2
69.875 64 0
70.625 67 3
71.500 66 2
71.625 66 2
71.875 66 2
72.125 66 2
72.375 69 5
72.500 68 4
72.625 66 2
73.500 69 5
73.625 68 4
73.750 66 2
73.875 69 5
74.125 66 2
74.375 66 2
74.625 61 9
75.000 66 2
75.500 64 0
75.875 66 2
77.000 66 2
77.375 64 0
77.500 64 0
77.875 68 4
78.000 68 4
78.125 64 0
79.000 66 2
79.375 64 0
79.625 64 0
79.875 64 0
80.875 59 7
81.000 64 0
81.125 64 0
81.250 64 0
81.375 59 7
81.500 62 10
81.625 64 0
81.750 64 0
114.000 54 2
114.250 54 2
114.375 54 2
114.500 54 2
114.625 54 2
114.875 52 0
115.125 54 2
115.250 54 2
115.375 54 2
116.125 54 2
116.250 54 2
116.375 54 2
116.500 54 2
116.625 54 2
116.875 52 0
117.000 54 2
117.125 54 2
118.125 66 2
118.250 66 2
118.375 66 2
118.500 66 2
118.750 66 2
118.875 64 0
119.125 66 2
119.375 66 2
120.250 66 2
120.375 66 2
120.500 66 2
120.625 66 2
120.875 66 2
121.125 68 4
121.375 69 5
122.000 66 2
122.500 64 0
122.875 66 2
124.000 66 2
124.375 64 0
124.500 64 0
124.875 68 4
125.000 64 0
126.000 66 2
126.375 64 0
126.625 64 0
126.875 64 0
128.000 66 2
128.500 64 0
128.875 66 2
130.000 66 2
130.375 64 0
130.500 64 0
130.875 68 4
131.000 68 4
131.125 64 0
132.000 66 2
132.625 68 4
132.875 64 0
133.875 59 7
134.000 64 0
134.125 64 0
134.250 64 0
134.375 59 7
134.500 62 10
134.625 64 0
134.750 64 0
137.875 64 0
139.625 67 3
139.750 64 0
139.875 67 3
139.938 66 2
140.000 67 3
140.375 62 10
142.875 66 2
143.062 64 0
143.125 62 10
143.500 64 0
148.000 66 2
148.375 64 0
148.625 64 0
148.875 62 10
149.000 64 0
152.000 66 2
152.375 64 0
152.625 64 0
152.875 62 10
153.000 64 0
153.875 59 7
