0.938 52 7
1.000 61 4
1.125 61 4
1.250 61 4
1.375 61 4
1.625 59 2
1.688 57 0
1.812 57 0
2.875 52 7
2.938 52 7
3.000 61 4
3.125 61 4
3.250 61 4
3.375 61 4
3.625 56 11
3.875 57 0
4.625 57 0
4.750 66 9
4.875 64 7
5.125 69 0
5.875 57 0
6.000 57 0
8.875 52 7
8.938 52 7
9.000 61 4
9.125 61 4
9.250 61 4
9.375 61 4
9.625 59 2
9.750 57 0
10.875 52 7
10.938 52 7
11.000 61 4
11.125 61 4
11.250 61 4
11.375 61 4
11.625 56 11
11.875 57 0
12.625 57 0
12.750 66 9
12.812 64 7
12.875 64 7
13.125 69 0
13.688 57 0
13.750 57 0
13.812 57 0
13.875 57 0
15.625 61 4
15.688 61 4
15.875 57 0
15.938 59 2
17.625 61 4
17.688 61 4
17.875 52 7
17.938 52 7
19.625 61 4
19.688 61 4
19.875 62 5
19.938 61 4
20.000 59 2
21.625 61 4
21.688 61 4
21.875 52 7
21.938 52 7
24.938 52 7
25.000 61 4
25.125 61 4
25.250 61 4
25.375 61 4
25.625 59 2
25.750 57 0
26.938 52 7
27.000 61 4
27.125 61 4
27.250 61 4
27.375 61 4
27.625 56 11
27.875 57 0
28.625 57 0
28.750 66 9
28.875 64 7
29.125 69 0
29.875 57 0
30.000 57 0
32.938 52 7
33.000 61 4
33.062 61 4
33.125 61 4
33.375 62 5
33.625 61 4
33.750 57 0
34.938 59 2
35.000 61 4
35.125 60 3
35.250 61 4
35.375 64 7
35.625 56 11
35.875 57 0
36.375 57 0
36.500 66 9
36.625 64 7
36.750 66 9
36.812 64 7
36.875 64 7
37.125 69 0
37.812 57 0
37.875 57 0
38.125 57 0
39.625 52 7
39.688 61 4
39.875 57 0
39.938 59 2
41.625 61 4
41.688 61 4
41.875 52 7
41.938 52 7
43.625 61 4
43.688 61 4
43.875 62 5
43.938 61 4
44.000 59 2
45.375 57 0
45.500 62 5
46.938 61 4
47.938 59 2
48.000 57 0
48.938 52 7
49.000 61 4
49.125 61 4
49.250 61 4
49.375 61 4
49.625 59 2
49.750 57 0
50.938 52 7
51.000 61 4
51.125 61 4
51.250 61 4
51.375 61 4
51.625 56 11
51.875 57 0
52.625 57 0
52.750 66 9
52.875 64 7
53.125 69 0
53.875 57 0
54.125 57 0
56.875 52 7
56.938 52 7
57.000 61 4
57.125 61 4
57.250 61 4
57.375 64 7
57.750 62 5
57.812 61 4
58.875 57 0
58.938 57 0
59.000 61 4
59.125 59 2
59.250 61 4
59.375 64 7
59.625 66 9
59.750 64 7
59.875 66 9
59.938 64 7
60.625 57 0
60.750 66 9
60.875 64 7
61.125 69 0
61.875 57 0
62.000 57 0
63.562 52 7
63.625 52 7
63.688 61 4
63.875 57 0
63.938 59 2
65.625 61 4
65.688 61 4
65.875 52 7
65.938 52 7
67.625 61 4
67.688 61 4
67.875 62 5
67.938 61 4
68.000 59 2
69.375 57 0
69.500 62 5
69.625 61 4
69.750 59 2
70.062 57 0
70.125 57 0
71.500 61 4
71.625 62 5
71.750 64 7
71.875 69 0
72.500 62 5
72.750 62 5
72.875 61 4
73.000 59 2
73.500 59 2
73.625 61 4
73.750 62 5
73.875 69 0
74.500 62 5
74.750 62 5
74.875 61 4
75.000 57 0
75.625 56 11
76.125 57 0
77.625 56 11
78.125 57 0
78.875 52 7
79.000 59 2
79.312 61 4
79.375 59 2
79.500 59 2
79.625 57 0
79.750 57 0
