1.875 58 5
2.000 57 4
2.125 58 5
2.250 60 7
2.375 60 7
2.438 53 0
2.562 53 0
2.875 58 5
3.000 57 4
3.125 57 4
3.250 58 5
3.375 60 7
3.438 53 0
3.875 56 3
4.000 57 4
4.125 57 4
4.250 58 5
4.375 59 6
4.438 60 7
4.625 53 0
4.875 53 0
5.125 56 3
5.188 56 3
5.312 56 3
5.500 56 3
5.875 56 3
6.000 55 2
6.125 53 0
6.250 55 2
6.375 53 0
6.500 55 2
6.625 53 0
7.125 56 3
7.188 55 2
7.375 53 0
7.625 56 3
7.812 55 2
7.875 53 0
7.938 48 7
9.750 57 4
9.812 57 4
10.000 55 2
10.250 55 2
10.375 53 0
10.438 55 2
10.625 48 7
11.125 48 7
11.250 48 7
11.375 48 7
11.500 48 7
11.625 46 5
11.750 44 3
11.875 43 2
12.000 41 0
12.875 57 4
12.938 57 4
13.125 57 4
13.250 58 5
13.375 60 7
13.438 53 0
13.562 53 0
13.875 57 4
14.000 57 4
14.125 57 4
14.188 58 5
14.375 60 7
14.500 53 0
15.000 56 3
15.125 57 4
15.250 58 5
15.312 59 6
15.438 60 7
15.625 53 0
15.875 53 0
16.000 55 2
16.062 55 2
16.250 55 2
16.375 55 2
16.500 55 2
16.562 56 3
16.812 56 3
16.875 56 3
17.000 55 2
17.125 53 0
17.250 55 2
17.375 53 0
17.500 55 2
17.625 53 0
18.125 56 3
18.250 55 2
18.375 53 0
18.500 55 2
18.750 53 0
19.000 48 7
20.750 57 4
20.812 57 4
21.000 55 2
21.125 55 2
21.250 55 2
21.312 53 0
21.500 55 2
21.625 48 7
22.125 48 7
22.250 48 7
22.375 48 7
22.500 48 7
22.625 46 5
22.750 45 4
22.875 43 2
23.000 41 0
34.875 57 4
35.000 58 5
35.062 57 4
35.250 60 7
35.375 60 7
35.500 53 0
35.625 53 0
35.750 53 0
35.812 53 0
35.938 57 4
36.125 58 5
36.188 59 6
36.375 60 7
36.438 53 0
36.875 57 4
37.000 58 5
37.125 57 4
37.250 58 5
37.375 59 6
37.438 60 7
37.562 53 0
37.875 56 3
38.000 56 3
38.125 56 3
38.250 56 3
38.375 56 3
38.438 55 2
38.625 56 3
38.750 55 2
38.812 56 3
38.938 55 2
39.125 53 0
39.250 55 2
39.375 53 0
39.500 55 2
39.625 53 0
40.125 56 3
40.188 55 2
40.312 53 0
40.500 56 3
40.625 55 2
40.750 53 0
41.000 48 7
42.750 57 4
42.812 57 4
43.000 55 2
43.125 55 2
43.250 55 2
43.375 53 0
43.438 55 2
43.625 48 7
44.125 48 7
44.188 48 7
44.375 48 7
44.500 48 7
44.625 46 5
44.750 44 3
44.875 43 2
45.000 41 0
56.625 60 7
56.688 60 7
56.812 60 7
57.000 60 7
57.125 60 7
57.250 58 5
57.312 57 4
57.375 57 4
57.500 53 0
57.625 53 0
57.750 53 0
57.875 53 0
58.000 60 7
58.125 60 7
58.250 58 5
58.312 57 4
58.375 57 4
58.500 53 0
58.875 60 7
59.000 60 7
59.062 60 7
59.188 60 7
59.250 57 4
59.375 57 4
59.438 53 0
59.625 53 0
59.750 55 2
59.812 53 0
60.000 56 3
60.062 55 2
60.125 53 0
60.188 55 2
60.375 53 0
60.438 56 3
60.562 55 2
60.625 53 0
61.000 56 3
61.062 55 2
61.125 53 0
61.250 56 3
61.312 55 2
61.375 53 0
61.500 55 2
61.625 53 0
62.125 57 4
62.250 55 2
62.375 53 0
62.500 56 3
62.625 55 2
62.750 53 0
63.000 48 7
64.750 55 2
64.812 55 2
65.000 55 2
65.125 55 2
65.188 55 2
65.375 53 0
65.500 55 2
65.625 48 7
66.125 48 7
66.375 48 7
66.500 48 7
66.625 46 5
66.750 44 3
66.875 43 2
67.000 41 0
