4.125 47 7
4.250 55 3
4.375 55 3
4.500 54 2
4.625 52 0
4.750 52 0
4.875 52 0
5.750 52 0
5.812 52 0
6.000 56 4
6.250 54 2
6.375 55 3
6.500 54 2
6.625 52 0
6.875 52 0
7.750 52 0
7.875 52 0
8.000 56 4
8.250 56 4
8.375 56 4
8.500 54 2
8.625 52 0
8.750 52 0
8.875 52 0
9.750 52 0
9.812 52 0
10.000 56 4
10.375 56 4
10.500 54 2
10.625 52 0
10.750 52 0
10.875 52 0
11.562 49 9
11.625 52 0
11.688 49 9
11.750 52 0
11.875 52 0
12.000 56 4
12.250 54 2
12.375 52 0
12.500 54 2
12.625 54 2
12.750 54 2
12.875 52 0
13.000 55 3
13.062 55 3
13.125 55 3
13.188 55 3
13.250 54 2
13.375 52 0
13.500 55 3
13.625 55 3
13.750 54 2
13.875 52 0
18.125 44 4
18.250 55 3
18.438 55 3
18.500 54 2
18.750 52 0
18.938 54 2
19.000 52 0
19.750 52 0
19.812 52 0
19.938 52 0
20.000 56 4
20.375 56 4
20.500 54 2
20.625 52 0
20.750 52 0
20.875 52 0
21.000 52 0
22.125 55 3
22.250 55 3
22.375 55 3
22.500 54 2
22.625 52 0
22.750 52 0
22.875 52 0
23.750 52 0
23.812 52 0
24.000 56 4
24.250 56 4
24.375 56 4
24.500 54 2
24.625 52 0
25.000 57 5
25.250 56 4
25.500 52 0
25.750 54 2
25.875 52 0
26.000 56 4
26.250 54 2
26.375 52 0
26.500 54 2
26.625 54 2
26.750 54 2
26.875 52 0
27.000 55 3
27.062 55 3
27.125 55 3
27.188 55 3
27.250 54 2
27.375 52 0
27.500 55 3
27.625 55 3
27.750 54 2
27.875 52 0
32.250 55 3
32.438 55 3
32.500 54 2
32.625 52 0
32.750 52 0
32.938 54 2
33.000 52 0
33.875 47 7
34.000 56 4
34.250 56 4
34.500 54 2
34.625 52 0
34.750 52 0
34.875 52 0
35.000 52 0
35.750 52 0
35.812 52 0
36.000 56 4
36.375 56 4
36.438 56 4
36.500 54 2
36.625 52 0
36.750 52 0
36.875 52 0
37.750 52 0
37.875 52 0
38.000 56 4
38.250 55 3
38.500 54 2
38.625 52 0
38.812 52 0
39.000 52 0
39.562 49 9
39.750 52 0
39.875 52 0
40.000 56 4
40.250 54 2
40.375 52 0
40.500 54 2
40.625 54 2
40.750 54 2
40.875 52 0
41.000 55 3
41.062 55 3
41.125 55 3
41.188 55 3
41.250 54 2
41.375 52 0
41.500 55 3
41.625 55 3
41.750 54 2
41.875 52 0
46.000 56 4
46.250 56 4
46.500 54 2
46.625 52 0
46.750 52 0
47.000 52 0
48.000 56 4
48.188 56 4
48.375 56 4
48.500 52 0
48.688 52 0
48.812 52 0
48.875 54 2
49.000 52 0
50.000 56 4
50.250 56 4
50.375 56 4
50.500 54 2
50.625 52 0
50.750 52 0
50.875 52 0
51.750 52 0
51.812 52 0
51.938 52 0
52.000 56 4
52.312 56 4
52.375 56 4
52.500 54 2
52.625 52 0
52.875 52 0
53.000 57 5
53.125 57 5
53.250 56 4
53.312 54 2
53.375 52 0
53.750 54 2
53.812 52 0
53.938 52 0
54.000 56 4
54.250 54 2
54.375 52 0
54.500 54 2
54.625 54 2
54.750 54 2
54.875 52 0
55.000 55 3
55.062 55 3
55.125 55 3
55.188 55 3
55.250 54 2
55.375 52 0
55.500 55 3
55.625 55 3
55.750 52 0
55.812 54 2
55.938 52 0
56.000 56 4
56.250 59 7
56.500 59 7
56.625 59 7
56.750 56 4
56.812 54 2
56.875 52 0
57.000 52 0
57.062 52 0
57.125 52 0
57.188 52 0
57.250 52 0
57.375 52 0
57.500 55 3
57.625 55 3
57.750 52 0
57.812 54 2
57.938 52 0
58.000 56 4
58.250 54 2
58.375 52 0
58.500 54 2
58.625 54 2
58.750 54 2
58.875 52 0
59.000 55 3
59.062 55 3
59.125 55 3
59.188 55 3
59.250 54 2
59.375 52 0
59.500 55 3
59.625 55 3
59.750 52 0
59.812 54 2
59.938 52 0
60.000 56 4
60.250 54 2
60.375 52 0
60.500 54 2
60.625 54 2
60.750 54 2
60.875 52 0
61.000 55 3
61.062 55 3
61.125 55 3
61.188 55 3
61.250 54 2
61.375 52 0
61.500 55 3
61.625 55 3
