10.125 67 0
10.250 67 0
10.375 65 10
10.438 67 0
10.562 64 9
10.875 69 2
11.312 67 0
11.375 67 0
11.562 65 10
11.688 67 0
12.125 70 3
12.250 64 9
12.375 64 9
12.500 67 0
12.625 67 0
12.812 64 9
12.875 67 0
13.125 64 9
14.125 64 9
14.250 67 0
14.312 64 9
14.375 67 0
14.625 67 0
14.875 69 2
15.375 67 0
15.438 64 9
15.562 67 0
15.688 64 9
16.125 70 3
16.250 64 9
16.375 64 9
16.500 67 0
16.625 64 9
16.688 67 0
16.812 67 0
16.875 67 0
17.062 67 0
17.250 67 0
18.125 58 3
18.250 67 0
18.312 67 0
18.500 67 0
18.625 64 9
19.250 69 2
19.312 70 3
19.500 69 2
19.625 67 0
19.875 64 9
20.125 70 3
20.250 65 10
20.375 64 9
20.500 65 10
20.625 67 0
20.688 67 0
20.875 67 0
21.375 62 7
22.250 67 0
22.312 67 0
22.438 67 0
22.625 64 9
23.250 69 2
23.312 70 3
23.500 69 2
23.625 67 0
23.875 64 9
24.125 70 3
24.250 65 10
24.375 64 9
24.500 64 9
24.625 67 0
24.688 67 0
24.875 67 0
25.375 67 0
26.125 67 0
26.250 67 0
26.375 65 10
26.438 67 0
26.562 64 9
26.875 69 2
27.125 67 0
27.312 67 0
27.375 65 10
27.500 67 0
28.125 70 3
28.250 65 10
28.375 67 0
28.500 65 10
28.625 67 0
28.812 67 0
29.000 67 0
29.375 62 7
29.500 58 3
30.125 64 9
30.250 67 0
30.312 64 9
30.375 67 0
30.625 67 0
30.750 64 9
30.875 69 2
31.375 67 0
31.438 64 9
31.500 67 0
31.688 60 5
32.125 70 3
32.312 64 9
32.375 67 0
32.500 67 0
32.562 64 9
32.625 67 0
32.750 65 10
32.812 67 0
32.938 67 0
33.125 67 0
33.500 60 5
33.625 58 3
34.125 55 0
34.250 67 0
34.312 67 0
34.500 67 0
34.625 64 9
35.250 69 2
35.312 69 2
35.438 69 2
35.625 67 0
35.812 64 9
36.125 72 5
36.250 65 10
36.312 65 10
36.500 65 10
36.625 67 0
36.688 67 0
36.875 67 0
37.375 62 7
37.500 60 5
38.250 67 0
38.312 67 0
38.500 67 0
38.625 64 9
39.250 69 2
39.312 70 3
39.438 69 2
39.625 67 0
39.875 64 9
40.125 72 5
40.250 65 10
40.312 65 10
40.500 65 10
40.625 67 0
40.688 67 0
40.875 67 0
41.375 67 0
49.375 70 3
50.125 67 0
50.250 67 0
50.375 65 10
50.438 67 0
50.562 67 0
50.875 69 2
51.312 67 0
51.438 65 10
51.562 67 0
52.125 70 3
52.250 64 9
52.375 64 9
52.500 67 0
52.625 64 9
52.688 67 0
52.875 67 0
52.938 67 0
53.125 64 9
54.125 64 9
54.250 67 0
54.312 64 9
54.375 67 0
54.625 67 0
54.875 69 2
55.250 67 0
55.375 67 0
55.500 64 9
55.562 67 0
56.125 70 3
56.250 64 9
56.375 67 0
56.500 64 9
56.625 67 0
56.750 64 9
56.875 67 0
57.250 67 0
57.625 67 0
58.250 67 0
58.312 67 0
58.438 67 0
58.625 64 9
59.250 69 2
59.312 70 3
59.438 69 2
59.625 67 0
59.875 64 9
60.125 70 3
60.250 65 10
60.312 65 10
60.500 65 10
60.562 67 0
60.625 67 0
60.750 67 0
61.000 67 0
61.375 67 0
62.250 67 0
62.312 67 0
62.438 67 0
62.625 64 9
63.250 69 2
63.312 69 2
63.500 69 2
63.625 67 0
63.875 64 9
64.125 70 3
64.250 64 9
64.312 64 9
64.500 64 9
64.625 67 0
64.688 67 0
64.875 67 0
65.375 67 0
66.250 67 0
66.312 67 0
66.500 67 0
66.625 64 9
67.250 69 2
67.312 69 2
67.500 69 2
67.625 67 0
67.875 64 9
68.125 72 5
68.250 65 10
68.312 65 10
68.500 65 10
68.625 67 0
68.688 67 0
68.875 67 0
69.375 67 0
70.250 67 0
70.312 67 0
70.438 67 0
70.625 64 9
71.250 69 2
71.312 69 2
71.500 69 2
71.625 67 0
72.125 72 5
72.250 65 10
72.312 65 10
72.500 65 10
72.625 67 0
72.688 67 0
72.875 67 0
73.375 67 0
