3.875 53 0
3.938 55 2
4.000 57 4
4.375 53 0
5.000 53 0
5.250 53 0
5.375 55 2
5.562 57 4
5.875 57 4
6.000 57 4
6.375 53 0
6.875 53 0
6.938 53 0
7.000 53 0
7.125 53 0
7.188 53 0
7.375 55 2
7.875 53 0
7.938 55 2
8.000 57 4
8.375 53 0
8.938 41 0
9.000 53 0
9.125 53 0
9.188 53 0
9.375 55 2
9.562 57 4
9.875 57 4
10.000 57 4
10.375 53 0
10.875 53 0
10.938 53 0
11.000 53 0
11.125 53 0
11.375 55 2
13.875 53 0
13.938 55 2
14.000 57 4
14.375 53 0
15.000 53 0
15.062 53 0
15.125 53 0
15.250 53 0
15.375 55 2
15.562 57 4
15.875 57 4
15.938 57 4
16.000 57 4
16.375 53 0
17.000 53 0
17.062 53 0
17.125 53 0
17.250 53 0
17.375 55 2
17.875 53 0
17.938 55 2
18.000 57 4
18.375 53 0
18.875 41 0
18.938 41 0
19.000 53 0
19.125 53 0
19.250 53 0
19.375 55 2
19.562 57 4
19.875 57 4
19.938 57 4
20.000 57 4
20.375 53 0
20.875 41 0
21.000 53 0
21.125 53 0
21.188 53 0
21.375 55 2
21.750 65 0
21.812 65 0
22.000 69 4
23.750 69 4
24.000 67 2
24.250 65 0
25.750 65 0
25.812 65 0
26.000 69 4
26.438 67 2
26.500 65 0
27.750 69 4
28.000 67 2
28.250 65 0
28.438 62 9
28.500 60 7
29.875 53 0
29.938 55 2
30.000 57 4
30.375 53 0
31.000 53 0
31.062 53 0
31.125 53 0
31.250 53 0
31.375 55 2
31.625 57 4
31.875 57 4
32.000 57 4
32.375 53 0
32.875 53 0
33.000 53 0
33.125 53 0
33.250 53 0
33.312 53 0
33.375 55 2
33.875 53 0
33.938 55 2
34.000 57 4
34.375 53 0
34.875 41 0
35.000 53 0
35.062 53 0
35.125 53 0
35.250 53 0
35.375 55 2
35.562 57 4
35.875 57 4
35.938 57 4
36.000 57 4
36.375 53 0
36.875 41 0
37.000 53 0
37.062 53 0
37.125 53 0
37.250 53 0
37.375 55 2
37.750 65 0
37.812 65 0
38.000 69 4
39.625 60 7
39.750 69 4
40.000 67 2
40.250 65 0
41.750 65 0
41.812 65 0
42.000 69 4
42.438 67 2
42.500 65 0
43.750 69 4
44.000 67 2
44.250 65 0
48.125 57 4
48.375 58 5
48.625 58 5
48.750 58 5
48.875 58 5
49.125 57 4
49.375 55 2
49.625 55 2
49.750 55 2
49.875 57 4
52.125 57 4
52.375 58 5
52.625 58 5
52.750 58 5
52.875 58 5
53.125 57 4
53.375 55 2
53.625 55 2
53.750 55 2
53.875 53 0
53.938 55 2
54.000 57 4
54.375 53 0
55.000 53 0
55.125 53 0
55.250 53 0
55.375 55 2
55.625 57 4
55.812 57 4
55.875 57 4
55.938 57 4
56.000 57 4
56.375 53 0
57.000 53 0
57.125 53 0
57.250 53 0
57.375 55 2
57.875 53 0
57.938 55 2
58.000 57 4
58.375 53 0
59.000 53 0
59.125 53 0
59.250 53 0
59.375 55 2
59.500 57 4
59.875 57 4
59.938 57 4
60.000 57 4
60.375 53 0
61.000 53 0
61.125 53 0
61.250 53 0
61.375 55 2
61.750 65 0
61.812 65 0
62.000 69 4
63.750 69 4
64.000 67 2
64.250 65 0
65.750 65 0
65.812 65 0
66.000 69 4
66.438 67 2
66.500 65 0
67.750 69 4
68.000 67 2
68.250 65 0
72.125 57 4
72.375 58 5
72.625 58 5
72.750 58 5
72.875 58 5
73.125 57 4
73.375 55 2
73.625 55 2
73.750 65 0
73.812 65 0
74.000 69 4
74.438 67 2
74.500 65 0
75.750 69 4
76.000 67 2
76.250 65 0
78.125 57 4
78.375 58 5
78.625 58 5
78.750 58 5
78.875 58 5
79.125 57 4
79.375 55 2
79.625 55 2
79.750 69 4
80.000 67 2
80.250 65 0
81.750 65 0
81.812 65 0
82.000 69 4
82.312 67 2
82.375 69 4
82.438 67 2
82.500 65 0
83.750 69 4
84.000 67 2
84.250 65 0
