4.417 59 4
4.542 62 7
5.458 59 4
5.542 57 2
6.500 59 4
6.583 64 9
6.708 62 7
6.833 59 4
6.917 57 2
6.958 55 0
7.917 55 0
8.000 57 2
8.083 59 4
8.250 62 7
8.375 64 9
9.417 55 0
9.500 57 2
9.583 55 0
9.667 59 4
9.792 59 4
9.875 59 4
11.833 59 4
11.917 59 4
11.958 59 4
12.000 64 9
12.125 62 7
12.208 62 7
12.250 64 9
13.375 59 4
13.500 57 2
14.500 59 4
14.583 64 9
14.708 62 7
14.875 59 4
14.917 57 2
14.958 55 0
15.083 52 9
15.167 55 0
15.417 57 2
15.958 55 0
16.042 57 2
16.167 59 4
16.250 62 7
16.375 64 9
17.292 52 9
17.333 59 4
17.458 55 0
17.750 55 0
17.833 55 0
17.917 55 0
20.375 52 9
20.500 55 0
20.583 57 2
20.917 57 2
21.000 59 4
21.167 55 0
21.292 52 9
21.417 55 0
22.375 52 9
22.500 55 0
22.583 57 2
22.833 59 4
23.333 62 7
23.417 59 4
23.500 61 6
24.375 52 9
24.583 55 0
24.833 57 2
24.917 59 4
25.042 62 7
25.208 64 9
25.333 64 9
25.375 66 11
25.417 64 9
25.667 66 11
25.875 59 4
25.917 62 7
26.375 59 4
26.458 62 7
26.833 58 3
26.917 58 3
27.000 57 2
27.708 59 4
27.833 59 4
27.958 64 9
28.042 62 7
28.125 62 7
29.167 59 4
29.333 59 4
29.458 59 4
29.500 57 2
30.375 59 4
30.500 64 9
30.667 62 7
30.792 59 4
30.833 57 2
30.875 55 0
31.125 52 9
31.167 55 0
31.458 58 3
31.958 55 0
32.000 55 0
32.042 59 4
32.250 62 7
32.333 64 9
33.333 52 9
33.417 58 3
33.542 55 0
33.583 57 2
33.667 55 0
33.833 55 0
33.917 55 0
34.042 55 0
36.417 52 9
36.500 55 0
36.583 57 2
36.917 57 2
36.958 59 4
37.083 55 0
37.208 52 9
37.292 55 0
38.333 52 9
38.417 55 0
38.500 57 2
39.000 59 4
39.250 62 7
39.333 59 4
39.417 61 6
40.417 52 9
40.583 55 0
40.917 57 2
41.000 59 4
41.083 62 7
41.250 64 9
41.417 66 11
41.500 64 9
41.833 66 11
41.875 62 7
42.375 59 4
42.500 62 7
42.833 58 3
42.917 58 3
43.000 57 2
43.667 59 4
43.750 57 2
43.833 71 4
43.917 69 2
43.958 67 0
44.208 71 4
44.458 59 4
44.500 57 2
44.583 57 2
44.625 59 4
45.417 59 4
45.583 59 4
45.625 57 2
46.375 64 9
46.500 64 9
46.875 59 4
46.958 57 2
47.000 55 0
47.042 57 2
47.167 55 0
47.458 58 3
47.917 55 0
48.000 57 2
48.042 59 4
48.250 62 7
48.375 62 7
48.417 64 9
49.333 52 9
49.417 59 4
49.542 55 0
49.583 57 2
49.667 55 0
49.750 59 4
49.833 59 4
49.958 59 4
50.917 59 4
51.000 52 9
51.833 59 4
51.917 59 4
52.000 59 4
52.042 55 0
52.125 59 4
52.292 59 4
52.417 59 4
52.458 57 2
52.500 55 0
52.667 52 9
52.750 55 0
53.167 59 4
53.250 64 9
53.375 62 7
53.500 64 9
53.667 59 4
53.708 55 0
53.750 58 3
54.083 59 4
54.125 57 2
54.167 55 0
54.833 52 9
