24.250 64 3
24.750 61 0
24.875 64 3
25.125 66 5
25.375 66 5
25.625 61 0
26.250 64 3
26.625 61 0
26.750 61 0
26.875 64 3
27.250 61 0
27.375 61 0
28.250 64 3
28.375 64 3
28.625 61 0
29.000 64 3
29.125 66 5
29.375 66 5
29.625 61 0
30.375 64 3
30.500 63 2
30.625 61 0
30.750 61 0
30.875 61 0
31.000 64 3
31.125 61 0
31.250 61 0
31.375 61 0
32.250 73 0
32.875 76 3
33.125 76 3
34.125 73 0
34.250 73 0
34.375 71 10
34.500 73 0
34.625 73 0
34.750 73 0
35.125 73 0
35.250 73 0
35.375 75 2
35.500 76 3
35.625 73 0
35.750 73 0
36.000 73 0
36.875 76 3
37.125 76 3
38.125 73 0
38.250 73 0
38.375 71 10
38.500 73 0
38.625 73 0
38.750 73 0
39.125 73 0
39.250 73 0
39.375 75 2
39.500 76 3
39.625 73 0
39.750 73 0
40.000 73 0
44.250 64 3
44.625 61 0
44.750 61 0
44.875 64 3
45.125 66 5
45.375 66 5
45.625 61 0
46.250 64 3
46.625 61 0
46.750 61 0
46.875 64 3
47.250 61 0
47.375 61 0
48.250 64 3
48.375 63 2
48.625 61 0
48.750 61 0
48.875 64 3
49.125 66 5
49.375 66 5
49.625 61 0
50.250 66 5
50.500 64 3
50.625 61 0
50.875 64 3
51.250 61 0
51.375 61 0
52.250 73 0
52.875 76 3
53.125 71 10
54.125 73 0
54.250 73 0
54.375 71 10
54.500 73 0
54.625 73 0
54.750 71 10
55.125 73 0
55.250 73 0
55.375 73 0
55.500 76 3
55.625 73 0
55.750 73 0
56.000 73 0
56.875 76 3
57.125 71 10
58.125 73 0
58.250 73 0
58.375 71 10
58.500 73 0
58.625 73 0
58.750 73 0
59.125 73 0
59.250 73 0
59.375 75 2
59.500 76 3
59.625 75 2
59.750 75 2
60.000 73 0
60.250 69 8
80.250 73 0
81.000 76 3
81.125 76 3
82.125 73 0
82.250 73 0
82.375 71 10
82.500 73 0
82.625 73 0
82.750 73 0
83.125 71 10
83.250 73 0
83.375 71 10
83.500 76 3
83.625 73 0
83.750 73 0
84.250 76 3
84.375 75 2
84.500 73 0
84.875 76 3
85.125 76 3
85.500 73 0
85.750 71 10
86.125 71 10
86.250 73 0
86.375 71 10
86.500 73 0
86.625 73 0
86.750 73 0
87.125 71 10
87.250 73 0
87.375 71 10
87.500 76 3
87.625 73 0
87.750 73 0
88.250 76 3
88.375 75 2
88.500 73 0
89.000 76 3
89.125 76 3
90.000 73 0
90.250 73 0
90.375 71 10
90.500 73 0
90.625 73 0
90.750 73 0
91.125 71 10
91.250 73 0
91.375 71 10
91.500 76 3
91.625 73 0
91.750 73 0
92.000 73 0
92.375 70 9
92.625 64 3
93.125 61 0
96.250 64 3
96.625 61 0
96.875 64 3
97.125 66 5
97.375 66 5
97.625 61 0
98.250 64 3
98.625 61 0
98.750 61 0
98.875 64 3
99.250 61 0
99.375 61 0
100.250 64 3
100.375 64 3
100.500 61 0
101.000 64 3
101.125 66 5
101.375 66 5
101.625 61 0
102.125 64 3
102.625 61 0
102.750 61 0
102.875 61 0
103.000 64 3
103.250 61 0
103.375 61 0
104.250 73 0
104.875 76 3
105.125 71 10
106.125 71 10
106.250 73 0
106.375 71 10
106.500 73 0
106.625 73 0
106.750 73 0
107.125 71 10
107.250 73 0
107.375 71 10
107.500 76 3
107.625 73 0
107.750 73 0
108.125 71 10
108.250 73 0
108.375 71 10
108.500 73 0
108.625 73 0
108.750 73 0
109.125 71 10
109.250 73 0
109.375 71 10
109.500 76 3
109.625 71 10
109.750 71 10
110.125 71 10
110.250 73 0
110.375 71 10
110.500 73 0
110.625 73 0
110.750 73 0
111.625 59 10
111.750 61 0
111.875 61 0
112.000 64 3
112.125 63 2
112.250 61 0
113.000 64 3
113.125 63 2
113.250 61 0
113.500 59 10
114.125 61 0
114.250 61 0
114.375 59 10
114.500 64 3
114.625 61 0
114.750 61 0
115.125 61 0
115.250 61 0
115.375 59 10
115.500 66 5
115.625 66 5
115.750 64 3
115.875 61 0
116.125 73 0
116.250 73 0
116.375 71 10
116.500 73 0
116.625 73 0
116.750 73 0
117.125 73 0
117.250 73 0
117.375 71 10
117.500 76 3
117.625 75 2
117.750 76 3
118.125 71 10
118.250 73 0
118.375 71 10
118.500 73 0
118.625 73 0
118.750 73 0
119.000 73 0
119.125 73 0
119.250 73 0
119.500 76 3
119.625 73 0
119.750 73 0
120.000 73 0
120.375 70 9
120.438 68 7
120.500 70 9
120.625 68 7
