2.375 53 0
2.500 55 2
2.625 57 4
2.875 55 2
3.375 53 0
3.500 55 2
3.625 57 4
3.875 57 4
4.000 58 5
4.375 57 4
4.500 55 2
4.750 55 2
6.375 58 5
6.500 60 7
6.625 62 9
6.875 60 7
7.375 58 5
7.500 60 7
7.625 62 9
7.875 65 0
8.000 58 5
8.375 60 7
8.500 60 7
8.625 62 9
8.750 60 7
10.375 53 0
10.500 55 2
10.625 57 4
10.875 55 2
11.375 53 0
11.500 55 2
11.625 57 4
11.875 57 4
12.000 58 5
12.375 57 4
12.500 55 2
12.625 55 2
12.875 55 2
14.375 58 5
14.500 60 7
14.625 62 9
14.875 60 7
15.375 58 5
15.500 60 7
15.625 62 9
15.875 65 0
16.000 58 5
16.125 58 5
16.375 60 7
16.625 62 9
16.750 60 7
18.625 69 4
18.750 67 2
18.875 69 4
19.125 72 7
19.375 65 0
19.625 65 0
19.750 67 2
20.875 70 5
21.125 67 2
21.250 65 0
21.375 64 11
21.625 65 0
21.875 64 11
22.000 62 9
22.625 69 4
22.750 67 2
22.875 69 4
23.125 72 7
23.375 65 0
23.625 65 0
23.750 67 2
24.250 65 0
24.375 67 2
24.500 65 0
24.625 69 4
24.875 67 2
26.625 69 4
26.750 67 2
26.875 69 4
27.125 72 7
27.375 65 0
27.625 65 0
27.750 67 2
28.875 70 5
29.125 67 2
29.250 65 0
29.375 64 11
29.625 65 0
30.375 53 0
30.500 55 2
30.625 57 4
30.875 55 2
32.000 58 5
32.125 58 5
32.250 58 5
32.375 57 4
32.500 55 2
32.875 55 2
34.375 58 5
34.500 60 7
34.625 62 9
34.875 60 7
35.375 58 5
35.500 60 7
35.625 62 9
35.875 65 0
36.125 58 5
36.375 60 7
36.500 60 7
36.625 62 9
36.750 60 7
38.375 53 0
38.500 55 2
38.625 57 4
38.875 55 2
39.375 53 0
39.500 55 2
39.625 57 4
39.875 57 4
40.000 58 5
40.375 57 4
40.500 55 2
40.625 55 2
40.875 55 2
42.375 58 5
42.500 60 7
42.625 62 9
42.875 60 7
43.375 58 5
43.500 60 7
43.625 62 9
43.875 65 0
44.000 58 5
44.125 58 5
44.375 60 7
44.625 62 9
44.750 60 7
46.625 69 4
46.750 67 2
46.875 69 4
47.125 72 7
47.375 65 0
47.625 65 0
47.750 67 2
48.875 70 5
49.125 67 2
49.250 65 0
49.375 64 11
49.625 65 0
49.875 64 11
50.000 62 9
50.625 69 4
50.750 67 2
50.875 69 4
51.125 72 7
51.375 65 0
51.625 65 0
51.750 67 2
52.250 65 0
52.375 67 2
52.500 65 0
52.625 69 4
52.875 67 2
54.625 69 4
54.750 67 2
54.875 69 4
55.125 72 7
55.375 65 0
55.625 65 0
55.750 67 2
56.875 70 5
57.125 67 2
57.250 65 0
57.375 64 11
57.625 65 0
74.625 69 4
74.750 67 2
74.875 69 4
75.125 72 7
75.375 65 0
75.625 65 0
75.750 67 2
76.875 70 5
77.125 67 2
77.250 65 0
77.375 64 11
77.625 65 0
77.875 64 11
78.000 62 9
78.625 69 4
78.750 67 2
78.875 69 4
79.125 72 7
79.375 65 0
79.625 65 0
79.750 67 2
80.250 65 0
80.375 67 2
80.500 65 0
80.625 69 4
80.875 67 2
81.125 65 0
81.250 67 2
81.375 65 0
81.500 69 4
81.750 67 2
81.875 65 0
82.000 65 0
82.125 62 9
82.250 60 7
82.625 69 4
82.750 67 2
82.875 69 4
83.125 72 7
83.375 65 0
83.625 65 0
83.750 67 2
84.875 70 5
85.125 67 2
85.250 65 0
85.375 64 11
85.625 65 0
85.875 64 11
86.000 62 9
86.625 69 4
86.750 67 2
86.875 69 4
87.125 72 7
87.375 65 0
87.625 65 0
87.750 67 2
88.250 65 0
88.375 67 2
88.500 65 0
88.625 69 4
88.875 67 2
110.625 69 4
110.750 67 2
110.875 69 4
111.125 72 7
111.375 65 0
111.625 65 0
111.750 67 2
114.625 69 4
114.750 67 2
114.875 69 4
115.125 72 7
115.375 65 0
115.625 65 0
115.750 67 2
116.250 65 0
116.375 67 2
116.500 65 0
116.625 69 4
116.875 67 2
118.625 69 4
118.750 67 2
118.875 69 4
119.125 72 7
119.375 65 0
119.625 65 0
119.750 67 2
