0.125 63 3
0.250 63 3
0.375 63 3
0.500 63 3
0.750 63 3
0.875 63 3
1.000 63 3
1.125 63 3
1.250 63 3
1.375 63 3
1.500 72 0
2.125 63 3
2.250 63 3
2.375 60 0
2.500 63 3
2.750 60 0
2.875 58 10
3.000 60 0
3.250 60 0
3.375 48 0
4.125 62 2
4.250 62 2
4.375 63 3
4.500 63 3
4.625 62 2
5.125 57 9
5.250 60 0
5.375 60 0
5.500 57 9
6.000 63 3
6.250 58 10
6.500 60 0
6.750 60 0
6.875 72 0
7.125 60 0
7.250 70 10
7.375 72 0
7.500 60 0
8.125 62 2
8.250 62 2
8.375 62 2
8.500 63 3
8.750 63 3
8.875 63 3
9.000 63 3
9.125 63 3
9.250 63 3
9.375 63 3
9.500 63 3
10.125 60 0
10.250 63 3
10.375 60 0
10.500 63 3
10.750 60 0
10.875 72 0
11.250 57 9
11.375 62 2
11.500 63 3
12.125 62 2
12.250 62 2
12.375 62 2
12.500 63 3
13.125 57 9
13.250 60 0
13.500 55 7
14.000 64 4
14.250 57 9
14.500 62 2
14.750 60 0
14.875 72 0
15.125 60 0
15.250 67 7
15.375 72 0
15.500 60 0
16.125 65 5
16.375 65 5
16.500 65 5
16.750 67 7
17.375 72 0
18.875 60 0
18.938 59 11
19.125 72 0
19.250 60 0
20.125 65 5
20.375 57 9
20.500 60 0
20.625 62 2
20.750 63 3
21.625 62 2
22.125 62 2
22.250 62 2
22.375 63 3
22.500 63 3
22.625 63 3
22.750 63 3
22.875 67 7
23.000 58 10
23.125 59 11
23.250 62 2
23.375 55 7
24.125 67 7
24.375 62 2
25.125 67 7
25.375 59 11
25.500 62 2
26.000 62 2
26.125 62 2
26.250 63 3
26.375 62 2
26.500 63 3
26.750 62 2
26.875 62 2
27.000 67 7
27.125 69 9
27.250 67 7
27.375 69 9
27.500 67 7
27.625 69 9
27.750 67 7
27.875 69 9
28.125 69 9
28.250 62 2
28.375 63 3
28.500 63 3
28.625 63 3
28.750 63 3
28.875 63 3
29.000 63 3
29.125 63 3
29.250 63 3
29.375 55 7
30.125 63 3
30.250 63 3
30.375 60 0
30.500 63 3
30.625 72 0
30.750 60 0
30.812 58 10
31.000 60 0
31.125 58 10
31.375 63 3
31.500 60 0
32.062 70 10
32.125 72 0
32.375 65 5
32.625 71 11
33.062 57 9
33.125 65 5
33.375 57 9
33.500 67 7
33.750 53 5
34.000 58 10
34.125 57 9
34.250 57 9
34.375 58 10
34.500 70 10
34.625 58 10
34.750 58 10
34.875 72 0
35.000 72 0
35.125 60 0
35.250 71 11
35.375 74 2
35.500 64 4
35.750 55 7
50.125 65 5
50.375 67 7
51.875 65 5
52.125 67 7
52.375 65 5
52.500 65 5
52.750 67 7
53.375 72 0
55.062 60 0
55.250 72 0
56.125 72 0
56.375 63 3
56.500 65 5
56.750 67 7
57.625 62 2
58.125 62 2
58.250 62 2
58.375 63 3
58.500 63 3
58.625 62 2
58.750 62 2
58.875 67 7
59.000 58 10
59.125 59 11
59.250 62 2
59.375 62 2
59.500 55 7
60.125 67 7
60.375 62 2
61.125 67 7
61.375 62 2
61.500 67 7
62.000 62 2
62.125 62 2
62.250 63 3
62.375 63 3
62.500 62 2
62.750 62 2
62.875 62 2
63.000 67 7
63.125 69 9
63.250 67 7
63.375 69 9
63.500 67 7
63.625 69 9
63.750 67 7
63.875 69 9
64.125 69 9
64.250 69 9
64.375 69 9
64.500 69 9
64.625 67 7
64.750 65 5
64.875 64 4
65.000 64 4
65.125 64 4
65.250 65 5
65.375 55 7
66.125 62 2
66.250 60 0
66.375 69 9
66.500 60 0
66.625 58 10
66.750 58 10
66.875 57 9
67.000 57 9
67.125 53 5
67.375 62 2
67.500 60 0
68.062 71 11
68.125 62 2
68.375 65 5
68.625 67 7
69.125 67 7
69.250 67 7
69.375 62 2
69.625 48 0
70.000 70 10
70.250 60 0
70.375 60 0
70.500 70 10
70.750 60 0
70.875 72 0
71.000 72 0
71.125 63 3
71.250 64 4
71.375 72 0
71.500 60 0
71.625 55 7
