27.917 52 4
28.000 52 4
28.083 55 7
28.167 55 7
28.333 55 7
28.833 55 7
29.000 57 9
29.167 57 9
29.333 57 9
30.083 52 4
30.167 55 7
30.333 55 7
30.500 55 7
30.833 55 7
30.917 55 7
31.000 57 9
31.333 57 9
31.500 57 9
31.917 55 7
32.000 57 9
32.333 57 9
32.667 57 9
32.833 57 9
33.000 57 9
33.333 55 7
33.500 55 7
33.833 53 5
34.167 55 7
34.333 55 7
35.833 52 4
35.917 53 5
36.000 55 7
36.333 55 7
36.500 55 7
36.833 55 7
37.000 57 9
37.333 57 9
37.500 59 11
37.833 57 9
38.000 60 0
38.333 60 0
38.500 60 0
38.833 60 0
38.917 60 0
39.000 60 0
39.333 60 0
39.500 62 2
39.833 60 0
40.000 62 2
40.167 62 2
40.500 62 2
40.833 62 2
41.000 64 4
41.333 64 4
41.500 64 4
41.833 62 2
42.000 62 2
42.167 60 0
42.333 60 0
43.500 52 4
43.667 55 7
44.000 57 9
44.500 57 9
45.500 57 9
45.833 55 7
46.000 52 4
46.500 52 4
47.500 52 4
47.833 55 7
48.000 57 9
48.500 57 9
49.500 57 9
49.833 55 7
50.000 52 4
50.667 53 5
50.833 52 4
51.000 50 2
52.000 48 0
55.833 52 4
55.917 53 5
56.000 55 7
56.333 55 7
56.500 55 7
56.833 55 7
56.917 55 7
57.000 57 9
57.083 57 9
57.167 57 9
57.833 52 4
58.000 55 7
58.333 55 7
58.500 55 7
58.833 55 7
59.000 57 9
59.250 57 9
59.333 57 9
59.833 55 7
60.000 57 9
60.167 57 9
60.500 57 9
60.833 57 9
61.000 57 9
61.333 55 7
61.500 55 7
61.833 53 5
62.000 57 9
62.333 52 4
63.833 52 4
63.917 53 5
64.000 55 7
64.333 55 7
64.500 55 7
64.833 55 7
65.000 57 9
65.167 57 9
65.333 59 11
65.833 59 11
65.917 59 11
66.000 60 0
66.333 60 0
66.500 60 0
66.833 60 0
66.917 60 0
67.000 60 0
67.167 60 0
67.333 62 2
67.833 60 0
68.000 62 2
68.333 62 2
68.500 62 2
68.833 62 2
69.000 64 4
69.333 64 4
69.500 64 4
69.833 62 2
70.000 62 2
70.167 60 0
70.333 60 0
71.500 52 4
71.667 55 7
72.000 57 9
72.500 57 9
73.500 57 9
73.833 55 7
74.000 52 4
74.500 52 4
75.500 52 4
75.833 55 7
76.000 57 9
76.500 57 9
77.500 57 9
77.833 55 7
78.000 52 4
78.667 53 5
78.833 52 4
79.000 50 2
80.000 48 0
84.167 52 4
84.250 55 7
84.417 55 7
84.500 55 7
84.833 55 7
85.000 57 9
85.250 57 9
85.333 57 9
86.083 52 4
86.167 55 7
86.333 55 7
86.500 55 7
86.750 55 7
86.833 55 7
86.917 57 9
87.167 57 9
87.333 57 9
87.583 57 9
87.667 57 9
88.083 57 9
88.167 57 9
88.583 57 9
88.667 57 9
88.750 57 9
88.833 57 9
89.333 55 7
89.500 55 7
89.833 53 5
90.000 55 7
90.333 55 7
91.833 52 4
91.917 52 4
92.000 55 7
92.333 55 7
92.500 55 7
92.833 55 7
92.917 55 7
93.000 57 9
93.333 57 9
93.500 59 11
94.000 57 9
94.167 60 0
94.417 60 0
94.583 60 0
94.833 60 0
95.000 60 0
95.167 60 0
95.333 62 2
95.833 60 0
95.917 60 0
96.000 62 2
96.333 62 2
96.500 62 2
96.667 62 2
97.000 64 4
97.333 64 4
97.500 64 4
97.833 62 2
98.000 62 2
98.167 60 0
98.333 60 0
99.500 52 4
99.667 55 7
100.000 57 9
100.500 57 9
101.500 57 9
101.833 55 7
102.000 52 4
102.500 52 4
103.500 52 4
103.833 55 7
104.000 57 9
104.500 57 9
105.500 57 9
105.833 55 7
106.000 55 7
107.667 57 9
107.833 52 4
107.917 50 2
108.000 48 0
111.917 52 4
112.000 53 5
112.083 55 7
112.167 55 7
112.250 55 7
112.833 55 7
112.917 55 7
113.000 57 9
113.167 57 9
113.250 57 9
114.083 52 4
114.167 55 7
114.250 55 7
114.667 55 7
114.750 55 7
115.000 57 9
115.167 57 9
115.250 57 9
115.833 55 7
116.000 57 9
116.333 57 9
116.500 57 9
116.583 57 9
117.000 57 9
117.333 55 7
117.500 55 7
117.833 53 5
118.000 55 7
118.333 55 7
119.917 52 4
120.000 53 5
120.083 55 7
120.250 55 7
120.500 55 7
120.833 55 7
121.000 57 9
121.333 57 9
121.500 59 11
122.000 57 9
122.083 57 9
122.167 60 0
122.333 60 0
122.500 60 0
122.833 60 0
123.000 60 0
123.167 60 0
123.333 62 2
123.833 60 0
124.000 62 2
124.333 62 2
124.500 62 2
124.833 62 2
125.000 64 4
125.333 64 4
125.500 64 4
125.833 62 2
126.000 62 2
126.167 60 0
126.333 60 0
127.500 60 0
127.667 60 0
128.000 64 4
128.333 57 9
129.500 57 9
129.833 55 7
130.000 52 4
130.500 52 4
131.500 52 4
131.833 55 7
132.000 57 9
132.500 57 9
133.500 57 9
133.833 55 7
134.000 52 4
134.667 53 5
134.833 52 4
135.000 50 2
135.833 52 4
163.917 52 4
164.000 55 7
164.083 55 7
164.167 55 7
164.833 55 7
165.000 57 9
165.167 57 9
165.250 57 9
166.083 52 4
166.167 55 7
166.333 55 7
166.583 55 7
166.667 55 7
166.833 57 9
167.167 57 9
167.333 57 9
167.833 55 7
168.000 57 9
168.333 57 9
168.500 57 9
168.833 57 9
169.000 57 9
169.083 57 9
169.333 55 7
169.667 53 5
170.000 57 9
170.333 52 4
172.833 52 4
172.917 53 5
173.083 55 7
173.167 55 7
173.250 55 7
173.833 55 7
173.917 55 7
174.000 57 9
174.333 57 9
174.500 59 11
175.000 57 9
175.167 60 0
175.333 60 0
175.667 60 0
175.750 60 0
175.833 60 0
176.000 60 0
176.250 60 0
176.333 62 2
176.833 60 0
176.917 60 0
177.000 62 2
177.333 62 2
177.500 62 2
177.667 62 2
178.000 64 4
178.333 64 4
178.500 64 4
178.833 62 2
179.000 62 2
179.167 60 0
179.333 60 0
180.500 52 4
180.667 55 7
181.000 57 9
181.500 57 9
182.500 57 9
182.833 55 7
183.000 52 4
183.500 52 4
184.500 52 4
184.833 55 7
185.000 57 9
185.500 57 9
186.500 57 9
186.833 55 7
187.000 52 4
187.667 50 2
187.833 50 2
188.667 52 4
188.833 55 7
189.000 57 9
189.500 57 9
190.500 57 9
190.833 55 7
191.000 52 4
191.500 52 4
192.500 52 4
192.833 55 7
193.000 57 9
193.500 57 9
194.500 57 9
194.833 55 7
195.000 52 4
195.667 50 2
195.833 50 2
196.667 64 4
196.833 64 4
197.000 62 2
197.167 62 2
198.500 64 4
198.833 62 2
199.000 62 2
199.083 60 0
199.167 57 9
199.333 57 9
200.500 64 4
200.833 64 4
201.000 65 5
201.083 64 4
201.167 62 2
201.250 60 0
201.333 60 0
202.500 60 0
202.833 57 9
203.000 55 7
203.167 64 4
210.667 62 2
211.000 62 2
211.500 60 0
211.667 57 9
212.500 60 0
212.667 62 2
213.000 64 4
214.167 62 2
214.333 60 0
214.500 60 0
