0.000 66 9
0.875 64 7
1.000 65 8
1.250 64 7
1.375 64 7
1.750 62 5
2.000 67 10
2.625 59 2
2.875 62 5
3.000 65 8
3.125 64 7
3.375 64 7
3.625 62 5
3.875 59 2
4.000 68 11
4.625 59 2
4.750 62 5
4.875 59 2
5.000 66 9
5.250 64 7
5.375 64 7
6.000 73 4
6.375 71 2
6.500 69 0
8.250 61 4
8.375 61 4
8.750 61 4
9.000 61 4
9.250 61 4
9.375 61 4
9.625 61 4
10.000 61 4
10.250 61 4
10.375 61 4
10.625 64 7
10.875 61 4
11.500 59 2
11.625 57 0
12.125 60 3
12.250 61 4
12.375 60 3
12.500 61 4
12.750 60 3
13.000 61 4
13.125 60 3
13.375 61 4
13.500 61 4
14.000 62 5
14.250 62 5
14.500 62 5
14.625 62 5
14.875 61 4
16.250 61 4
16.500 61 4
16.750 61 4
17.000 61 4
17.250 61 4
17.375 61 4
17.625 61 4
18.000 61 4
18.250 61 4
18.500 61 4
18.750 64 7
19.000 61 4
19.500 59 2
19.625 57 0
20.250 61 4
20.375 60 3
20.500 61 4
20.875 60 3
21.000 61 4
21.125 60 3
21.250 61 4
21.875 57 0
22.000 62 5
22.250 62 5
22.500 62 5
22.750 62 5
22.875 61 4
24.000 64 7
24.250 64 7
24.500 64 7
24.625 64 7
24.875 64 7
25.000 62 5
25.250 62 5
25.500 61 4
25.750 59 2
26.000 62 5
26.500 61 4
26.625 59 2
27.500 61 4
27.625 62 5
27.875 64 7
28.250 64 7
28.500 64 7
28.750 64 7
28.875 64 7
29.000 62 5
29.250 62 5
29.500 61 4
29.625 59 2
30.000 62 5
30.500 61 4
30.625 59 2
32.000 64 7
32.250 64 7
32.375 64 7
32.625 64 7
32.875 64 7
33.250 62 5
33.500 61 4
33.750 59 2
34.000 62 5
34.500 61 4
34.625 59 2
35.500 64 7
35.750 64 7
36.000 73 4
37.000 71 2
37.125 69 0
37.500 64 7
37.625 62 5
38.000 61 4
40.250 61 4
40.500 61 4
40.750 61 4
41.000 61 4
41.250 61 4
41.375 61 4
41.750 61 4
41.875 61 4
42.250 61 4
42.500 61 4
42.625 64 7
42.875 61 4
43.500 59 2
43.625 57 0
44.250 61 4
44.500 61 4
44.750 61 4
45.000 61 4
45.250 61 4
45.500 61 4
45.750 61 4
46.000 62 5
46.125 62 5
46.500 62 5
46.750 62 5
46.875 61 4
48.250 61 4
48.375 61 4
48.750 61 4
49.000 61 4
49.125 61 4
49.375 61 4
49.625 61 4
50.000 61 4
50.250 61 4
50.500 61 4
50.750 64 7
51.000 61 4
51.500 59 2
51.625 57 0
52.125 60 3
52.250 61 4
52.375 60 3
52.500 61 4
52.875 60 3
53.000 61 4
53.125 60 3
53.250 61 4
53.875 61 4
54.000 62 5
54.125 62 5
54.375 62 5
54.750 62 5
54.875 61 4
56.000 64 7
56.250 64 7
56.500 64 7
56.625 64 7
56.875 64 7
57.000 62 5
57.250 62 5
57.500 61 4
57.750 59 2
58.000 62 5
58.500 61 4
58.625 59 2
59.500 61 4
59.625 62 5
59.875 64 7
60.250 64 7
60.500 64 7
60.750 64 7
60.875 64 7
61.000 62 5
61.250 62 5
61.500 61 4
61.625 59 2
62.000 62 5
62.500 61 4
62.625 59 2
64.000 64 7
64.250 64 7
64.375 64 7
64.625 64 7
64.875 64 7
65.250 62 5
65.500 61 4
65.750 59 2
66.000 62 5
66.500 61 4
66.625 59 2
67.500 64 7
67.750 64 7
68.000 73 4
69.000 71 2
69.125 69 0
69.500 64 7
69.625 62 5
70.000 61 4
72.250 61 4
72.375 61 4
72.750 61 4
73.000 61 4
73.250 61 4
73.375 61 4
73.625 61 4
74.000 61 4
74.250 61 4
74.375 61 4
74.625 64 7
74.875 61 4
75.500 59 2
75.625 57 0
76.125 60 3
76.250 61 4
76.375 60 3
76.500 61 4
76.750 60 3
77.000 61 4
77.125 60 3
77.375 61 4
77.500 61 4
78.000 62 5
78.250 62 5
78.500 62 5
78.625 62 5
78.875 61 4
80.250 61 4
80.500 61 4
80.750 61 4
81.000 61 4
81.250 61 4
81.375 61 4
81.625 61 4
82.000 61 4
82.250 61 4
82.500 61 4
82.750 64 7
83.000 61 4
83.500 59 2
83.625 57 0
84.250 61 4
84.375 60 3
84.500 61 4
84.875 60 3
85.000 61 4
85.250 60 3
85.375 61 4
85.875 57 0
86.000 62 5
86.250 62 5
86.500 62 5
86.750 62 5
86.875 61 4
88.000 64 7
88.250 64 7
88.500 64 7
88.625 64 7
88.875 64 7
89.000 62 5
89.250 62 5
89.500 61 4
89.750 59 2
90.000 62 5
90.500 61 4
90.625 59 2
91.500 61 4
91.625 62 5
91.875 64 7
92.250 64 7
92.500 64 7
92.750 64 7
92.875 64 7
93.250 62 5
93.500 61 4
93.625 59 2
94.000 62 5
94.500 61 4
94.625 59 2
96.000 64 7
96.250 64 7
96.375 64 7
96.625 64 7
96.875 64 7
97.250 62 5
97.500 61 4
97.750 59 2
98.000 62 5
98.500 61 4
98.625 59 2
99.500 64 7
99.750 64 7
100.000 73 4
101.000 71 2
101.125 69 0
101.500 64 7
101.625 62 5
102.000 61 4
102.500 64 7
102.625 66 9
103.000 66 9
103.500 64 7
103.625 66 9
104.000 69 0
104.375 66 9
104.500 64 7
105.000 66 9
