7.875 54 4
9.500 54 4
9.625 52 2
9.750 50 0
9.875 50 0
11.750 52 2
11.875 54 4
13.500 54 4
13.625 54 4
13.750 50 0
13.875 50 0
15.875 52 2
16.000 55 5
16.125 55 5
17.375 55 5
17.500 55 5
17.625 57 7
17.750 59 9
17.875 57 7
19.750 54 4
19.875 47 9
20.000 55 5
20.125 52 2
21.500 50 0
21.625 45 7
21.750 50 0
21.875 47 9
22.000 45 7
23.500 54 4
23.625 50 0
23.750 45 7
23.875 60 10
24.000 57 7
25.500 47 9
25.625 50 0
25.750 50 0
25.875 47 9
26.000 45 7
27.875 45 7
28.000 54 4
29.375 45 7
29.500 54 4
29.625 50 0
29.750 47 9
29.875 52 2
30.000 50 0
31.875 45 7
32.000 54 4
32.125 54 4
33.500 50 0
33.625 53 3
33.750 54 4
33.938 47 9
34.000 50 0
35.625 57 7
35.750 57 7
35.875 57 7
36.000 54 4
37.375 45 7
37.500 50 0
37.625 50 0
37.750 50 0
37.875 50 0
39.625 59 9
39.750 57 7
39.875 59 9
40.000 57 7
41.375 42 4
41.500 50 0
41.625 50 0
41.750 43 5
43.875 52 2
44.000 55 5
44.125 55 5
45.375 55 5
45.500 55 5
45.625 57 7
45.750 59 9
45.875 57 7
46.000 54 4
47.500 54 4
47.625 47 9
47.750 50 0
47.875 50 0
49.500 50 0
49.625 50 0
49.750 50 0
49.875 47 9
50.000 45 7
51.500 54 4
51.625 50 0
51.750 54 4
51.875 60 10
52.000 52 2
53.375 43 5
53.500 50 0
53.625 50 0
53.750 50 0
53.875 47 9
54.000 45 7
55.125 50 0
55.250 50 0
55.375 47 9
55.500 45 7
64.000 54 4
65.375 54 4
65.500 54 4
65.625 52 2
65.750 50 0
65.875 50 0
67.750 50 0
67.875 50 0
67.938 54 4
68.125 54 4
69.375 54 4
69.500 54 4
69.625 50 0
69.750 50 0
69.875 50 0
71.875 52 2
72.000 55 5
72.125 55 5
73.000 55 5
73.125 55 5
73.375 55 5
73.500 55 5
73.625 55 5
73.750 55 5
73.875 55 5
74.000 54 4
75.750 55 5
75.875 54 4
76.000 54 4
76.125 52 2
77.375 52 2
77.500 55 5
77.625 55 5
77.750 55 5
77.875 55 5
78.000 54 4
79.375 57 7
79.500 59 9
79.625 55 5
79.750 54 4
79.875 58 8
80.000 55 5
81.500 57 7
81.625 55 5
81.750 55 5
81.875 55 5
82.000 54 4
92.000 66 4
93.500 66 4
93.625 64 2
93.750 62 0
93.875 64 2
95.875 57 7
96.000 66 4
97.500 66 4
97.625 66 4
97.750 64 2
97.875 64 2
98.125 62 0
99.875 62 0
100.000 67 5
100.125 67 5
101.375 67 5
101.500 67 5
101.625 69 7
101.750 71 9
101.875 71 9
102.125 66 4
103.500 67 5
103.625 66 4
103.750 62 0
103.875 66 4
104.000 62 0
105.500 62 0
105.625 62 0
105.750 62 0
105.875 59 9
106.000 57 7
107.750 66 4
107.875 62 0
108.000 64 2
108.125 66 4
109.500 62 0
109.625 62 0
109.750 62 0
109.875 62 0
110.125 60 10
112.000 66 4
113.500 66 4
113.667 64 2
113.833 64 2
114.000 64 2
114.375 62 0
116.000 66 4
116.250 66 4
117.625 64 2
117.812 62 0
117.875 62 0
119.750 62 0
119.812 62 0
119.875 66 4
121.625 66 4
121.875 64 2
122.000 64 2
122.125 62 0
122.250 62 0
122.375 64 2
123.625 62 0
123.750 62 0
123.875 66 4
125.125 66 4
125.250 66 4
125.500 66 4
125.625 62 0
125.750 62 0
125.875 62 0
127.625 62 0
127.750 62 0
127.875 66 4
129.625 66 4
129.750 64 2
129.875 66 4
130.125 62 0
130.375 60 10
131.625 66 4
131.750 66 4
131.812 64 2
131.875 66 4
132.000 66 4
133.375 62 0
133.500 66 4
133.625 64 2
133.750 62 0
133.875 67 5
134.000 66 4
135.375 65 3
135.500 66 4
135.625 65 3
135.750 64 2
135.875 67 5
136.000 64 2
137.500 62 0
137.625 62 0
137.750 62 0
138.000 59 9
138.125 57 7
141.500 66 4
141.625 66 4
141.750 66 4
141.875 64 2
142.125 62 0
145.500 66 4
145.625 66 4
145.750 66 4
145.875 64 2
146.125 62 0
149.500 66 4
149.625 66 4
149.750 66 4
149.875 64 2
150.125 62 0
151.500 62 0
151.625 62 0
151.750 62 0
152.000 59 9
152.125 57 7
153.500 62 0
153.625 62 0
153.750 62 0
153.875 62 0
154.000 64 2
154.125 62 0
154.250 62 0
155.750 66 4
156.000 66 4
156.125 66 4
157.375 67 5
157.500 67 5
157.625 69 7
157.750 71 9
157.875 69 7
158.125 64 2
158.250 66 4
159.500 66 4
159.625 64 2
159.750 62 0
159.875 64 2
161.250 62 0
161.375 59 9
161.438 62 0
161.500 62 0
161.562 62 0
161.812 62 0
163.375 65 3
163.500 67 5
163.625 67 5
163.750 67 5
163.875 66 4
164.000 64 2
165.500 62 0
165.625 59 9
165.750 62 0
166.000 62 0
167.500 66 4
167.750 66 4
167.875 64 2
