0.750 60 7
1.000 57 4
1.625 57 4
1.750 60 7
1.875 62 9
2.000 55 2
2.750 55 2
2.875 57 4
3.000 58 5
3.250 65 0
3.625 65 0
3.750 64 11
3.875 60 7
4.000 62 9
4.125 60 7
4.188 58 5
4.250 57 4
4.875 60 7
5.000 62 9
5.125 62 9
5.375 62 9
5.500 67 2
5.562 65 0
5.688 64 11
5.812 65 0
5.875 62 9
6.000 60 7
6.500 53 0
6.625 55 2
6.750 57 4
6.875 62 9
7.000 60 7
7.375 60 7
7.500 58 5
7.625 57 4
7.875 52 11
8.000 53 0
8.750 60 7
9.000 57 4
9.625 57 4
9.750 60 7
9.875 62 9
10.000 55 2
10.750 55 2
10.875 57 4
11.000 58 5
11.250 65 0
11.625 65 0
11.750 64 11
11.875 60 7
12.000 62 9
12.125 60 7
12.188 58 5
12.250 57 4
12.875 60 7
13.000 62 9
13.062 62 9
13.375 62 9
13.500 67 2
13.562 65 0
13.688 64 11
13.812 65 0
13.875 62 9
14.000 60 7
14.500 53 0
14.625 55 2
14.750 57 4
14.875 62 9
15.000 60 7
15.375 60 7
15.500 58 5
15.625 57 4
15.875 52 11
16.000 53 0
17.188 53 0
17.250 65 0
17.312 62 9
17.438 62 9
17.625 60 7
17.750 60 7
17.875 58 5
17.938 62 9
18.250 65 0
18.375 62 9
18.750 65 0
18.875 58 5
19.250 65 0
19.375 62 9
19.625 60 7
19.750 58 5
19.875 60 7
20.250 62 9
20.375 60 7
20.750 58 5
20.875 57 4
21.125 55 2
21.188 53 0
22.188 53 0
22.250 65 0
22.375 62 9
22.438 62 9
22.625 60 7
22.688 60 7
22.812 58 5
22.875 62 9
23.250 65 0
23.375 62 9
23.750 65 0
23.875 58 5
24.250 65 0
24.375 62 9
24.625 60 7
24.750 58 5
24.875 60 7
25.250 62 9
25.375 60 7
25.625 58 5
25.875 57 4
26.125 55 2
26.188 53 0
26.625 57 4
26.750 60 7
26.875 62 9
27.000 63 10
27.500 63 10
28.000 64 11
28.125 65 0
28.250 67 2
28.500 67 2
29.750 60 7
29.812 62 9
29.938 57 4
30.625 57 4
30.750 60 7
30.875 62 9
30.938 55 2
31.750 55 2
31.875 57 4
32.000 58 5
32.250 65 0
32.625 65 0
32.750 64 11
32.875 60 7
33.000 62 9
33.125 60 7
33.188 58 5
33.250 57 4
33.875 60 7
34.000 62 9
34.125 62 9
34.375 62 9
34.500 67 2
34.562 65 0
34.688 64 11
34.812 65 0
34.875 62 9
35.000 60 7
35.500 53 0
35.625 55 2
35.750 57 4
35.875 62 9
36.000 60 7
36.375 60 7
36.500 58 5
36.625 57 4
36.875 52 11
37.000 53 0
38.125 53 0
38.250 65 0
38.312 62 9
38.438 62 9
38.625 60 7
38.750 60 7
38.812 58 5
38.875 62 9
39.250 65 0
39.375 62 9
39.750 65 0
39.875 58 5
40.250 65 0
40.375 62 9
40.625 60 7
40.750 58 5
40.875 60 7
41.125 62 9
41.375 60 7
41.750 58 5
41.875 57 4
42.062 55 2
42.125 53 0
43.188 57 4
43.250 65 0
43.375 67 2
43.438 70 5
43.625 65 0
43.688 67 2
43.812 67 2
43.938 65 0
44.000 62 9
44.250 65 0
44.375 62 9
44.750 67 2
44.875 62 9
44.938 60 7
45.000 58 5
45.062 55 2
45.250 65 0
45.375 62 9
45.625 60 7
45.750 58 5
45.875 60 7
46.250 62 9
46.375 60 7
46.625 58 5
46.875 57 4
47.062 55 2
47.125 53 0
47.625 57 4
47.750 60 7
47.875 62 9
48.000 63 10
48.500 63 10
49.000 64 11
49.125 65 0
49.250 67 2
49.500 67 2
50.750 60 7
50.812 62 9
50.938 65 0
51.000 60 7
51.062 62 9
51.125 60 7
51.188 57 4
51.625 57 4
51.750 60 7
51.875 62 9
52.000 55 2
52.750 55 2
52.875 57 4
53.000 58 5
53.250 65 0
53.625 65 0
53.750 64 11
53.875 60 7
54.000 62 9
54.125 60 7
54.188 58 5
54.250 57 4
54.875 60 7
55.000 62 9
55.125 62 9
55.375 62 9
55.500 67 2
55.562 65 0
55.688 64 11
55.812 65 0
55.875 62 9
56.000 60 7
56.500 53 0
56.625 55 2
56.750 57 4
56.875 62 9
57.000 60 7
57.375 60 7
57.500 58 5
57.625 57 4
57.875 52 11
58.125 53 0
58.250 55 2
58.375 57 4
58.500 59 6
58.625 60 7
58.750 64 11
58.875 65 0
59.000 68 3
59.125 69 4
59.250 71 6
59.375 72 7
59.500 77 0
60.000 53 0
60.500 57 4
60.750 60 7
61.000 67 2
61.062 65 0
61.125 67 2
61.250 65 0
62.000 67 2
62.062 65 0
62.125 67 2
62.250 65 0
62.750 63 10
62.812 62 9
62.938 60 7
64.000 53 0
64.500 57 4
64.750 60 7
65.000 67 2
65.062 65 0
65.125 67 2
65.250 65 0
66.000 67 2
66.062 65 0
66.125 67 2
66.250 65 0
66.750 63 10
66.812 62 9
66.938 60 7
68.000 53 0
68.500 57 4
68.750 60 7
69.000 67 2
69.062 65 0
69.125 67 2
69.250 65 0
70.000 67 2
70.062 65 0
70.125 67 2
70.250 65 0
70.750 63 10
70.812 62 9
70.938 60 7
72.000 53 0
72.500 57 4
72.750 60 7
73.000 67 2
73.062 65 0
73.125 67 2
73.250 65 0
74.000 67 2
74.062 65 0
74.125 67 2
74.250 65 0
74.750 63 10
74.812 62 9
74.938 60 7
76.000 53 0
76.500 57 4
76.750 60 7
77.000 67 2
77.062 65 0
77.125 67 2
77.250 65 0
78.000 67 2
78.062 65 0
78.125 67 2
78.250 65 0
78.750 63 10
78.812 62 9
78.938 60 7
80.000 53 0
80.500 57 4
80.750 60 7
81.000 67 2
81.062 65 0
81.125 67 2
81.250 65 0
82.000 67 2
82.062 65 0
82.125 67 2
82.250 65 0
82.750 63 10
82.812 62 9
82.938 60 7
84.000 53 0
84.500 57 4
84.750 60 7
85.000 67 2
85.062 65 0
85.125 67 2
85.250 65 0
86.000 67 2
86.062 65 0
86.125 67 2
86.250 65 0
86.750 63 10
86.812 62 9
86.938 60 7
88.000 53 0
88.500 57 4
88.750 60 7
89.000 67 2
89.062 65 0
89.125 67 2
89.250 65 0
90.000 67 2
90.062 65 0
90.125 67 2
90.250 65 0
90.750 63 10
90.812 62 9
90.938 60 7
92.000 53 0
92.500 57 4
92.750 60 7
93.000 67 2
93.062 65 0
93.125 67 2
93.250 65 0
94.000 67 2
94.062 65 0
94.125 67 2
94.250 65 0
94.750 63 10
94.812 62 9
94.938 60 7
96.000 53 0
96.500 57 4
96.750 60 7
97.000 67 2
97.062 65 0
97.125 67 2
97.250 65 0
98.000 67 2
98.062 65 0
98.125 67 2
98.250 65 0
98.750 63 10
98.812 62 9
98.938 60 7
100.000 53 0
100.500 57 4
100.750 60 7
101.000 67 2
101.062 65 0
101.125 67 2
101.250 65 0
102.000 67 2
102.062 65 0
102.125 67 2
102.250 65 0
102.750 63 10
102.812 62 9
102.938 60 7
104.000 53 0
104.500 57 4
104.750 60 7
105.000 67 2
105.062 65 0
105.125 67 2
105.250 65 0
106.000 67 2
106.062 65 0
106.125 67 2
106.250 65 0
106.750 63 10
106.812 62 9
106.938 60 7
108.000 53 0
108.500 57 4
108.750 60 7
109.000 67 2
109.062 65 0
109.125 67 2
109.250 65 0
110.000 67 2
110.062 65 0
110.125 67 2
110.250 65 0
110.750 63 10
110.812 62 9
110.938 60 7
112.000 53 0
112.500 57 4
112.750 60 7
113.000 67 2
113.062 65 0
113.125 67 2
113.250 65 0
114.000 67 2
114.062 65 0
114.125 67 2
114.250 65 0
114.750 63 10
114.812 62 9
114.938 60 7
116.000 53 0
116.500 57 4
116.750 60 7
117.000 67 2
117.062 65 0
117.125 67 2
117.250 65 0
118.000 67 2
118.062 65 0
118.125 67 2
118.250 65 0
118.750 63 10
118.812 62 9
118.938 60 7
120.000 53 0
120.500 57 4
120.750 60 7
121.000 67 2
121.062 65 0
121.125 67 2
121.250 65 0
122.000 67 2
122.062 65 0
122.125 67 2
122.250 65 0
122.750 63 10
122.812 62 9
122.938 60 7
124.000 53 0
124.500 57 4
124.750 60 7
125.000 67 2
125.062 65 0
125.125 67 2
125.250 65 0
126.000 67 2
126.062 65 0
126.125 67 2
126.250 65 0
126.750 63 10
126.812 62 9
126.938 60 7
128.000 53 0
128.500 57 4
128.750 60 7
129.000 67 2
129.062 65 0
129.125 67 2
129.250 65 0
130.000 67 2
130.062 65 0
130.125 67 2
130.250 65 0
130.750 63 10
130.812 62 9
130.938 60 7
