7.875 55 0
8.000 59 4
8.125 55 0
8.500 55 0
8.625 55 0
8.875 58 3
9.000 59 4
9.125 58 3
9.375 55 0
9.625 55 0
9.750 53 10
9.875 53 10
10.000 55 0
11.875 55 0
12.000 58 3
12.125 57 2
12.250 55 0
12.375 58 3
12.500 57 2
12.625 55 0
12.875 58 3
13.125 57 2
13.250 55 0
13.500 55 0
13.625 55 0
13.875 57 2
15.875 55 0
16.000 59 4
16.125 55 0
16.500 55 0
16.750 55 0
16.875 58 3
17.125 57 2
17.375 55 0
17.625 55 0
17.875 53 10
18.125 55 0
19.625 55 0
19.750 55 0
19.875 67 0
20.125 62 7
20.375 58 3
20.625 55 0
21.000 62 7
21.250 55 0
21.375 55 0
21.625 59 4
21.750 57 2
21.875 55 0
23.625 62 7
23.750 62 7
23.875 67 0
24.625 65 10
24.750 62 7
24.875 60 5
25.000 62 7
25.625 64 9
25.750 58 3
26.000 59 4
26.062 55 0
28.000 67 0
28.125 67 0
28.500 62 7
28.625 62 7
29.000 62 7
29.125 62 7
29.375 59 4
29.500 62 7
29.625 64 9
29.750 58 3
29.875 57 2
30.000 55 0
31.875 55 0
32.000 59 4
32.125 55 0
32.500 55 0
32.625 55 0
32.875 58 3
33.125 57 2
33.375 55 0
33.625 55 0
33.875 53 10
34.000 55 0
35.875 55 0
36.000 59 4
36.125 62 7
36.500 58 3
36.625 57 2
36.750 55 0
36.875 58 3
37.125 57 2
37.500 55 0
37.625 55 0
37.875 57 2
39.875 55 0
40.000 59 4
40.125 55 0
40.500 55 0
40.625 55 0
40.875 58 3
41.125 57 2
41.375 55 0
41.625 55 0
41.875 53 10
42.125 55 0
43.875 55 0
44.000 65 10
44.125 65 10
44.375 58 3
44.625 55 0
45.000 62 7
45.250 57 2
45.375 58 3
45.625 58 3
45.750 57 2
45.875 55 0
47.625 62 7
47.750 62 7
47.875 67 0
48.625 65 10
48.750 62 7
48.875 60 5
49.000 62 7
49.625 64 9
49.750 58 3
50.000 59 4
50.062 55 0
52.000 67 0
52.125 67 0
52.500 62 7
52.625 62 7
53.000 62 7
53.125 62 7
53.375 59 4
53.500 62 7
53.625 64 9
53.750 58 3
53.875 57 2
54.000 55 0
71.625 62 7
71.750 62 7
71.875 67 0
72.625 65 10
72.750 62 7
72.875 60 5
73.000 62 7
73.625 64 9
73.750 58 3
74.000 59 4
74.062 55 0
76.000 67 0
76.125 67 0
76.500 62 7
76.625 62 7
77.000 62 7
77.125 62 7
77.375 59 4
77.500 62 7
77.625 64 9
77.750 58 3
77.875 57 2
78.000 55 0
79.625 62 7
79.750 62 7
79.875 67 0
80.625 65 10
80.750 62 7
80.875 60 5
81.000 62 7
81.625 64 9
81.750 58 3
82.000 59 4
82.062 55 0
84.000 67 0
84.125 67 0
84.500 62 7
84.625 62 7
85.000 62 7
85.125 62 7
85.375 59 4
85.500 62 7
85.625 64 9
85.750 58 3
85.875 57 2
86.000 55 0
