0.167 63 3
0.250 63 3
0.500 63 3
0.667 63 3
0.750 63 3
0.917 63 3
1.000 60 0
1.417 60 0
1.667 58 10
2.417 64 4
2.667 55 7
2.750 57 9
2.917 60 0
3.000 60 0
4.167 63 3
4.250 62 2
4.417 63 3
4.500 62 2
4.667 63 3
4.750 62 2
4.917 63 3
5.000 60 0
5.417 60 0
5.667 57 9
6.417 64 4
6.667 55 7
6.750 57 9
6.917 60 0
7.000 60 0
8.250 63 3
8.667 63 3
8.750 63 3
9.000 62 2
9.167 62 2
9.250 62 2
9.417 62 2
9.500 62 2
9.667 62 2
9.750 62 2
9.917 62 2
10.000 63 3
10.250 62 2
10.500 62 2
10.750 60 0
10.917 60 0
12.167 63 3
12.250 63 3
12.417 63 3
12.667 63 3
12.750 63 3
12.917 63 3
13.250 63 3
13.417 64 4
14.167 62 2
14.417 63 3
14.667 60 0
14.750 60 0
14.917 60 0
15.000 60 0
16.167 63 3
16.250 63 3
16.417 63 3
16.667 63 3
16.750 63 3
16.917 63 3
17.250 63 3
18.167 63 3
18.417 63 3
18.667 60 0
18.750 60 0
18.917 60 0
19.000 60 0
20.250 63 3
20.667 63 3
20.750 63 3
21.000 62 2
21.167 62 2
21.250 62 2
21.417 62 2
21.500 62 2
21.667 60 0
21.750 62 2
21.917 60 0
22.000 63 3
22.250 62 2
22.500 62 2
22.750 60 0
22.917 60 0
24.167 63 3
24.250 63 3
24.500 63 3
24.667 63 3
24.750 63 3
24.917 63 3
25.000 60 0
25.417 60 0
25.667 58 10
26.417 63 3
26.667 55 7
26.750 57 9
26.917 60 0
27.000 60 0
28.167 63 3
28.250 62 2
28.417 63 3
28.500 62 2
28.667 63 3
28.750 62 2
28.917 63 3
29.000 60 0
29.417 60 0
29.667 57 9
30.417 63 3
30.667 55 7
30.750 57 9
30.917 60 0
31.000 60 0
32.250 63 3
32.667 63 3
32.750 63 3
33.000 62 2
33.167 62 2
33.250 62 2
33.417 62 2
33.500 62 2
33.667 60 0
33.750 62 2
33.917 60 0
34.000 63 3
34.250 62 2
34.500 62 2
34.750 60 0
34.917 60 0
48.167 63 3
48.250 63 3
48.417 62 2
48.667 62 2
48.750 63 3
48.917 63 3
49.417 63 3
50.167 63 3
50.417 62 2
50.667 60 0
50.750 60 0
50.917 60 0
51.000 60 0
52.167 63 3
52.250 63 3
52.417 63 3
52.667 63 3
52.750 63 3
52.917 63 3
53.250 63 3
54.167 63 3
54.417 63 3
54.667 60 0
54.750 60 0
54.917 60 0
55.000 60 0
56.250 63 3
56.667 63 3
56.750 63 3
57.000 62 2
57.167 62 2
57.250 62 2
57.417 62 2
57.500 62 2
57.667 62 2
57.750 62 2
57.917 62 2
58.000 63 3
58.250 62 2
58.500 62 2
58.750 60 0
58.917 60 0
72.167 63 3
72.250 63 3
72.417 63 3
72.667 63 3
72.750 63 3
72.917 62 2
73.417 64 4
74.167 63 3
74.417 63 3
74.667 60 0
74.750 60 0
74.917 60 0
75.000 60 0
76.167 63 3
76.250 62 2
76.417 63 3
76.500 62 2
76.667 63 3
76.750 62 2
76.917 63 3
77.250 63 3
78.167 63 3
78.417 63 3
78.667 60 0
78.750 60 0
78.917 60 0
79.000 60 0
80.250 62 2
80.667 62 2
80.750 63 3
81.000 62 2
81.167 62 2
81.250 62 2
81.417 62 2
81.500 62 2
81.667 55 7
81.750 55 7
81.917 60 0
82.000 63 3
82.167 60 0
82.250 62 2
82.667 62 2
82.917 60 0
83.000 60 0
84.167 63 3
84.250 63 3
84.500 63 3
84.667 63 3
84.750 63 3
84.917 63 3
85.000 60 0
85.417 60 0
85.667 58 10
86.417 63 3
86.667 55 7
86.750 57 9
86.917 60 0
87.000 60 0
88.167 63 3
88.250 62 2
88.417 63 3
88.500 62 2
88.667 63 3
88.750 62 2
88.917 63 3
89.000 60 0
89.417 60 0
89.667 57 9
90.417 63 3
90.667 55 7
90.750 57 9
90.917 60 0
91.000 60 0
92.250 62 2
92.667 62 2
92.750 63 3
93.000 62 2
93.167 62 2
93.250 62 2
93.417 62 2
93.500 55 7
93.917 62 2
94.000 63 3
94.250 62 2
94.500 62 2
94.750 60 0
94.917 60 0
