7.938 55 7
8.000 55 7
8.125 60 0
8.188 60 0
8.375 62 2
8.438 62 2
8.625 64 4
8.688 64 4
8.938 60 0
9.000 62 2
9.094 60 0
9.125 62 2
9.938 55 7
10.000 55 7
10.125 60 0
10.188 60 0
10.375 62 2
10.438 62 2
10.625 64 4
10.688 64 4
10.938 60 0
11.000 62 2
11.094 60 0
11.125 62 2
11.938 55 7
12.000 55 7
12.125 60 0
12.188 60 0
12.375 62 2
12.438 62 2
12.625 64 4
12.688 64 4
12.938 60 0
13.000 62 2
13.125 64 4
13.156 62 2
13.188 60 0
13.219 62 2
13.562 60 0
13.594 57 9
13.938 55 7
14.000 55 7
14.125 60 0
14.188 60 0
14.375 62 2
14.438 62 2
14.625 64 4
14.688 64 4
14.938 60 0
15.000 62 2
15.125 63 3
15.156 62 2
15.188 60 0
15.219 64 4
15.312 64 4
15.344 60 0
15.375 62 2
15.562 64 4
15.750 60 0
15.812 60 0
15.938 59 11
16.000 57 9
16.062 60 0
16.750 57 9
16.812 60 0
16.938 62 2
17.000 64 4
17.188 62 2
17.750 60 0
17.812 60 0
17.875 59 11
17.938 57 9
18.000 57 9
18.062 55 7
18.750 60 0
18.812 62 2
18.938 64 4
19.000 65 5
19.062 64 4
19.188 62 2
19.312 60 0
19.438 57 9
19.500 55 7
19.625 64 4
19.688 64 4
19.750 64 4
19.875 62 2
19.938 60 0
20.000 60 0
20.625 64 4
20.688 64 4
20.750 64 4
20.875 62 2
20.938 60 0
21.000 62 2
21.125 60 0
21.188 60 0
21.562 55 7
21.625 64 4
21.688 64 4
21.750 64 4
21.812 64 4
21.875 64 4
21.938 64 4
22.000 64 4
22.125 65 5
22.188 65 5
22.625 64 4
22.688 64 4
22.750 64 4
22.875 64 4
23.000 64 4
23.125 62 2
23.188 62 2
23.375 64 4
23.625 64 4
23.688 64 4
23.750 64 4
23.812 62 2
23.875 62 2
23.938 60 0
24.000 60 0
24.562 55 7
24.625 64 4
24.688 64 4
24.750 64 4
24.812 62 2
24.875 62 2
24.938 60 0
25.000 62 2
25.125 60 0
25.188 60 0
25.312 62 2
25.438 65 5
25.688 64 4
25.719 64 4
25.750 64 4
25.875 62 2
25.938 60 0
26.000 60 0
26.625 64 4
26.688 64 4
26.750 64 4
26.938 62 2
26.969 60 0
27.000 62 2
27.625 62 2
27.688 62 2
27.750 62 2
27.875 60 0
27.938 59 11
28.000 60 0
28.094 59 11
28.125 57 9
29.938 55 7
30.000 55 7
30.125 60 0
30.188 60 0
30.375 62 2
30.438 62 2
30.625 64 4
30.688 64 4
30.938 60 0
31.000 62 2
31.094 60 0
31.125 62 2
31.438 64 4
31.750 62 2
31.844 60 0
31.938 56 8
32.000 55 7
32.125 60 0
32.188 60 0
32.375 62 2
32.438 62 2
32.625 64 4
32.688 64 4
32.812 62 2
32.938 60 0
33.000 62 2
33.125 60 0
33.156 64 4
33.250 60 0
33.281 62 2
33.750 55 7
33.781 53 5
33.812 52 4
33.938 53 5
34.000 55 7
34.125 60 0
34.188 60 0
34.375 62 2
34.438 62 2
34.625 64 4
34.688 64 4
34.812 62 2
34.938 60 0
35.000 62 2
35.188 60 0
35.219 62 2
35.250 60 0
35.938 55 7
36.000 55 7
36.125 60 0
36.188 60 0
36.312 55 7
36.375 62 2
36.438 62 2
36.625 64 4
36.688 64 4
36.812 62 2
36.938 60 0
37.000 67 7
37.156 68 8
37.188 67 7
37.219 65 5
37.250 67 7
37.281 65 5
37.438 64 4
37.562 67 7
37.594 69 9
37.625 62 2
37.656 60 0
37.750 60 0
37.812 60 0
37.938 59 11
38.000 59 11
38.062 57 9
38.750 57 9
38.812 60 0
38.938 62 2
39.000 64 4
39.125 62 2
39.156 60 0
39.188 62 2
39.219 64 4
39.281 62 2
39.438 64 4
39.750 60 0
39.812 62 2
39.875 64 4
39.969 65 5
40.000 64 4
40.031 62 2
40.062 60 0
40.125 60 0
40.281 57 9
40.312 55 7
40.750 60 0
40.844 62 2
40.938 64 4
41.000 67 7
41.062 64 4
41.188 62 2
41.438 64 4
41.625 64 4
41.688 64 4
41.750 67 7
41.781 64 4
41.875 62 2
41.938 60 0
42.000 60 0
42.625 64 4
42.688 64 4
42.750 65 5
42.781 64 4
42.875 62 2
42.938 60 0
43.000 62 2
43.125 60 0
43.188 60 0
43.562 55 7
43.625 64 4
43.688 64 4
43.750 64 4
43.812 64 4
43.875 64 4
43.938 64 4
44.000 64 4
44.125 65 5
44.188 65 5
44.625 64 4
44.688 64 4
44.750 64 4
44.875 64 4
45.000 64 4
45.125 62 2
45.188 62 2
45.625 64 4
45.688 64 4
45.750 64 4
45.875 62 2
45.938 60 0
46.000 60 0
46.562 55 7
46.625 64 4
46.688 64 4
46.750 64 4
46.812 62 2
46.938 62 2
46.969 60 0
47.000 62 2
47.125 60 0
47.188 60 0
47.312 62 2
47.438 65 5
47.750 64 4
47.781 64 4
47.812 64 4
48.000 62 2
48.062 60 0
48.125 60 0
48.625 64 4
48.688 64 4
48.750 64 4
48.875 62 2
48.938 60 0
49.000 62 2
49.625 62 2
49.688 62 2
49.750 62 2
49.875 60 0
49.938 59 11
50.000 60 0
50.094 59 11
50.125 57 9
51.125 60 0
51.438 60 0
51.500 60 0
51.625 62 2
51.688 64 4
51.938 65 5
52.062 64 4
52.250 60 0
52.812 55 7
52.938 53 5
53.000 52 4
53.125 55 7
53.188 60 0
53.375 62 2
53.438 60 0
53.625 62 2
53.750 61 1
53.812 61 1
53.938 60 0
54.000 58 9
54.125 61 0
54.750 58 9
54.812 61 0
54.938 63 2
55.000 65 4
55.062 61 0
55.125 63 2
55.750 61 0
55.812 63 2
55.875 65 4
55.969 66 5
56.000 65 4
56.031 63 2
56.062 61 0
56.125 61 0
56.750 61 0
56.844 63 2
56.938 65 4
57.000 66 5
57.062 65 4
57.125 61 0
57.188 63 2
57.375 65 4
57.625 65 4
57.688 65 4
57.750 65 4
57.875 63 2
57.938 61 0
58.000 61 0
58.625 65 4
58.688 65 4
58.750 65 4
58.875 63 2
58.938 61 0
59.000 63 2
59.125 61 0
59.188 61 0
59.562 56 7
59.625 65 4
59.688 65 4
59.750 65 4
59.812 65 4
59.875 65 4
59.938 65 4
60.000 65 4
60.125 66 5
60.188 66 5
60.625 65 4
60.688 65 4
60.750 65 4
60.875 65 4
61.000 65 4
61.125 63 2
61.188 63 2
61.375 65 4
61.625 65 4
61.688 65 4
61.750 68 7
61.812 65 4
61.875 63 2
61.938 61 0
62.000 61 0
62.562 56 7
62.625 65 4
62.688 65 4
62.750 65 4
62.812 63 2
62.938 63 2
62.969 61 0
63.000 63 2
63.125 61 0
63.188 61 0
63.312 63 2
63.438 66 5
63.688 65 4
63.719 65 4
63.750 68 7
63.938 63 2
64.000 61 0
64.125 61 0
64.156 58 9
64.188 56 7
64.750 68 7
64.781 65 4
64.812 65 4
65.000 63 2
65.062 61 0
65.125 63 2
65.312 61 0
65.344 57 8
65.625 65 4
65.688 65 4
65.750 65 4
65.875 61 0
65.938 63 2
66.000 61 0
66.219 58 9
66.250 56 7
66.562 65 4
66.750 61 0
66.812 63 2
66.875 65 4
67.000 65 4
67.125 66 5
67.188 65 4
67.281 63 2
67.312 61 0
67.375 63 2
67.406 61 0
67.750 68 7
68.000 65 4
68.062 65 4
68.750 68 7
68.938 65 4
69.062 63 2
69.250 65 4
69.750 68 7
70.000 65 4
70.062 65 4
70.438 68 7
70.750 61 0
70.812 63 2
70.875 65 4
71.000 68 7
71.125 68 7
71.188 68 7
71.375 69 8
71.406 68 7
71.438 66 5
71.469 68 7
71.500 66 5
71.750 68 7
71.938 65 4
72.000 65 4
72.156 63 2
72.188 61 0
72.219 63 2
72.250 65 4
72.344 63 2
72.375 61 0
72.406 63 2
72.438 65 4
72.531 63 2
72.562 61 0
72.594 63 2
72.625 65 4
72.781 63 2
72.812 61 0
72.844 63 2
72.875 65 4
72.969 63 2
73.000 61 0
73.031 63 2
73.062 65 4
73.156 63 2
73.188 61 0
73.219 63 2
73.250 65 4
73.406 63 2
73.438 61 0
73.469 63 2
73.500 65 4
73.594 63 2
73.625 61 0
73.656 63 2
73.688 65 4
73.781 63 2
73.812 61 0
73.844 63 2
73.875 61 0
