0.250 81 4
0.500 81 4
0.750 79 2
1.000 77 0
1.417 74 9
1.500 74 9
2.417 58 5
2.583 58 5
2.667 60 7
2.750 62 9
2.917 60 7
4.417 53 0
4.583 57 4
4.750 62 9
4.917 60 7
5.333 58 5
5.417 55 2
5.500 52 11
5.542 50 9
5.583 48 7
6.417 55 2
6.542 57 4
6.583 53 0
6.833 55 2
6.917 57 4
7.000 55 2
7.042 57 4
8.250 81 4
8.500 81 4
8.750 79 2
9.000 77 0
9.417 74 9
9.500 74 9
10.417 58 5
10.583 58 5
10.708 60 7
10.833 62 9
10.917 60 7
11.417 62 9
12.417 53 0
12.583 57 4
12.792 62 9
13.000 60 7
13.250 58 5
13.417 55 2
13.500 52 11
13.542 50 9
13.583 48 7
14.250 48 7
14.375 52 11
14.500 58 5
14.583 60 7
14.667 57 4
14.833 55 2
14.958 55 2
15.042 53 0
16.458 58 5
16.500 60 7
16.708 57 4
16.750 55 2
16.917 53 0
16.958 57 4
18.458 65 0
18.667 62 9
18.792 60 7
18.833 58 5
18.917 58 5
19.083 62 9
20.458 65 0
20.625 62 9
20.708 65 0
20.833 62 9
20.875 65 0
21.000 62 9
21.083 60 7
21.417 62 9
22.250 57 4
22.417 62 9
22.583 60 7
22.750 57 4
22.917 57 4
23.000 55 2
24.417 60 7
24.667 57 4
24.708 55 2
24.750 53 0
24.833 53 0
24.917 57 4
25.000 55 2
25.042 57 4
26.333 65 0
26.500 67 2
26.667 65 0
26.833 58 5
26.917 60 7
27.000 62 9
28.417 65 0
28.542 65 0
28.708 67 2
28.833 65 0
28.958 67 2
29.000 69 4
29.083 67 2
29.125 65 0
29.250 62 9
29.375 60 7
30.417 60 7
30.625 60 7
30.750 64 11
30.833 67 2
31.000 65 0
31.875 67 2
31.917 69 4
32.250 81 4
32.500 81 4
32.750 79 2
33.000 77 0
33.417 74 9
33.500 74 9
34.417 58 5
34.583 58 5
34.667 60 7
34.750 62 9
34.917 60 7
35.417 62 9
36.417 53 0
36.583 57 4
36.750 62 9
36.917 60 7
37.333 58 5
37.417 55 2
37.500 52 11
37.542 50 9
37.583 48 7
38.417 55 2
38.542 57 4
38.583 53 0
38.833 55 2
38.917 57 4
39.000 55 2
39.042 57 4
40.250 81 4
40.500 81 4
40.750 79 2
41.000 77 0
41.417 74 9
41.500 74 9
42.417 58 5
42.583 58 5
42.708 60 7
42.833 62 9
42.917 60 7
43.417 62 9
44.417 53 0
44.583 57 4
44.792 62 9
45.000 60 7
45.167 58 5
45.333 55 2
45.500 52 11
45.542 50 9
45.583 48 7
46.250 48 7
46.417 52 11
46.583 58 5
46.625 60 7
46.750 57 4
46.875 55 2
46.958 55 2
47.042 53 0
48.250 72 7
48.500 69 4
48.667 67 2
48.750 65 0
49.000 69 4
49.417 60 7
49.750 57 4
49.792 55 2
49.917 53 0
50.000 57 4
50.250 77 0
50.500 77 0
50.667 74 9
50.750 72 7
51.000 77 0
51.417 65 0
51.500 67 2
51.667 65 0
51.833 58 5
52.000 62 9
52.250 77 0
52.500 77 0
52.750 77 0
53.000 77 0
53.167 74 9
53.250 72 7
53.458 65 0
53.542 62 9
53.625 65 0
53.875 62 9
53.917 65 0
54.000 62 9
54.125 60 7
54.250 74 9
54.500 72 7
54.750 69 4
55.000 67 2
55.417 62 9
55.458 60 7
55.583 63 10
55.667 64 11
55.833 64 11
55.958 62 9
56.083 62 9
56.167 60 7
56.250 72 7
56.500 69 4
56.667 67 2
56.750 65 0
57.000 69 4
57.417 60 7
57.500 62 9
57.625 60 7
57.708 57 4
57.750 55 2
57.792 53 0
57.917 53 0
58.000 57 4
58.083 55 2
58.125 57 4
58.250 77 0
58.417 79 2
58.500 77 0
58.917 72 7
59.000 74 9
59.250 65 0
59.417 67 2
59.583 65 0
59.750 58 5
59.833 62 9
60.250 77 0
60.500 77 0
60.667 77 0
60.750 77 0
61.000 81 4
61.500 65 0
61.750 65 0
61.917 62 9
62.000 62 9
62.083 60 7
62.250 72 7
62.417 72 7
62.500 76 11
62.750 79 2
63.000 79 2
63.083 77 0
63.250 65 0
63.417 65 0
63.583 65 0
63.750 65 0
63.833 65 0
63.875 67 2
63.917 69 4
64.250 81 4
64.500 81 4
64.750 79 2
65.000 77 0
65.417 74 9
65.500 74 9
66.333 50 9
66.417 62 9
66.500 62 9
66.667 62 9
66.750 62 9
66.875 62 9
66.958 60 7
67.417 62 9
68.500 53 0
68.667 57 4
68.833 62 9
69.000 60 7
69.333 58 5
69.417 55 2
69.583 52 11
69.667 50 9
69.708 48 7
70.417 55 2
70.542 57 4
70.583 53 0
70.833 55 2
70.917 57 4
71.000 55 2
71.042 57 4
72.250 81 4
72.500 81 4
72.750 79 2
73.000 77 0
73.417 74 9
73.500 74 9
74.417 58 5
74.583 58 5
74.708 60 7
74.833 62 9
74.917 60 7
75.417 62 9
76.417 53 0
76.583 57 4
76.792 62 9
76.958 60 7
77.125 58 5
77.333 55 2
77.417 52 11
77.500 50 9
77.542 48 7
78.250 48 7
78.375 52 11
78.500 58 5
78.583 60 7
78.667 57 4
78.833 55 2
78.958 55 2
79.042 53 0
79.250 72 7
79.500 74 9
79.750 77 0
80.000 77 0
