8.000 67 9
8.125 65 7
8.250 62 4
8.312 60 2
8.375 62 4
8.438 60 2
9.000 60 2
9.125 62 4
9.438 58 0
9.500 55 9
10.000 55 9
10.125 58 0
10.250 65 7
10.375 65 7
10.688 67 9
11.000 62 4
11.062 61 3
11.188 60 2
11.250 58 0
11.312 60 2
12.000 67 9
12.125 65 7
12.250 62 4
12.375 62 4
12.438 60 2
13.000 60 2
13.125 62 4
13.188 58 0
13.375 55 9
14.000 55 9
14.125 58 0
14.250 65 7
14.375 65 7
14.625 67 9
15.000 62 4
15.125 61 3
15.188 60 2
15.312 58 0
15.375 60 2
15.688 62 4
16.250 62 4
16.625 60 2
16.875 58 0
17.000 62 4
17.531 60 2
17.594 58 0
17.625 55 9
17.688 53 7
17.938 53 7
18.000 53 7
18.688 53 7
18.750 70 0
18.812 69 11
19.000 67 9
19.250 65 7
19.312 62 4
19.375 65 7
19.438 62 4
19.750 62 4
19.812 60 2
19.875 58 0
19.938 60 2
20.000 58 0
20.750 70 0
20.812 69 11
21.000 67 9
21.188 62 4
21.250 65 7
21.375 65 7
21.625 62 4
21.719 60 2
21.750 58 0
22.000 62 4
22.062 65 7
22.250 65 7
22.312 62 4
22.375 67 9
23.000 70 0
23.125 69 11
23.188 65 7
23.250 65 7
23.375 62 4
23.562 60 2
23.625 58 0
23.938 58 0
24.000 67 9
24.125 65 7
24.312 65 7
24.375 62 4
24.500 60 2
24.562 58 0
24.875 67 9
24.938 69 11
25.000 70 0
25.125 69 11
25.188 65 7
25.250 65 7
25.375 62 4
25.500 60 2
25.562 58 0
25.938 58 0
26.000 67 9
26.125 65 7
26.312 65 7
26.375 62 4
26.500 62 4
26.531 60 2
26.562 58 0
26.938 55 9
27.000 62 4
27.125 60 2
27.750 67 9
27.938 62 4
28.000 62 4
28.062 60 2
28.125 60 2
28.688 65 7
28.750 67 9
28.812 69 11
29.000 70 0
29.250 69 11
29.312 65 7
29.375 65 7
29.500 62 4
30.750 55 9
30.812 62 4
31.000 62 4
32.375 60 2
32.406 58 0
32.438 55 9
35.000 67 9
35.125 65 7
35.250 62 4
35.312 60 2
35.375 62 4
35.438 60 2
36.000 60 2
36.062 60 2
36.125 62 4
36.250 58 0
36.438 55 9
36.938 53 7
37.000 55 9
37.125 58 0
37.250 65 7
37.375 65 7
37.688 67 9
37.938 55 9
38.000 62 4
38.125 61 3
38.188 60 2
38.312 58 0
38.375 60 2
39.000 67 9
39.125 65 7
39.250 62 4
39.375 62 4
39.438 60 2
39.938 58 0
40.000 60 2
40.125 62 4
40.250 58 0
40.375 55 9
40.938 53 7
41.000 55 9
41.125 58 0
41.250 65 7
41.375 65 7
41.625 67 9
41.938 58 0
42.000 61 3
42.062 61 3
42.125 60 2
42.250 58 0
42.312 58 0
42.375 60 2
43.188 65 7
43.250 67 9
43.312 69 11
43.500 70 0
43.625 70 0
43.750 70 0
43.875 67 9
43.938 65 7
45.688 58 0
45.750 70 0
45.812 69 11
46.000 67 9
46.188 62 4
46.250 65 7
46.312 62 4
46.375 65 7
46.500 62 4
46.750 62 4
46.812 60 2
46.938 60 2
47.000 58 0
47.750 70 0
47.812 69 11
48.000 67 9
48.188 62 4
48.250 65 7
48.375 65 7
48.625 62 4
48.719 60 2
48.750 58 0
49.000 62 4
49.062 65 7
49.250 65 7
49.312 62 4
49.375 67 9
49.750 69 11
50.000 70 0
50.125 69 11
50.188 65 7
50.250 65 7
50.375 62 4
50.562 60 2
50.625 58 0
50.938 58 0
51.000 67 9
51.125 65 7
51.312 65 7
51.375 62 4
51.500 60 2
51.562 58 0
51.875 67 9
51.938 69 11
52.000 70 0
52.125 69 11
52.188 65 7
52.250 65 7
52.375 62 4
52.469 60 2
52.500 58 0
52.938 58 0
53.000 67 9
53.125 65 7
53.312 65 7
53.375 62 4
53.500 62 4
53.531 60 2
53.562 58 0
53.938 55 9
54.000 62 4
54.125 60 2
54.750 67 9
54.938 62 4
55.000 62 4
55.062 60 2
55.125 60 2
55.688 65 7
55.750 67 9
55.812 69 11
56.000 70 0
56.250 69 11
56.312 65 7
56.375 65 7
56.500 62 4
57.812 55 9
57.875 62 4
58.000 62 4
59.750 60 2
59.781 58 0
59.812 55 9
59.875 58 0
