6.875 62 7
7.000 62 7
7.250 62 7
7.500 59 4
7.750 62 7
7.875 60 5
8.250 64 9
8.500 62 7
9.000 59 4
9.125 59 4
9.375 57 2
9.500 59 4
9.562 57 2
9.750 59 4
9.875 55 0
10.250 60 5
10.500 59 4
11.000 59 4
11.125 59 4
11.375 57 2
11.500 59 4
11.562 57 2
11.750 59 4
11.875 55 0
12.500 57 2
12.625 54 11
13.000 55 0
16.875 62 7
17.000 62 7
17.250 62 7
17.500 59 4
17.625 59 4
17.750 62 7
17.875 60 5
18.250 64 9
18.500 62 7
19.000 59 4
19.125 59 4
19.375 57 2
19.500 59 4
19.562 57 2
19.750 59 4
19.875 55 0
20.250 60 5
20.500 59 4
21.000 59 4
21.125 59 4
21.375 57 2
21.500 59 4
21.562 57 2
21.750 59 4
21.875 55 0
22.500 57 2
22.625 54 11
23.000 55 0
26.875 67 0
27.000 67 0
27.250 66 11
27.500 64 9
27.625 64 9
27.750 66 11
27.875 66 11
28.000 67 0
28.250 66 11
28.375 64 9
28.438 62 7
28.500 60 5
28.875 62 7
29.000 62 7
29.250 60 5
29.500 59 4
29.750 60 5
29.875 62 7
30.875 67 0
31.000 67 0
31.250 66 11
31.375 64 9
31.625 66 11
32.000 67 0
32.250 66 11
32.375 66 11
32.500 64 9
32.625 60 5
33.000 59 4
33.125 59 4
33.375 57 2
33.500 59 4
33.562 57 2
33.750 59 4
33.875 55 0
34.250 60 5
34.500 59 4
35.000 59 4
35.125 59 4
35.375 57 2
35.500 59 4
35.562 57 2
35.750 59 4
35.875 55 0
36.500 57 2
36.625 54 11
37.000 55 0
50.875 62 7
51.000 62 7
51.250 62 7
51.500 59 4
51.625 59 4
51.750 62 7
51.875 60 5
52.375 64 9
52.500 62 7
53.000 59 4
53.125 59 4
53.375 57 2
53.500 59 4
53.562 57 2
53.750 59 4
53.875 55 0
54.250 60 5
54.500 59 4
55.000 59 4
55.125 59 4
55.375 57 2
55.500 59 4
55.562 57 2
55.750 59 4
55.875 55 0
56.500 57 2
56.625 54 11
57.000 55 0
60.875 62 7
61.000 62 7
61.250 62 7
61.375 60 5
61.500 59 4
61.625 59 4
61.750 62 7
61.875 60 5
62.250 64 9
62.500 62 7
63.000 59 4
63.125 59 4
63.375 57 2
63.500 59 4
63.562 57 2
63.750 59 4
63.875 55 0
64.250 60 5
64.500 59 4
65.000 59 4
65.125 59 4
65.375 57 2
65.500 59 4
65.562 57 2
65.750 59 4
65.875 55 0
66.500 57 2
66.625 54 11
67.000 55 0
70.875 67 0
71.000 67 0
71.250 66 11
71.500 64 9
71.625 64 9
71.750 66 11
71.875 66 11
72.000 67 0
72.250 66 11
72.375 64 9
72.438 62 7
72.500 60 5
72.875 62 7
73.000 62 7
73.250 60 5
73.500 59 4
73.750 60 5
73.875 62 7
74.875 67 0
75.000 67 0
75.250 66 11
75.375 64 9
75.625 66 11
76.000 67 0
76.250 66 11
76.375 66 11
76.500 64 9
76.625 60 5
77.000 59 4
77.125 59 4
77.375 57 2
77.500 59 4
77.562 57 2
77.750 59 4
77.875 55 0
78.250 60 5
78.500 59 4
79.000 59 4
79.125 59 4
79.375 57 2
79.500 59 4
79.562 57 2
79.750 59 4
79.875 55 0
80.500 57 2
80.625 54 11
81.000 55 0
