2.667 60 0
2.833 60 0
3.000 60 0
3.167 60 0
3.250 55 7
3.333 60 0
3.833 60 0
4.000 60 0
4.083 58 10
4.250 60 0
6.750 64 4
6.917 64 4
7.167 60 0
7.333 60 0
7.417 60 0
7.500 55 7
7.833 62 2
8.000 60 0
18.333 60 0
18.500 55 7
18.667 60 0
19.667 58 10
20.083 57 9
20.250 55 7
22.667 60 0
22.833 60 0
23.000 64 4
23.167 60 0
23.250 60 0
23.500 58 10
23.583 55 7
24.000 62 2
24.250 60 0
24.333 62 2
24.417 60 0
25.500 60 0
26.000 64 4
26.333 67 7
26.667 65 5
27.000 64 4
29.000 65 5
30.000 64 4
32.000 63 3
34.667 60 0
34.750 60 0
35.417 58 10
36.417 58 10
36.500 55 7
38.667 55 7
38.750 57 9
38.833 60 0
39.000 62 2
39.083 60 0
39.250 58 10
40.167 62 2
40.417 62 2
40.500 60 0
40.583 62 2
40.667 60 0
41.500 60 0
42.000 64 4
42.333 67 7
42.667 65 5
43.000 64 4
45.000 65 5
46.000 64 4
50.750 65 0
50.833 67 2
51.000 65 0
51.583 65 0
51.833 62 9
51.917 60 7
52.000 60 7
52.167 60 7
53.167 58 5
53.417 57 4
54.000 55 2
54.167 60 7
54.833 60 7
58.833 67 2
59.250 65 0
59.750 65 0
60.000 62 9
60.167 60 7
60.417 58 5
60.583 58 5
61.750 58 5
61.833 55 2
62.167 55 2
62.250 60 7
63.000 60 7
64.000 63 10
66.500 60 0
66.583 60 0
66.750 60 0
68.333 51 3
68.583 58 10
68.667 57 9
68.750 55 7
70.583 55 7
70.667 57 9
70.833 60 0
71.000 62 2
71.083 60 0
71.250 58 10
71.417 55 7
72.250 60 0
72.333 62 2
72.500 60 0
72.583 62 2
72.667 60 0
73.500 60 0
73.750 62 2
74.000 64 4
74.333 67 7
74.667 65 5
75.000 64 4
77.000 65 5
78.000 64 4
81.250 62 2
81.667 62 2
82.000 65 0
82.333 67 2
82.667 67 2
83.000 65 0
84.000 64 11
85.000 64 11
85.500 60 7
85.917 64 11
