3.875 59 7
4.000 59 7
4.125 59 7
4.250 59 7
4.375 59 7
4.500 59 7
4.625 59 7
4.750 59 7
5.000 59 7
5.125 59 7
5.250 61 9
5.375 59 7
5.625 57 5
5.750 56 4
6.125 57 5
6.250 56 4
6.375 56 4
6.500 54 2
6.750 52 0
6.875 54 2
7.125 56 4
8.000 56 4
8.125 56 4
8.250 56 4
8.375 56 4
8.625 56 4
8.875 56 4
9.125 54 2
9.250 56 4
9.375 57 5
9.500 56 4
9.625 54 2
10.125 57 5
10.250 56 4
10.375 56 4
10.500 54 2
10.750 52 0
10.875 54 2
11.125 56 4
11.625 59 7
12.000 59 7
12.125 59 7
12.250 59 7
12.375 59 7
12.500 59 7
12.625 59 7
13.000 59 7
13.125 59 7
13.250 59 7
13.375 61 9
13.500 59 7
14.000 59 7
14.125 59 7
14.250 59 7
14.375 59 7
14.500 59 7
14.625 59 7
14.875 56 4
15.000 59 7
15.125 58 6
15.250 59 7
15.375 61 9
15.500 57 5
15.875 58 6
16.000 59 7
16.125 59 7
16.250 59 7
16.375 59 7
16.500 59 7
16.625 59 7
16.875 58 6
17.000 59 7
17.125 59 7
17.250 59 7
17.375 61 9
17.500 59 7
17.750 52 0
18.000 57 5
18.250 56 4
18.500 52 0
18.750 59 7
18.875 61 9
19.000 59 7
21.875 59 7
22.000 59 7
22.125 59 7
22.250 59 7
22.375 59 7
22.500 59 7
22.625 59 7
22.750 59 7
23.000 59 7
23.125 59 7
23.250 61 9
23.375 59 7
23.625 57 5
23.750 56 4
24.125 57 5
24.250 56 4
24.375 56 4
24.500 54 2
24.750 52 0
24.875 54 2
25.125 56 4
26.000 56 4
26.125 56 4
26.250 56 4
26.375 56 4
26.625 56 4
26.875 56 4
27.125 54 2
27.250 56 4
27.375 57 5
27.500 56 4
27.625 54 2
28.125 57 5
28.250 56 4
28.375 56 4
28.500 54 2
28.750 52 0
28.875 54 2
29.125 56 4
29.625 59 7
30.000 59 7
30.125 59 7
30.250 59 7
30.375 59 7
30.500 59 7
30.625 59 7
31.000 59 7
31.125 59 7
31.250 59 7
31.375 61 9
31.500 59 7
32.000 59 7
32.125 59 7
32.250 59 7
32.375 59 7
32.500 59 7
32.625 59 7
32.875 56 4
33.000 59 7
33.125 58 6
33.250 59 7
33.375 61 9
33.500 58 6
33.875 58 6
34.000 59 7
34.125 59 7
34.250 59 7
34.375 59 7
34.500 59 7
34.625 59 7
34.875 58 6
35.000 59 7
35.125 58 6
35.250 59 7
35.375 61 9
35.500 59 7
35.750 52 0
36.000 57 5
36.250 56 4
36.500 52 0
36.750 59 7
37.000 59 7
47.875 59 7
48.000 61 7
48.125 61 7
48.250 61 7
48.375 61 7
48.500 61 7
48.625 61 7
48.750 61 7
49.000 61 7
49.125 61 7
49.250 63 9
49.375 61 7
49.625 59 5
49.750 58 4
50.125 59 5
50.250 58 4
50.375 58 4
50.500 56 2
50.750 54 0
50.875 56 2
51.125 58 4
52.000 58 4
52.125 58 4
52.250 58 4
52.375 58 4
52.625 58 4
52.875 58 4
53.125 56 2
53.250 58 4
53.375 59 5
53.500 58 4
53.625 56 2
54.125 59 5
54.250 58 4
54.375 58 4
54.500 56 2
54.750 54 0
54.875 56 2
55.125 58 4
55.625 61 7
56.000 61 7
56.125 61 7
56.250 61 7
56.375 61 7
56.500 61 7
56.625 61 7
57.000 61 7
57.125 61 7
57.250 61 7
57.375 63 9
57.500 61 7
58.000 61 7
58.125 61 7
58.250 61 7
58.375 61 7
58.500 61 7
58.625 61 7
58.875 58 4
59.000 61 7
59.125 60 6
59.250 61 7
59.375 63 9
59.500 61 7
59.875 59 5
60.000 61 7
60.125 61 7
60.250 61 7
60.375 61 7
60.500 61 7
60.625 61 7
60.875 59 5
61.000 61 7
61.125 60 6
61.250 61 7
61.375 63 9
61.500 61 7
61.750 54 0
62.000 59 5
62.250 58 4
62.500 54 0
62.750 61 7
62.875 63 9
63.000 61 7
65.875 61 7
66.000 61 7
66.125 61 7
66.250 61 7
66.375 61 7
66.500 61 7
66.625 61 7
66.750 61 7
67.000 61 7
67.125 61 7
67.250 63 9
67.375 61 7
67.625 59 5
67.750 58 4
68.125 59 5
68.250 58 4
68.375 58 4
68.500 56 2
68.750 54 0
68.875 56 2
69.125 58 4
70.000 58 4
70.125 58 4
70.250 58 4
70.375 58 4
70.625 58 4
70.875 58 4
71.125 56 2
71.250 58 4
71.375 59 5
71.500 58 4
71.625 56 2
72.125 59 5
72.250 58 4
72.375 58 4
72.500 56 2
72.750 54 0
72.875 56 2
73.125 58 4
73.625 61 7
74.000 61 7
74.125 61 7
74.250 61 7
74.375 61 7
74.500 61 7
74.625 61 7
75.000 61 7
75.125 61 7
75.250 61 7
75.375 63 9
75.500 61 7
76.000 61 7
76.125 61 7
76.250 61 7
76.375 61 7
76.500 61 7
76.625 61 7
76.875 58 4
77.000 61 7
77.125 60 6
77.250 61 7
77.375 63 9
77.500 61 7
77.875 59 5
78.000 61 7
78.125 61 7
78.250 61 7
78.375 61 7
78.500 61 7
78.625 61 7
78.875 59 5
79.000 61 7
79.125 61 7
79.250 61 7
79.375 63 9
79.500 61 7
79.750 54 0
80.000 59 5
80.250 58 4
80.500 54 0
80.750 61 7
81.000 61 7
82.000 54 0
82.250 54 0
82.500 54 0
82.625 54 0
83.000 59 5
83.250 59 5
83.500 59 5
83.625 59 5
84.125 61 7
84.250 61 7
84.375 61 7
84.500 61 7
84.750 56 2
84.875 56 2
85.125 58 4
86.000 54 0
86.250 54 0
86.500 54 0
86.625 54 0
87.000 59 5
87.250 59 5
87.500 59 5
87.625 59 5
88.125 61 7
88.250 61 7
88.375 61 7
88.500 61 7
88.750 56 2
88.875 56 2
89.125 58 4
90.000 54 0
90.250 54 0
90.500 54 0
90.625 54 0
90.875 54 0
91.000 59 5
91.250 59 5
91.500 59 5
91.625 59 5
92.125 61 7
92.250 61 7
92.375 61 7
92.500 61 7
92.750 56 2
92.875 56 2
93.125 58 4
94.000 54 0
94.250 54 0
94.500 54 0
94.625 54 0
94.875 54 0
95.000 59 5
95.250 59 5
95.500 59 5
95.625 59 5
96.125 61 7
96.250 61 7
96.375 61 7
96.500 61 7
96.750 56 2
96.875 56 2
97.125 58 4
