8.000 53 7
8.375 53 7
8.438 49 3
8.875 44 10
8.938 46 0
10.000 53 7
10.375 46 0
10.438 49 3
10.875 44 10
10.938 46 0
12.000 53 7
12.375 49 3
12.438 54 8
12.875 49 3
12.938 55 9
14.000 53 7
14.375 53 7
14.438 54 8
14.875 54 8
14.938 55 9
15.500 65 7
16.375 67 9
16.438 62 4
16.750 60 2
16.812 58 0
17.000 65 7
17.125 65 7
17.250 65 7
17.312 67 9
17.438 62 4
17.750 60 2
17.812 58 0
18.000 65 7
18.125 65 7
18.250 65 7
18.375 67 9
18.438 62 4
18.750 60 2
18.812 58 0
19.000 65 7
19.125 65 7
19.250 65 7
19.312 67 9
19.438 62 4
19.750 60 2
19.812 58 0
20.000 60 2
20.125 60 2
20.250 60 2
20.312 58 0
20.438 61 3
21.000 60 2
21.125 60 2
21.250 60 2
21.312 58 0
21.438 61 3
21.625 61 3
21.688 60 2
21.812 58 0
22.000 65 7
22.375 67 9
22.438 62 4
22.750 60 2
22.812 58 0
23.000 65 7
23.125 65 7
23.250 65 7
23.312 67 9
23.438 62 4
23.750 60 2
23.812 58 0
24.000 65 7
24.125 65 7
24.250 65 7
24.375 67 9
24.438 62 4
24.750 60 2
24.812 58 0
25.000 65 7
25.125 65 7
25.250 65 7
25.312 67 9
25.438 62 4
25.750 60 2
25.812 58 0
26.000 60 2
26.125 60 2
26.250 60 2
26.312 58 0
26.438 61 3
27.000 60 2
27.125 60 2
27.250 60 2
27.312 58 0
27.438 61 3
27.625 61 3
27.688 60 2
27.875 58 0
28.000 58 0
32.000 53 7
32.375 49 3
32.438 49 3
32.875 46 0
32.938 46 0
34.000 53 7
34.375 46 0
34.438 49 3
34.875 44 10
34.938 46 0
36.000 53 7
36.375 53 7
36.438 54 8
36.875 54 8
36.938 55 9
38.000 53 7
38.375 49 3
38.438 54 8
38.875 51 5
38.938 55 9
39.500 65 7
40.375 67 9
40.438 62 4
40.750 60 2
40.812 58 0
41.000 65 7
41.125 65 7
41.250 65 7
41.312 67 9
41.438 62 4
41.750 60 2
41.812 58 0
42.000 65 7
42.125 65 7
42.250 65 7
42.375 67 9
42.438 62 4
42.750 60 2
42.812 58 0
43.000 65 7
43.125 65 7
43.250 65 7
43.312 67 9
43.438 62 4
43.750 60 2
43.812 58 0
44.000 60 2
44.125 60 2
44.250 60 2
44.312 58 0
44.438 61 3
45.000 60 2
45.125 60 2
45.250 60 2
45.312 58 0
45.438 61 3
45.625 61 3
45.688 60 2
45.812 58 0
46.000 65 7
46.375 67 9
46.438 62 4
46.750 60 2
46.812 58 0
47.000 65 7
47.125 65 7
47.250 65 7
47.312 67 9
47.438 62 4
47.750 60 2
47.812 58 0
48.000 65 7
48.125 65 7
48.250 65 7
48.375 67 9
48.438 62 4
48.750 60 2
48.812 58 0
49.000 65 7
49.125 65 7
49.250 65 7
49.312 67 9
49.438 62 4
49.750 60 2
49.812 58 0
50.000 60 2
50.125 60 2
50.250 60 2
50.312 58 0
50.438 61 3
51.000 60 2
51.125 60 2
51.250 60 2
51.312 58 0
51.438 61 3
51.625 61 3
51.688 60 2
51.812 58 0
52.000 58 0
63.500 65 7
64.375 67 9
64.438 62 4
64.750 60 2
64.812 58 0
65.000 65 7
65.125 65 7
65.250 65 7
65.312 67 9
65.438 62 4
65.750 60 2
65.812 58 0
66.000 65 7
66.125 65 7
66.250 65 7
66.375 67 9
66.438 62 4
66.750 60 2
66.812 58 0
67.000 65 7
67.125 65 7
67.250 65 7
67.312 67 9
67.438 62 4
67.750 60 2
67.812 58 0
68.000 60 2
68.125 60 2
68.250 60 2
68.312 58 0
68.438 61 3
69.000 60 2
69.125 60 2
69.250 60 2
69.312 58 0
69.438 61 3
69.625 61 3
69.688 60 2
69.812 58 0
70.000 65 7
70.375 67 9
70.438 62 4
70.750 60 2
70.812 58 0
71.000 65 7
71.125 65 7
71.250 65 7
71.312 67 9
71.438 62 4
71.750 60 2
71.812 58 0
72.000 65 7
72.125 65 7
72.250 65 7
72.375 67 9
72.438 62 4
72.750 60 2
72.812 58 0
73.000 65 7
73.125 65 7
73.250 65 7
73.312 67 9
73.438 62 4
73.750 60 2
73.812 58 0
74.000 60 2
74.125 60 2
74.250 60 2
74.312 58 0
74.438 61 3
75.000 60 2
75.125 60 2
75.250 60 2
75.312 58 0
75.438 61 3
76.000 60 2
76.125 60 2
76.250 60 2
76.312 58 0
76.438 61 3
77.000 60 2
77.125 60 2
77.250 60 2
77.312 58 0
77.438 61 3
77.625 61 3
77.688 60 2
77.812 58 0
78.000 58 0
