3.750 52 7
3.875 54 9
4.000 59 2
4.250 57 0
4.500 59 2
4.750 61 4
5.000 64 7
5.125 61 4
5.750 59 2
5.875 61 4
6.000 59 2
6.375 61 4
6.438 59 2
6.500 57 0
6.875 54 9
7.000 52 7
7.188 61 4
7.375 61 4
7.750 52 7
7.875 54 9
8.000 59 2
8.250 57 0
8.500 59 2
8.750 61 4
9.000 64 7
9.125 61 4
9.750 59 2
9.875 61 4
10.000 59 2
10.375 61 4
10.438 59 2
10.500 57 0
10.875 54 9
11.000 52 7
11.250 61 4
11.375 61 4
11.750 57 0
11.875 59 2
12.000 61 4
12.125 59 2
12.250 59 2
12.375 57 0
12.500 57 0
12.625 54 9
12.750 54 9
12.875 57 0
13.000 61 4
13.188 59 2
13.750 61 4
14.000 62 5
14.125 61 4
14.188 59 2
14.375 57 0
14.875 54 9
15.000 52 7
15.125 61 4
15.250 61 4
15.375 61 4
15.750 57 0
15.875 59 2
16.000 61 4
16.125 59 2
16.250 59 2
16.375 57 0
16.500 57 0
16.625 54 9
16.750 54 9
16.875 57 0
17.000 61 4
17.125 59 2
17.875 52 7
18.000 60 3
18.125 59 2
18.375 57 0
18.438 59 2
18.500 57 0
18.875 54 9
19.000 52 7
19.250 61 4
19.375 61 4
21.750 52 7
21.875 54 9
22.000 59 2
22.250 57 0
22.500 59 2
22.750 61 4
23.000 64 7
23.125 61 4
23.750 59 2
23.875 61 4
24.000 59 2
24.375 61 4
24.438 59 2
24.500 57 0
24.875 54 9
25.000 52 7
25.250 61 4
25.375 61 4
25.750 52 7
25.875 54 9
26.000 59 2
26.250 57 0
26.500 59 2
26.750 61 4
27.000 64 7
27.125 61 4
27.750 59 2
27.875 61 4
28.000 59 2
28.375 61 4
28.438 59 2
28.500 57 0
28.875 54 9
29.000 52 7
29.188 61 4
29.375 61 4
29.750 57 0
29.875 59 2
30.000 61 4
30.125 59 2
30.250 59 2
30.375 57 0
30.500 57 0
30.625 54 9
30.750 54 9
30.875 57 0
31.000 61 4
31.188 59 2
31.875 61 4
32.000 62 5
32.125 61 4
32.188 59 2
32.375 57 0
32.875 54 9
33.000 52 7
33.188 61 4
33.375 61 4
33.875 52 7
34.000 61 4
34.125 59 2
34.250 59 2
34.375 57 0
34.500 57 0
34.625 54 9
34.750 54 9
34.875 57 0
35.000 61 4
35.188 59 2
35.875 52 7
36.000 60 3
36.125 59 2
36.375 57 0
36.438 59 2
36.500 57 0
36.875 54 9
37.000 52 7
37.250 61 4
37.375 61 4
45.750 54 9
45.875 57 0
46.000 61 4
46.125 59 2
46.250 59 2
46.375 57 0
46.500 57 0
46.625 54 9
46.750 54 9
46.875 57 0
47.000 61 4
47.188 59 2
47.875 61 4
48.000 62 5
48.125 61 4
48.188 59 2
48.375 57 0
48.875 54 9
49.000 52 7
49.250 61 4
49.375 61 4
49.875 52 7
50.000 61 4
50.125 59 2
50.250 59 2
50.375 57 0
50.500 57 0
50.625 54 9
50.750 54 9
50.875 57 0
51.000 61 4
51.188 59 2
51.875 52 7
52.000 60 3
52.125 59 2
52.375 57 0
52.438 59 2
52.500 57 0
52.875 54 9
53.000 52 7
53.250 61 4
53.375 61 4
55.875 64 7
56.000 72 3
56.125 71 2
56.375 69 0
56.438 71 2
56.500 69 0
56.875 54 9
57.000 52 7
57.500 61 4
58.000 61 4
