5.625 61 9
5.750 64 0
5.875 64 0
6.000 68 4
6.250 64 0
6.375 64 0
6.500 66 2
6.625 64 0
6.875 61 9
6.938 59 7
7.625 61 9
7.750 64 0
7.875 64 0
8.000 68 4
8.250 68 4
8.500 64 0
8.562 66 2
8.625 64 0
8.812 64 0
9.000 61 9
9.625 61 9
9.750 64 0
9.875 64 0
10.000 68 4
10.250 68 4
10.375 68 4
10.500 66 2
10.625 64 0
10.875 61 9
10.938 59 7
11.000 61 9
11.625 61 9
11.750 64 0
12.000 68 4
12.250 68 4
12.500 66 2
12.562 64 0
12.750 64 0
12.812 66 2
12.875 64 0
13.250 61 9
13.625 61 9
13.750 64 0
13.875 64 0
14.000 66 2
14.125 66 2
14.500 66 2
14.625 64 0
14.750 64 0
14.875 68 4
14.938 66 2
15.062 64 0
15.125 61 9
15.875 61 9
16.000 69 5
16.125 69 5
16.375 69 5
16.500 68 4
16.562 66 2
16.625 64 0
16.750 64 0
16.875 67 3
17.125 61 9
17.250 64 0
17.375 61 9
17.500 64 0
17.625 64 0
17.875 61 9
18.625 64 0
18.750 61 9
18.875 61 9
19.125 69 5
19.500 67 3
19.625 64 0
19.875 64 0
22.625 61 9
22.750 64 0
22.875 64 0
23.000 68 4
23.250 64 0
23.312 64 0
23.500 66 2
23.625 61 9
23.750 64 0
23.812 68 4
24.625 61 9
24.750 64 0
24.812 64 0
25.000 68 4
25.062 68 4
25.500 64 0
25.625 64 0
25.875 64 0
26.625 61 9
26.750 64 0
26.875 64 0
27.000 68 4
27.250 64 0
27.375 64 0
27.500 66 2
27.625 64 0
27.875 64 0
28.000 61 9
28.062 59 7
28.625 61 9
28.750 64 0
28.875 64 0
29.000 68 4
29.375 68 4
29.500 66 2
29.562 64 0
29.750 64 0
29.875 64 0
30.000 61 9
30.125 59 7
30.750 61 9
30.875 64 0
31.000 66 2
31.125 66 2
31.500 66 2
31.625 66 2
31.875 68 4
32.125 71 7
32.188 73 9
32.875 59 7
33.000 69 5
33.062 69 5
33.500 68 4
33.562 66 2
33.625 64 0
33.750 64 0
33.875 64 0
34.250 64 0
34.375 61 9
34.500 64 0
34.625 64 0
34.875 64 0
35.625 69 5
35.812 68 4
36.250 64 0
36.375 62 10
36.500 64 0
36.625 64 0
36.875 64 0
47.625 67 3
47.750 69 5
47.875 67 3
48.000 71 7
48.375 69 5
48.438 67 3
48.500 69 5
48.625 69 5
48.750 68 4
49.625 68 4
49.750 69 5
49.875 68 4
50.000 71 7
50.375 64 0
50.500 64 0
50.562 64 0
50.625 64 0
50.750 64 0
51.500 68 4
51.625 69 5
51.750 68 4
51.875 71 7
52.438 67 3
52.562 64 0
52.625 64 0
52.750 64 0
52.875 64 0
53.500 61 9
53.625 64 0
53.750 64 0
53.875 68 4
54.375 64 0
54.500 64 0
54.750 64 0
54.875 64 0
55.250 64 0
55.500 64 0
55.562 64 0
55.688 64 0
56.375 68 4
56.562 68 4
56.750 61 9
56.875 64 0
57.250 64 0
57.500 64 0
57.625 64 0
57.875 64 0
58.625 71 7
58.750 69 5
58.812 67 3
58.875 67 3
58.938 69 5
59.125 67 3
59.250 64 0
59.438 64 0
59.625 64 0
59.688 64 0
59.812 64 0
60.375 64 0
60.625 61 9
61.062 67 3
61.125 67 3
61.188 67 3
61.500 67 3
61.625 69 5
61.750 67 3
61.875 69 5
62.000 67 3
62.125 69 5
62.625 64 0
62.750 64 0
62.875 64 0
63.250 64 0
63.500 64 0
63.625 64 0
63.875 64 0
64.375 68 4
64.875 66 2
65.000 64 0
65.062 61 9
65.250 64 0
65.375 61 9
65.500 64 0
65.625 64 0
65.875 61 9
65.938 59 7
66.625 69 5
66.875 69 5
67.000 71 7
67.250 64 0
67.375 61 9
67.500 64 0
67.625 64 0
67.750 61 9
67.875 59 7
