3.833 58 4
3.917 59 5
4.000 61 7
4.833 63 9
4.917 65 11
5.000 65 11
5.250 63 9
5.750 63 9
5.833 61 7
5.917 63 9
6.000 59 5
6.083 59 5
6.750 63 9
6.833 61 7
6.917 63 9
7.000 63 9
7.250 61 7
7.833 58 4
7.917 59 5
8.000 61 7
8.750 65 11
8.833 63 9
8.917 65 11
9.000 65 11
9.250 63 9
9.750 63 9
9.833 61 7
9.917 63 9
10.000 59 5
10.083 59 5
10.750 63 9
10.833 61 7
10.917 63 9
11.000 63 9
11.083 61 7
11.333 58 4
11.417 59 5
11.500 61 7
11.833 58 4
11.917 56 2
12.000 58 4
12.042 56 2
12.083 54 0
12.250 61 7
12.417 61 7
12.500 63 9
12.750 65 11
12.917 63 9
13.000 63 9
13.167 61 7
13.750 61 7
13.917 63 9
14.000 66 0
14.250 63 9
14.667 63 9
14.833 62 8
14.917 63 9
15.000 66 0
15.250 63 9
15.750 63 9
16.000 61 7
16.333 63 9
16.500 61 7
16.833 63 9
16.917 61 7
17.000 66 0
17.083 61 7
17.167 63 9
17.250 61 7
17.750 61 7
17.833 63 9
18.000 66 0
18.250 63 9
18.750 62 8
18.917 63 9
19.000 66 0
19.250 63 9
19.917 58 4
20.000 56 2
20.417 58 4
20.500 56 2
20.917 56 2
21.000 61 7
21.167 63 9
21.250 65 11
21.333 61 7
21.417 63 9
21.500 61 7
21.583 63 9
21.667 61 7
21.750 66 0
21.833 61 7
21.917 63 9
22.000 63 9
22.083 61 7
22.833 63 9
22.917 65 11
23.000 65 11
23.250 63 9
23.750 63 9
23.833 61 7
23.917 63 9
24.000 63 9
24.083 59 5
24.667 59 5
24.750 63 9
24.833 61 7
24.917 63 9
25.000 63 9
25.083 61 7
25.333 58 4
25.417 59 5
25.500 61 7
25.833 58 4
25.917 56 2
26.000 58 4
26.042 56 2
26.083 54 0
26.250 61 7
26.417 61 7
26.500 63 9
26.750 65 11
26.917 63 9
27.000 63 9
27.167 61 7
37.833 58 4
37.917 59 5
38.000 61 7
38.750 65 11
38.833 63 9
38.917 65 11
39.000 65 11
39.250 63 9
39.750 63 9
39.833 61 7
39.917 63 9
40.000 63 9
40.083 59 5
40.667 59 5
40.750 63 9
40.833 61 7
40.917 63 9
41.000 63 9
41.083 61 7
41.333 58 4
41.417 59 5
41.500 61 7
41.833 58 4
41.917 56 2
42.000 58 4
42.042 56 2
42.083 54 0
42.250 61 7
42.417 61 7
42.500 63 9
42.750 63 9
42.917 63 9
43.000 65 11
43.333 58 4
43.417 59 5
43.500 61 7
43.833 58 4
43.917 56 2
44.000 58 4
44.083 56 2
44.167 54 0
45.000 63 9
45.750 70 4
46.000 63 9
46.750 70 4
46.917 73 7
47.000 68 2
47.250 70 4
47.333 68 2
47.417 70 4
47.500 68 2
47.583 70 4
47.667 68 2
47.750 70 4
47.833 68 2
47.917 66 0
48.000 70 4
48.750 70 4
48.833 68 2
48.917 66 0
49.000 70 4
49.750 70 4
49.833 68 2
49.917 66 0
50.000 75 9
50.750 75 9
50.833 73 7
50.917 71 5
51.000 73 7
51.250 70 4
51.333 68 2
51.417 70 4
51.500 68 2
51.583 70 4
51.667 68 2
51.750 70 4
51.833 68 2
51.917 66 0
