0.500 57 0
0.667 59 2
0.750 57 0
1.000 59 2
1.083 61 4
1.167 61 4
2.083 59 2
2.167 57 0
3.167 61 4
3.333 59 2
3.417 61 4
3.500 59 2
3.917 57 0
4.000 56 11
5.167 56 11
5.333 59 2
5.583 59 2
5.667 57 0
8.778 64 7
8.833 66 9
9.000 69 0
10.222 66 9
10.250 64 7
10.889 61 4
11.000 64 7
11.111 64 7
11.167 66 9
11.278 64 7
11.389 64 7
11.444 66 9
11.667 61 4
12.944 66 9
13.056 66 9
13.167 64 7
13.278 64 7
13.389 64 7
13.444 66 9
13.667 59 2
13.722 57 0
13.833 57 0
14.833 54 9
14.917 57 0
15.167 54 9
15.250 57 0
15.333 57 0
15.500 60 3
15.583 59 2
15.625 57 0
15.917 59 2
16.000 57 0
16.167 62 5
16.278 60 3
16.917 64 7
17.111 61 4
17.167 59 2
17.278 61 4
17.333 59 2
17.500 61 4
17.833 59 2
17.861 61 4
18.000 59 2
18.028 61 4
18.111 61 4
18.167 59 2
18.194 57 0
19.111 64 7
19.278 61 4
19.389 59 2
19.833 57 0
19.861 56 11
20.917 52 7
21.000 54 9
21.083 57 0
21.167 57 0
21.333 59 2
21.556 59 2
21.611 57 0
22.778 60 3
22.833 59 2
22.861 57 0
24.500 57 0
24.667 57 0
24.833 59 2
24.917 57 0
25.000 61 4
25.083 59 2
25.125 61 4
25.208 59 2
25.250 61 4
25.333 59 2
25.375 61 4
26.917 61 4
27.000 64 7
27.167 59 2
27.250 61 4
27.333 59 2
27.500 59 2
27.583 59 2
27.875 57 0
27.917 56 11
29.000 57 0
29.083 61 4
29.333 59 2
29.417 57 0
29.583 59 2
29.667 57 0
30.125 54 9
30.167 52 7
30.208 50 5
30.250 49 4
30.292 47 2
30.333 49 4
32.778 64 7
32.833 66 9
33.000 69 0
34.250 64 7
34.833 61 4
34.917 64 7
35.000 66 9
35.167 64 7
35.250 64 7
35.333 66 9
35.583 61 4
35.917 59 2
36.083 57 0
36.125 59 2
36.167 61 4
36.833 66 9
36.944 64 7
37.000 66 9
37.056 64 7
37.167 61 4
37.278 64 7
37.333 66 9
37.389 64 7
37.444 66 9
37.611 59 2
37.667 57 0
37.778 57 0
38.833 54 9
38.917 57 0
39.167 57 0
39.250 60 3
39.333 59 2
39.375 57 0
39.750 57 0
39.833 60 3
39.917 59 2
39.958 57 0
40.111 59 2
40.167 57 0
40.278 62 5
40.333 60 3
41.167 54 9
41.222 57 0
41.333 59 2
41.389 61 4
41.500 61 4
41.972 59 2
42.000 61 4
42.056 59 2
42.083 61 4
42.139 59 2
42.167 61 4
42.306 59 2
42.333 57 0
43.167 64 7
43.333 61 4
43.417 59 2
43.500 61 4
43.583 59 2
44.000 56 11
45.167 56 11
45.333 59 2
45.500 57 0
45.583 59 2
45.667 57 0
46.833 60 3
47.000 59 2
47.083 57 0
47.833 60 3
47.917 59 2
48.000 57 11
48.167 59 1
48.250 57 11
48.833 58 0
49.000 60 2
49.167 60 2
49.250 62 4
49.333 62 4
49.833 60 2
49.875 62 4
49.958 60 2
50.000 62 4
50.083 62 4
50.125 60 2
50.167 58 0
50.958 62 4
51.000 65 7
51.167 62 4
51.250 60 2
51.333 62 4
51.417 60 2
51.792 58 0
51.833 57 11
52.667 62 4
52.750 65 7
52.833 65 7
52.917 62 4
53.083 62 4
53.167 58 0
53.333 60 2
53.417 58 0
55.000 61 3
55.125 60 2
55.167 58 0
55.833 61 3
55.917 60 2
55.958 58 0
56.625 65 7
56.750 63 5
56.875 61 3
57.000 62 4
57.167 62 4
57.208 60 2
57.250 62 4
57.292 60 2
57.333 62 4
58.833 61 3
58.875 60 2
58.917 58 0
59.167 61 3
59.278 58 0
59.333 58 0
60.833 65 7
60.917 65 7
61.000 63 5
61.167 63 5
61.333 62 4
61.375 60 2
61.417 62 4
61.458 60 2
61.500 62 4
62.667 65 7
62.750 68 10
62.917 65 7
63.500 65 7
63.583 68 10
63.750 65 7
64.083 65 7
64.167 68 10
66.667 62 4
66.778 60 2
66.833 58 0
67.167 68 10
67.333 66 8
67.667 70 0
67.917 68 10
68.000 65 7
