4.000 66 3
4.125 66 3
4.250 66 3
4.375 66 3
4.500 66 3
4.625 66 3
4.750 63 0
4.875 60 9
5.000 63 0
5.250 63 0
5.375 60 9
5.875 58 7
6.000 65 2
6.125 65 2
6.250 66 3
6.375 66 3
6.500 66 3
6.750 63 0
6.875 60 9
7.000 63 0
7.250 63 0
7.375 60 9
7.875 58 7
8.000 66 3
8.125 66 3
8.250 66 3
8.375 66 3
8.500 66 3
8.625 66 3
8.750 63 0
8.875 60 9
9.000 63 0
9.250 60 9
9.375 66 3
9.875 63 0
10.000 66 3
10.125 66 3
10.250 66 3
10.375 66 3
10.500 66 3
10.750 66 3
11.000 66 3
11.250 66 3
11.500 66 3
11.750 66 3
12.000 63 0
13.125 66 3
13.250 66 3
13.375 66 3
13.625 63 0
13.750 66 3
14.000 63 0
14.125 60 9
15.625 66 3
15.875 66 3
16.000 66 3
16.125 66 3
16.250 66 3
16.375 65 2
16.625 65 2
16.875 66 3
17.750 66 3
17.875 66 3
18.125 66 3
18.250 60 9
18.375 60 9
18.500 63 0
18.750 63 0
19.000 63 0
19.875 66 3
20.125 66 3
20.250 66 3
20.375 66 3
20.500 66 3
20.625 66 3
20.750 63 0
20.875 60 9
21.000 63 0
21.250 60 9
21.375 66 3
21.500 67 4
22.000 66 3
22.125 66 3
22.250 66 3
22.375 66 3
22.500 66 3
22.625 66 3
22.750 63 0
22.875 60 9
23.000 63 0
23.250 63 0
23.500 60 9
24.000 65 2
24.125 65 2
24.250 66 3
24.375 66 3
24.500 66 3
24.625 66 3
24.750 63 0
24.875 61 10
25.000 63 0
25.250 63 0
25.500 66 3
25.625 67 4
25.875 60 9
26.000 66 3
26.250 66 3
26.375 66 3
26.500 66 3
26.625 66 3
26.750 66 3
26.875 66 3
27.000 66 3
27.250 66 3
27.500 66 3
27.750 66 3
28.000 63 0
29.125 63 0
29.250 66 3
29.375 66 3
29.625 63 0
29.750 66 3
30.000 63 0
31.625 66 3
31.875 66 3
32.000 66 3
32.125 66 3
32.250 66 3
32.375 66 3
32.500 65 2
32.750 65 2
33.000 66 3
33.750 65 2
33.875 66 3
34.125 66 3
34.250 63 0
34.375 60 9
34.500 63 0
34.750 63 0
35.000 63 0
35.875 66 3
36.125 66 3
36.250 66 3
36.375 66 3
36.500 66 3
36.625 67 4
36.750 63 0
36.875 60 9
37.000 63 0
37.250 60 9
37.375 66 3
37.875 58 7
38.000 66 3
38.125 66 3
38.250 66 3
38.375 66 3
38.500 66 3
38.750 63 0
38.875 61 10
39.000 63 0
39.125 63 0
39.250 63 0
39.500 60 9
39.875 58 7
40.000 65 2
40.125 66 3
40.250 66 3
40.375 66 3
40.500 66 3
40.625 66 3
40.750 63 0
40.875 61 10
41.000 63 0
41.250 60 9
41.375 66 3
41.875 66 3
42.000 66 3
42.125 66 3
42.250 66 3
42.375 66 3
42.500 66 3
42.750 66 3
43.000 66 3
43.250 66 3
43.500 66 3
43.750 66 3
44.000 63 0
45.125 65 2
45.250 66 3
45.375 66 3
45.625 63 0
45.750 66 3
46.000 63 0
46.125 60 9
47.625 66 3
47.875 66 3
48.000 66 3
48.125 66 3
48.250 65 2
48.375 65 2
48.500 65 2
48.750 65 2
49.000 65 2
49.750 66 3
49.875 66 3
50.125 66 3
50.250 63 0
50.375 60 9
50.500 63 0
50.750 63 0
51.000 63 0
60.000 66 3
60.250 66 3
60.375 63 0
60.500 66 3
60.625 67 4
60.750 63 0
60.875 60 9
61.000 63 0
61.250 60 9
61.375 66 3
61.500 67 4
61.875 63 0
62.000 66 3
62.125 66 3
62.250 66 3
62.375 66 3
62.500 66 3
62.625 67 4
62.750 63 0
62.875 61 10
63.000 63 0
63.250 63 0
63.375 60 9
63.875 58 7
64.000 66 3
64.125 66 3
64.250 66 3
64.375 66 3
64.500 66 3
64.625 67 4
64.750 63 0
64.875 60 9
65.000 63 0
65.250 60 9
65.500 66 3
65.625 67 4
65.875 63 0
66.000 66 3
66.250 66 3
66.375 66 3
66.500 66 3
66.625 66 3
66.750 66 3
66.875 66 3
67.000 66 3
67.250 66 3
67.500 66 3
67.750 66 3
68.000 63 0
68.125 60 9
69.125 66 3
69.250 66 3
69.375 66 3
69.500 67 4
69.625 63 0
69.750 67 4
70.000 63 0
70.125 60 9
70.250 58 7
71.625 66 3
71.875 66 3
72.000 66 3
72.125 66 3
72.250 65 2
72.375 65 2
72.500 65 2
72.750 65 2
73.000 66 3
73.750 66 3
73.875 66 3
74.125 66 3
74.250 63 0
74.375 60 9
74.500 63 0
74.750 63 0
75.000 63 0
76.000 66 3
76.125 66 3
76.250 66 3
76.375 66 3
76.500 66 3
76.625 66 3
76.750 63 0
76.875 61 10
77.000 63 0
77.250 60 9
77.375 66 3
77.500 67 4
77.875 60 9
78.000 66 3
78.125 66 3
78.250 66 3
78.375 66 3
78.500 66 3
78.625 66 3
78.750 63 0
78.875 60 9
79.000 63 0
79.250 63 0
79.375 60 9
80.000 66 3
80.125 66 3
80.250 66 3
80.375 66 3
80.500 66 3
80.625 66 3
80.750 63 0
80.875 60 9
81.000 63 0
81.250 63 0
81.500 65 2
81.625 66 3
81.875 63 0
82.000 66 3
82.125 66 3
82.250 65 2
82.375 65 2
82.500 66 3
82.625 66 3
82.750 66 3
82.875 66 3
83.000 66 3
83.250 66 3
83.500 66 3
83.750 66 3
84.000 63 0
85.125 66 3
85.250 66 3
85.375 66 3
85.625 63 0
85.750 66 3
86.000 63 0
86.125 60 9
86.250 58 7
87.625 66 3
87.875 66 3
88.000 66 3
88.125 66 3
88.250 65 2
88.375 65 2
88.500 65 2
88.750 65 2
89.000 66 3
89.750 66 3
89.875 66 3
90.125 66 3
90.250 63 0
90.375 60 9
90.500 63 0
90.750 63 0
91.000 63 0
91.875 66 3
92.125 66 3
92.250 63 0
92.375 60 9
92.500 63 0
92.750 63 0
93.000 63 0
93.875 66 3
94.125 66 3
94.250 63 0
94.375 60 9
94.500 63 0
94.750 63 0
95.000 63 0
95.875 66 3
96.125 66 3
96.250 63 0
96.375 60 9
96.500 63 0
96.750 63 0
97.000 63 0
97.875 66 3
98.125 66 3
98.250 63 0
98.375 60 9
98.500 63 0
98.750 63 0
99.000 63 0
99.875 66 3
100.125 66 3
100.250 63 0
100.375 60 9
100.500 63 0
100.750 63 0
101.000 63 0
