11.875 65 7
12.000 65 7
12.125 65 7
12.250 65 7
12.375 65 7
12.500 65 7
12.625 65 7
12.750 63 5
12.875 62 4
13.000 63 5
13.125 62 4
13.375 65 7
13.875 65 7
14.000 65 7
14.125 65 7
14.250 65 7
14.375 65 7
14.500 65 7
14.625 62 4
14.750 63 5
14.875 62 4
15.000 63 5
15.125 62 4
15.375 58 0
15.875 58 0
16.000 65 7
16.125 61 3
16.250 63 5
16.500 63 5
16.625 61 3
16.750 63 5
16.875 61 3
17.000 63 5
17.250 61 3
17.375 65 7
17.875 65 7
18.000 65 7
18.125 65 7
18.250 65 7
18.375 62 4
18.500 65 7
18.625 62 4
18.750 63 5
18.875 62 4
19.000 63 5
19.125 62 4
19.250 58 0
19.375 58 0
19.875 65 7
20.000 65 7
20.125 62 4
20.250 63 5
20.375 62 4
20.500 63 5
20.625 62 4
20.750 63 5
20.875 62 4
21.000 63 5
21.250 62 4
21.375 65 7
21.625 58 0
21.750 62 4
21.875 63 5
22.000 65 7
22.125 65 7
22.250 65 7
22.375 65 7
22.625 62 4
22.750 63 5
22.875 62 4
23.000 63 5
23.125 62 4
23.250 58 0
23.375 58 0
23.625 65 7
23.875 65 7
24.875 65 7
25.250 63 5
25.375 62 4
25.500 65 7
25.875 65 7
26.875 65 7
27.250 63 5
27.375 62 4
27.500 65 7
27.875 65 7
28.875 65 7
29.250 63 5
29.375 62 4
29.500 65 7
29.875 65 7
30.875 65 7
31.250 63 5
31.375 62 4
31.500 65 7
31.875 65 7
33.500 63 5
33.625 62 4
33.750 58 0
33.875 58 0
35.625 65 7
35.750 65 7
35.875 65 7
36.000 65 7
36.125 65 7
36.250 65 7
36.375 62 4
36.500 65 7
36.750 63 5
36.875 62 4
37.000 63 5
37.125 62 4
37.375 65 7
37.875 62 4
38.000 65 7
38.125 65 7
38.250 65 7
38.375 62 4
38.500 65 7
38.750 63 5
38.875 62 4
39.000 63 5
39.125 61 3
39.375 58 0
39.625 67 9
39.875 61 3
40.125 61 3
40.250 61 3
40.375 61 3
40.500 61 3
40.750 60 2
40.875 58 0
41.000 60 2
41.125 58 0
41.375 61 3
42.000 65 7
42.125 65 7
42.250 65 7
42.375 63 5
42.500 65 7
42.625 62 4
42.750 63 5
42.875 62 4
43.000 63 5
43.125 62 4
43.250 58 0
43.375 58 0
43.875 58 0
44.000 65 7
44.125 62 4
44.250 63 5
44.375 62 4
44.500 63 5
44.750 63 5
44.875 62 4
45.000 63 5
45.250 62 4
45.375 65 7
45.625 65 7
45.875 65 7
46.125 63 5
46.250 63 5
46.500 63 5
46.625 62 4
46.750 63 5
46.875 62 4
47.000 63 5
47.125 62 4
47.250 58 0
47.375 58 0
47.625 65 7
47.875 65 7
48.875 65 7
49.250 63 5
49.375 62 4
49.500 65 7
49.875 65 7
50.875 65 7
51.250 63 5
51.375 62 4
51.500 65 7
51.875 65 7
52.875 65 7
53.250 63 5
53.375 62 4
53.500 65 7
53.875 65 7
54.875 65 7
55.250 63 5
55.375 62 4
55.500 65 7
55.875 65 7
57.500 63 5
57.625 62 4
57.750 58 0
57.875 58 0
83.875 65 7
84.000 65 7
84.125 65 7
84.250 65 7
84.375 65 7
84.500 65 7
84.625 65 7
84.750 65 7
84.875 62 4
85.000 63 5
85.125 62 4
85.375 65 7
85.875 70 0
86.000 65 7
86.125 62 4
86.250 65 7
86.375 62 4
86.500 65 7
86.625 62 4
86.750 63 5
86.875 62 4
87.000 65 7
87.125 61 3
87.375 58 0
87.875 65 7
88.125 63 5
88.250 63 5
88.375 62 4
88.500 63 5
88.625 62 4
88.750 63 5
89.000 63 5
89.250 58 0
89.375 61 3
89.875 58 0
90.000 65 7
90.125 62 4
90.250 63 5
90.375 62 4
90.500 63 5
90.625 62 4
90.750 63 5
90.875 62 4
91.000 63 5
91.125 62 4
91.250 58 0
91.375 58 0
91.875 65 7
92.125 65 7
92.250 65 7
92.500 65 7
92.625 62 4
92.750 63 5
92.875 62 4
93.000 63 5
93.125 62 4
93.375 65 7
93.625 58 0
93.750 58 0
94.000 65 7
94.125 65 7
94.250 65 7
94.375 63 5
94.500 61 3
94.750 58 0
94.875 58 0
95.125 65 7
95.375 65 7
95.875 65 7
96.250 63 5
96.375 62 4
96.500 65 7
97.375 65 7
97.625 65 7
97.875 65 7
98.250 63 5
98.375 62 4
98.500 65 7
99.375 68 10
99.500 62 4
99.625 61 3
99.875 61 3
100.250 58 0
100.375 58 0
100.500 58 0
101.375 67 9
101.500 62 4
101.625 62 4
101.875 65 7
102.250 63 5
102.375 62 4
102.500 65 7
103.875 65 7
105.500 62 4
105.625 60 2
105.750 58 0
105.875 58 0
