6.125 66 4
6.250 66 4
6.375 66 4
6.438 68 6
6.625 66 4
6.750 64 2
6.875 66 4
6.938 62 0
7.062 62 0
7.188 62 0
7.250 64 2
7.688 59 9
7.938 59 9
8.000 62 0
8.125 59 9
8.312 64 2
8.375 62 0
9.125 66 4
9.250 66 4
9.312 66 4
9.438 68 6
9.625 66 4
9.750 64 2
9.875 66 4
10.062 62 0
10.125 62 0
10.250 62 0
10.375 64 2
10.625 57 7
10.750 59 9
10.875 62 0
11.000 62 0
11.125 59 9
11.250 64 2
11.375 62 0
12.250 66 4
12.312 66 4
12.438 66 4
12.500 68 6
12.625 66 4
12.812 64 2
12.875 66 4
12.938 62 0
13.000 62 0
13.125 62 0
13.188 64 2
13.625 59 9
13.812 61 11
13.938 61 11
14.062 59 9
14.250 64 2
14.312 62 0
15.250 66 4
15.312 66 4
15.438 68 6
15.688 66 4
15.750 64 2
15.875 66 4
16.125 62 0
16.188 62 0
16.312 62 0
16.375 64 2
16.750 59 9
16.938 62 0
17.062 62 0
17.188 59 9
17.312 64 2
24.250 66 4
24.312 66 4
24.438 68 6
24.625 66 4
24.750 64 2
24.938 66 4
25.000 62 0
25.125 62 0
25.188 62 0
25.250 64 2
25.688 59 9
25.938 62 0
26.000 62 0
26.125 59 9
26.250 64 2
26.375 62 0
27.250 66 4
27.312 66 4
27.438 66 4
27.500 68 6
27.562 66 4
27.688 64 2
27.875 66 4
27.938 62 0
28.062 62 0
28.125 62 0
28.188 64 2
28.625 59 9
28.812 62 0
28.875 62 0
29.062 59 9
29.250 64 2
29.312 62 0
30.250 66 4
30.375 64 2
30.875 62 0
33.250 66 4
33.375 64 2
33.812 66 4
34.062 62 0
45.250 72 10
45.750 71 9
46.250 69 7
47.375 60 10
47.438 59 9
47.750 60 10
47.875 64 2
48.125 59 9
48.250 57 7
50.188 72 10
50.375 71 9
50.500 69 7
50.625 69 7
51.625 60 10
51.688 59 9
51.750 60 10
52.125 60 10
52.312 60 10
52.438 64 2
52.500 60 10
52.625 59 9
52.750 57 7
56.375 72 10
56.562 71 9
57.000 71 9
57.062 72 10
57.188 69 7
57.500 69 7
58.000 60 10
58.375 59 9
58.500 57 7
60.375 71 9
60.562 69 7
60.688 69 7
60.812 69 7
61.875 59 9
62.000 61 11
62.125 64 2
62.250 60 10
62.312 59 9
62.438 57 7
62.875 61 11
62.938 64 2
63.062 60 10
63.125 59 9
63.250 57 7
67.875 67 5
68.500 58 8
68.688 57 7
68.875 55 5
69.688 50 0
69.938 58 8
70.062 57 7
70.125 58 8
70.188 57 7
72.625 58 8
72.875 57 7
73.000 55 5
73.812 58 8
73.938 58 8
74.062 58 8
74.188 57 7
76.500 58 8
76.688 57 7
76.812 55 5
77.938 57 7
78.000 58 8
78.188 58 8
78.375 57 7
80.625 58 8
80.812 57 7
81.125 55 5
81.750 50 0
81.875 58 8
82.156 57 7
82.188 58 8
82.250 57 7
82.312 58 8
82.375 57 7
84.125 70 8
84.188 69 7
84.250 70 8
84.312 69 7
84.375 67 5
85.125 70 8
85.188 69 7
85.250 70 8
85.312 69 7
85.375 67 5
85.625 67 5
85.750 67 5
85.875 67 5
86.000 69 7
87.625 68 6
87.875 69 7
88.938 67 5
88.969 69 7
89.000 67 5
89.688 65 3
89.719 67 5
89.750 65 3
94.125 66 4
94.250 66 4
94.375 66 4
94.438 68 6
94.562 66 4
94.688 64 2
94.938 66 4
95.000 62 0
95.125 62 0
95.250 62 0
95.312 64 2
95.625 59 9
95.750 59 9
95.875 62 0
96.000 62 0
96.062 59 9
96.188 64 2
96.250 62 0
97.188 66 4
97.312 66 4
97.438 68 6
97.562 66 4
97.688 64 2
97.812 66 4
98.000 62 0
98.125 62 0
98.250 62 0
98.312 64 2
98.688 59 9
98.750 62 0
98.875 62 0
98.938 59 9
99.125 64 2
99.188 62 0
100.125 66 4
100.250 66 4
100.375 66 4
100.438 68 6
100.625 66 4
100.688 64 2
100.875 66 4
101.000 62 0
101.062 62 0
101.125 62 0
101.188 64 2
101.562 54 4
101.625 59 9
101.688 62 0
101.750 62 0
101.875 59 9
102.000 64 2
102.062 62 0
103.188 66 4
103.250 66 4
103.375 66 4
103.438 68 6
103.625 66 4
103.750 64 2
103.875 66 4
103.938 62 0
104.062 62 0
104.188 62 0
104.250 64 2
104.438 54 4
104.562 59 9
104.750 62 0
104.875 62 0
105.062 59 9
105.250 64 2
105.312 62 0
112.125 66 4
112.250 66 4
112.375 66 4
112.438 68 6
112.562 66 4
112.688 64 2
112.812 66 4
113.000 62 0
113.125 62 0
113.250 62 0
113.312 64 2
113.625 59 9
113.750 62 0
113.875 62 0
113.938 59 9
114.062 64 2
114.125 62 0
115.125 66 4
115.250 66 4
115.375 66 4
115.438 68 6
115.562 66 4
115.812 64 2
115.875 66 4
115.938 64 2
116.062 62 0
116.188 62 0
116.250 64 2
116.625 59 9
116.750 62 0
116.875 62 0
117.000 59 9
117.125 64 2
117.250 62 0
118.250 66 4
118.375 64 2
118.750 66 4
118.938 62 0
121.250 66 4
121.375 64 2
121.812 66 4
121.938 62 0
123.375 62 0
128.500 62 0
134.500 67 5
134.875 70 8
134.938 69 7
135.000 70 8
135.062 69 7
135.125 67 5
135.625 70 8
135.688 69 7
135.750 70 8
135.875 67 5
135.938 69 7
136.125 69 7
138.375 70 8
138.438 70 8
138.500 69 7
138.625 67 5
139.375 70 8
139.438 69 7
139.500 70 8
139.562 69 7
139.625 67 5
139.875 67 5
140.000 67 5
140.188 69 7
141.375 70 8
141.625 67 5
150.125 72 10
150.250 70 8
150.500 69 7
150.625 70 8
150.688 69 7
150.750 67 5
151.125 72 10
151.250 70 8
151.500 69 7
151.625 70 8
151.688 69 7
151.750 67 5
151.812 67 5
151.875 67 5
152.000 67 5
152.125 69 7
152.625 64 2
153.000 62 0
153.125 64 2
154.125 72 10
154.250 70 8
154.500 69 7
154.625 70 8
154.688 69 7
154.750 67 5
155.125 72 10
155.250 70 8
155.500 69 7
155.625 70 8
155.688 69 7
155.750 67 5
155.812 67 5
155.875 67 5
156.000 67 5
156.125 69 7
156.625 64 2
156.688 62 0
156.812 64 2
156.875 62 0
157.000 64 2
158.062 72 10
158.188 70 8
158.312 70 8
158.375 67 5
158.438 67 5
159.000 72 10
159.125 70 8
159.312 70 8
159.438 69 7
159.500 67 5
159.562 67 5
159.625 67 5
159.688 67 5
159.812 67 5
159.875 67 5
160.000 67 5
160.250 69 7
160.750 64 2
165.125 64 2
165.312 69 7
165.750 70 8
165.812 69 7
165.875 67 5
166.062 70 8
166.188 70 8
166.250 67 5
166.875 69 7
167.000 65 3
167.812 72 10
167.875 70 8
168.000 67 5
168.125 67 5
168.188 67 5
168.312 69 7
168.375 64 2
169.125 70 8
169.188 69 7
169.312 67 5
169.438 67 5
169.500 67 5
169.562 69 7
169.625 64 2
