0.438 67 4
0.500 68 5
0.625 70 7
0.688 68 5
0.812 66 3
1.000 65 2
1.375 63 0
1.625 65 2
2.375 66 3
2.438 65 2
2.500 66 3
2.688 65 2
2.812 65 2
2.875 65 2
3.000 63 0
3.250 60 9
3.375 66 3
3.438 65 2
3.625 63 0
4.375 66 3
4.438 68 5
4.500 70 7
4.750 63 0
5.188 70 7
5.312 68 5
5.438 66 3
5.500 65 2
5.625 63 0
5.688 65 2
6.125 63 0
6.188 60 9
6.625 70 7
6.875 63 0
6.938 60 9
7.375 75 0
7.750 51 0
7.875 51 0
7.938 51 0
8.000 58 7
8.750 75 0
9.125 72 9
9.625 54 3
9.688 53 2
9.875 51 0
9.938 48 9
10.000 51 0
10.625 66 3
10.812 65 2
10.875 63 0
11.000 63 0
11.125 65 2
11.750 51 0
11.875 51 0
11.938 51 0
12.000 60 9
12.250 58 7
12.500 60 9
12.625 58 7
12.938 66 3
13.062 65 2
13.625 60 9
13.875 58 7
13.938 55 4
14.000 58 7
14.125 60 9
14.188 58 7
14.250 55 4
15.125 67 4
15.375 70 7
15.625 72 9
16.312 63 0
16.375 63 0
16.500 62 11
16.688 62 11
16.812 63 0
16.875 62 11
16.938 62 11
17.062 60 9
17.562 58 7
17.625 67 4
17.875 70 7
18.062 63 0
18.125 60 9
18.188 58 7
18.812 66 3
18.938 65 2
19.062 66 3
19.188 63 0
19.312 63 0
19.375 65 2
20.500 63 0
20.625 62 11
20.688 62 11
20.812 58 7
20.938 60 9
21.875 60 9
22.125 58 7
22.812 63 0
22.938 63 0
23.062 60 9
24.000 67 4
24.688 70 7
24.812 67 4
24.938 65 2
25.062 63 0
25.312 67 4
25.438 67 4
25.500 65 2
25.562 63 0
25.625 60 9
25.812 63 0
25.938 60 9
26.000 67 4
26.562 58 7
26.625 60 9
26.688 63 0
26.812 65 2
27.000 67 4
27.062 65 2
27.125 63 0
27.188 60 9
27.562 67 4
27.750 65 2
28.000 67 4
28.062 65 2
28.125 67 4
28.250 67 4
28.375 65 2
28.438 65 2
28.688 67 4
28.750 67 4
28.812 67 4
28.875 65 2
28.938 65 2
29.000 63 0
29.062 60 9
29.625 67 4
29.688 65 2
29.750 63 0
29.875 65 2
29.938 67 4
30.125 67 4
30.500 67 4
30.688 60 9
30.812 58 7
31.500 72 9
31.688 70 7
31.875 72 9
32.375 67 4
32.562 70 7
32.875 63 0
33.125 63 0
33.312 63 0
33.375 60 9
33.562 66 3
33.688 65 2
33.750 65 2
34.125 63 0
34.250 60 9
34.375 67 4
34.875 72 9
35.125 70 7
35.375 72 9
36.250 66 3
36.750 65 2
36.875 65 2
37.000 63 0
37.125 63 0
37.375 65 2
37.562 58 7
37.625 60 9
37.688 60 9
37.750 63 0
37.875 60 9
37.938 67 4
38.500 66 3
38.688 65 2
38.812 66 3
38.938 65 2
39.000 63 0
39.062 60 9
39.625 68 5
39.750 67 4
39.875 65 2
39.938 67 4
40.500 66 3
40.562 66 3
40.750 65 2
40.875 63 0
40.938 63 0
41.188 65 2
41.562 58 7
41.625 60 9
41.750 63 0
41.875 60 9
41.938 67 4
42.562 65 2
42.750 65 2
42.875 60 9
42.938 65 2
43.125 67 4
44.000 60 9
44.062 60 9
44.188 58 7
44.250 60 9
44.375 58 7
44.438 60 9
44.562 58 7
44.625 60 9
44.750 58 7
44.812 60 9
44.938 65 2
45.125 63 0
45.188 60 9
45.375 60 9
45.500 60 9
45.562 60 9
45.625 65 2
45.938 65 2
46.000 62 11
46.875 58 7
47.125 70 7
47.625 72 9
47.812 51 0
47.938 51 0
48.000 51 0
48.062 58 7
48.562 68 5
48.688 67 4
48.938 67 4
49.062 65 2
49.312 67 4
49.625 51 0
49.875 51 0
49.938 51 0
50.000 48 9
50.062 46 7
50.375 67 4
50.562 67 4
50.625 65 2
50.688 63 0
50.750 60 9
50.875 60 9
50.938 63 0
51.000 63 0
51.125 60 9
51.375 67 4
51.500 65 2
51.750 67 4
51.812 65 2
51.875 63 0
51.938 65 2
52.125 67 4
52.625 67 4
53.000 60 9
53.188 58 7
53.250 60 9
53.625 63 0
53.688 60 9
53.750 63 0
53.875 60 9
54.125 67 4
54.625 67 4
54.750 70 7
55.000 68 5
55.062 67 4
55.312 67 4
55.438 67 4
55.625 67 4
55.750 63 0
55.875 65 2
55.938 67 4
56.875 67 4
57.188 70 7
57.500 67 4
57.625 67 4
57.688 65 2
57.750 67 4
57.812 65 2
57.875 63 0
57.938 65 2
58.125 67 4
58.375 70 7
58.562 67 4
58.625 65 2
58.750 67 4
58.812 65 2
58.875 63 0
59.125 65 2
59.312 60 9
60.438 70 7
60.625 67 4
60.750 75 0
60.938 74 11
61.125 74 11
61.250 72 9
61.438 70 7
61.750 67 4
62.000 67 4
62.125 63 0
62.188 63 0
62.875 72 9
63.125 67 4
63.250 70 7
63.625 72 9
64.375 67 4
64.562 70 7
64.938 66 3
65.062 65 2
65.125 63 0
65.375 60 9
65.438 63 0
65.562 60 9
65.688 67 4
65.875 60 9
65.938 60 9
66.000 58 7
66.750 70 7
66.875 68 5
66.938 66 3
67.000 65 2
67.125 63 0
68.312 67 4
68.438 70 7
68.938 66 3
69.000 65 2
69.062 63 0
69.250 63 0
69.375 60 9
69.625 60 9
69.688 63 0
69.812 60 9
69.938 67 4
70.625 72 9
71.000 72 9
71.125 67 4
72.312 66 3
72.375 66 3
72.500 70 7
72.625 70 7
72.688 66 3
72.750 65 2
72.812 63 0
73.000 65 2
73.062 63 0
73.125 60 9
73.438 67 4
73.562 60 9
73.625 63 0
73.750 63 0
73.875 60 9
73.938 67 4
74.500 67 4
74.562 65 2
74.750 65 2
74.875 63 0
74.938 65 2
75.125 67 4
75.625 72 9
76.000 60 9
76.062 60 9
76.188 58 7
76.250 60 9
76.375 58 7
76.438 60 9
76.562 58 7
76.625 60 9
76.750 58 7
76.812 60 9
76.938 65 2
77.062 63 0
77.375 60 9
77.500 60 9
77.562 60 9
77.625 65 2
77.875 65 2
77.938 67 4
78.188 68 5
78.250 67 4
78.312 68 5
78.375 67 4
78.562 65 2
78.625 67 4
78.688 65 2
79.125 70 7
79.625 70 7
79.688 67 4
79.750 70 7
79.875 67 4
79.938 67 4
80.688 70 7
80.812 67 4
80.938 65 2
81.000 63 0
81.188 65 2
81.312 60 9
81.438 67 4
81.562 63 0
81.688 60 9
81.750 63 0
81.875 63 0
81.938 65 2
82.000 60 9
82.500 70 7
82.562 67 4
82.688 67 4
82.812 65 2
82.938 65 2
83.062 60 9
83.250 63 0
83.312 65 2
83.438 67 4
83.500 65 2
84.125 67 4
84.188 65 2
84.250 67 4
84.312 65 2
84.438 65 2
84.562 60 9
84.750 67 4
84.875 65 2
84.938 65 2
85.125 60 9
85.375 67 4
85.625 63 0
85.688 60 9
85.750 63 0
85.875 60 9
86.125 67 4
86.625 67 4
87.250 70 7
87.312 68 5
87.375 68 5
87.438 67 4
87.875 67 4
87.938 67 4
88.188 63 0
88.750 65 2
88.812 63 0
88.875 63 0
88.938 63 0
89.000 63 0
89.188 65 2
89.500 63 0
89.625 65 2
89.750 65 2
89.875 63 0
89.938 63 0
90.875 72 9
91.125 70 7
91.375 72 9
91.625 67 4
91.688 65 2
91.750 67 4
91.812 65 2
91.875 67 4
92.000 67 4
92.375 65 2
92.438 63 0
92.500 60 9
92.875 65 2
93.062 63 0
93.500 63 0
93.625 63 0
93.750 65 2
93.875 60 9
93.938 60 9
94.562 67 4
94.750 67 4
94.812 65 2
94.938 65 2
95.188 60 9
95.625 68 5
95.688 67 4
95.750 67 4
95.875 65 2
95.938 67 4
96.625 67 4
96.688 65 2
96.750 65 2
96.875 65 2
96.938 67 4
97.125 63 0
97.375 65 2
97.750 63 0
97.812 65 2
97.875 67 4
98.125 63 0
98.625 67 4
98.875 65 2
99.062 60 9
99.625 60 9
99.750 63 0
99.875 63 0
99.938 65 2
