4.875 56 0
5.000 59 3
5.125 56 0
5.250 59 3
5.375 56 0
5.500 59 3
5.625 58 2
5.875 56 0
6.875 56 0
7.000 59 3
7.125 56 0
7.250 59 3
7.375 56 0
7.500 59 3
7.625 58 2
7.875 56 0
8.125 56 0
9.000 59 3
9.125 56 0
9.250 59 3
9.375 56 0
9.500 59 3
9.750 54 10
9.875 56 0
11.000 59 3
11.125 56 0
11.250 59 3
11.375 56 0
11.500 59 3
11.625 58 2
11.875 56 0
12.125 56 0
13.000 54 5
13.125 54 5
13.250 54 5
13.375 54 5
13.500 53 4
13.625 53 4
13.875 49 0
14.125 49 0
15.000 54 5
15.125 54 5
15.250 54 5
15.375 54 5
15.500 53 4
15.625 53 4
15.875 49 0
16.125 49 0
17.000 54 5
17.125 54 5
17.250 54 5
17.375 54 5
17.500 53 4
17.625 53 4
18.250 51 2
18.375 51 2
19.875 59 3
20.000 63 7
20.125 56 0
20.250 59 3
20.375 56 0
20.500 59 3
20.625 58 2
20.875 56 0
21.875 56 0
22.000 59 3
22.125 56 0
22.250 59 3
22.375 56 0
22.500 59 3
22.625 58 2
22.875 56 0
23.125 56 0
24.000 56 0
24.125 56 0
24.250 59 3
24.375 56 0
24.500 59 3
24.750 54 10
24.875 56 0
25.750 59 3
25.875 56 0
26.000 59 3
26.125 56 0
26.250 59 3
26.375 56 0
26.500 59 3
26.625 58 2
26.875 56 0
27.125 56 0
28.000 54 5
28.125 54 5
28.250 54 5
28.375 54 5
28.500 53 4
28.750 53 4
28.875 49 0
29.125 49 0
30.000 54 5
30.125 54 5
30.250 54 5
30.375 54 5
30.500 53 4
30.625 53 4
30.875 49 0
31.125 49 0
32.000 54 5
32.125 54 5
32.250 54 5
32.375 54 5
32.500 53 4
32.625 53 4
33.250 63 2
33.375 63 2
34.375 63 7
179.875 56 0
180.000 59 3
180.125 56 0
180.250 59 3
180.375 56 0
180.500 59 3
180.625 58 2
180.875 56 0
181.875 56 0
182.000 59 3
182.125 56 0
182.250 59 3
182.375 56 0
182.500 59 3
182.625 58 2
182.875 56 0
183.125 56 0
184.000 59 3
184.125 56 0
184.250 59 3
184.375 56 0
184.500 59 3
184.750 54 10
184.875 56 0
185.750 59 3
185.875 56 0
186.000 59 3
186.125 56 0
186.250 59 3
186.375 56 0
186.500 59 3
186.625 58 2
186.875 56 0
187.125 56 0
188.000 54 5
188.125 54 5
188.250 54 5
188.375 54 5
188.500 53 4
188.625 53 4
188.875 53 4
189.125 49 0
190.000 54 5
190.125 54 5
190.250 54 5
190.375 54 5
190.500 53 4
190.625 53 4
190.875 53 4
191.125 49 0
192.000 54 5
192.125 54 5
192.250 54 5
192.375 54 5
192.500 53 4
192.625 53 4
193.250 63 2
193.375 63 2
194.375 63 7
194.875 63 7
195.000 66 10
195.125 63 7
195.250 66 10
195.375 63 7
195.500 66 10
195.625 63 7
195.875 61 5
196.875 63 7
197.000 66 10
197.125 63 7
197.250 66 10
197.375 63 7
197.500 66 10
197.625 63 7
197.875 61 5
198.125 61 5
199.000 66 10
199.125 63 7
199.250 66 10
199.375 63 7
199.500 66 10
199.750 63 7
199.875 61 5
201.000 66 10
201.125 63 7
201.250 66 10
201.375 63 7
201.500 66 10
201.625 63 7
201.875 61 5
202.125 61 5
203.000 61 0
203.125 61 0
203.250 61 0
203.375 61 0
203.500 65 4
203.625 65 4
203.875 61 0
204.125 61 0
205.000 64 3
205.125 61 0
205.250 64 3
205.375 61 0
205.500 64 3
205.625 63 2
205.875 65 4
206.125 61 0
207.000 61 0
207.125 59 10
207.250 61 0
207.375 59 10
207.500 63 2
207.625 64 3
207.875 65 4
208.125 61 0
209.000 64 3
209.125 61 0
209.250 64 3
209.375 61 0
209.500 64 3
209.625 63 2
209.875 65 4
210.125 61 0
211.000 64 3
211.125 61 0
211.250 64 3
211.375 61 0
211.500 64 3
211.625 63 2
211.875 65 4
212.125 65 4
212.375 61 0
213.000 68 7
213.125 68 7
213.250 68 7
213.375 68 7
213.500 66 5
213.625 66 5
214.000 68 7
214.125 68 7
214.500 61 0
