4.000 60 0
4.125 55 7
4.188 60 0
4.312 55 7
4.375 60 0
4.438 55 7
4.500 60 0
4.625 60 0
4.750 60 0
5.000 60 0
5.062 55 7
5.125 60 0
5.188 55 7
5.250 60 0
5.438 60 0
5.562 57 9
5.625 60 0
6.500 64 4
6.625 64 4
8.125 60 0
8.188 55 7
8.250 60 0
8.438 60 0
8.562 60 0
8.688 60 0
8.812 60 0
8.938 60 0
9.000 60 0
9.125 60 0
9.188 60 0
9.312 55 7
9.375 60 0
9.500 60 0
9.562 57 9
9.625 60 0
10.500 64 4
10.562 62 2
10.625 64 4
12.500 64 4
12.688 64 4
12.875 64 4
13.375 64 4
13.500 59 11
13.562 62 2
14.500 64 4
14.562 62 2
14.625 64 4
14.688 62 2
14.750 64 4
14.812 64 4
15.500 64 4
15.625 60 0
15.688 62 2
16.250 60 0
16.375 60 0
16.438 60 0
17.000 60 0
17.125 60 0
17.250 55 7
18.188 60 0
18.375 60 0
18.438 60 0
19.000 57 9
19.125 55 7
19.250 55 7
19.938 55 7
20.000 60 0
20.125 60 0
20.188 57 9
20.250 57 9
20.312 57 9
20.500 60 0
20.750 57 9
21.500 60 0
21.625 60 0
22.000 62 2
23.500 65 5
23.625 64 4
23.688 60 0
23.875 65 5
25.500 60 0
25.625 60 0
25.688 60 0
25.875 64 4
27.312 60 0
27.375 60 0
27.500 60 0
27.562 60 0
27.750 60 0
27.812 64 4
29.375 60 0
29.500 60 0
29.562 60 0
29.625 60 0
29.812 60 0
30.000 64 4
31.250 60 0
31.375 60 0
31.500 65 5
31.625 64 4
31.875 60 0
36.625 65 5
36.875 64 4
37.125 64 4
37.312 60 0
37.375 57 9
37.438 60 0
37.562 57 9
37.625 60 0
37.750 60 0
37.938 60 0
38.125 60 0
38.250 60 0
38.312 57 9
38.375 60 0
38.438 57 9
38.500 60 0
38.562 57 9
38.625 60 0
38.688 57 9
38.750 60 0
38.812 57 9
38.875 60 0
39.500 64 4
39.688 64 4
39.750 64 4
40.875 60 0
41.000 60 0
41.062 57 9
41.125 60 0
41.188 57 9
41.250 60 0
41.375 57 9
41.438 60 0
41.562 57 9
41.625 60 0
41.688 60 0
41.812 60 0
41.938 57 9
42.000 60 0
42.188 57 9
42.250 60 0
42.312 57 9
42.438 60 0
42.500 57 9
42.688 60 0
42.812 57 9
42.875 60 0
43.500 64 4
43.688 64 4
43.750 64 4
45.688 62 2
45.750 64 4
45.875 62 2
45.938 64 4
46.000 64 4
46.250 64 4
46.375 60 0
46.438 62 2
47.125 64 4
47.188 62 2
47.250 64 4
47.312 62 2
47.375 64 4
47.500 64 4
47.688 60 0
47.750 64 4
47.875 64 4
48.250 64 4
48.312 60 0
48.375 62 2
49.125 60 0
49.312 60 0
49.500 60 0
49.562 60 0
49.688 60 0
49.812 60 0
50.125 60 0
50.250 55 7
50.312 55 7
50.938 60 0
51.062 60 0
51.188 60 0
51.312 60 0
51.375 60 0
51.438 60 0
51.500 60 0
51.625 60 0
51.938 57 9
52.062 55 7
52.250 55 7
52.875 60 0
53.000 60 0
53.375 60 0
53.438 60 0
53.500 60 0
53.625 60 0
54.500 60 0
54.625 60 0
54.875 62 2
56.500 65 5
56.625 64 4
56.688 60 0
56.875 65 5
58.500 65 5
58.625 64 4
58.688 60 0
58.875 65 5
60.375 60 0
60.438 60 0
60.500 65 5
60.625 64 4
60.875 60 0
62.312 60 0
62.375 60 0
62.438 60 0
62.500 65 5
62.625 64 4
62.875 60 0
64.250 60 0
64.375 60 0
64.500 64 4
64.625 64 4
64.875 60 0
66.250 60 0
66.375 60 0
66.438 65 5
66.625 64 4
66.875 60 0
71.625 67 7
71.875 64 4
72.188 64 4
72.250 60 0
72.312 64 4
72.438 60 0
72.500 64 4
72.688 60 0
72.750 64 4
72.812 60 0
72.875 64 4
73.125 64 4
73.188 60 0
73.250 64 4
73.312 60 0
73.375 64 4
73.438 60 0
73.500 64 4
73.625 64 4
73.688 62 2
73.750 64 4
73.875 64 4
74.500 64 4
74.688 64 4
74.750 64 4
76.000 60 0
76.062 57 9
76.125 60 0
76.188 57 9
76.250 60 0
76.375 60 0
76.438 57 9
76.500 60 0
76.562 60 0
76.688 60 0
76.938 57 9
77.000 60 0
77.062 57 9
77.250 60 0
77.312 60 0
77.438 57 9
77.500 60 0
77.562 60 0
77.750 60 0
77.812 60 0
78.250 64 4
78.438 64 4
78.500 64 4
80.188 64 4
80.250 64 4
80.312 64 4
80.375 64 4
80.438 64 4
80.500 64 4
80.562 64 4
80.750 64 4
80.875 64 4
80.938 64 4
81.250 64 4
81.375 59 11
81.438 62 2
82.188 62 2
82.250 64 4
82.312 62 2
82.375 64 4
82.438 62 2
82.562 64 4
82.688 64 4
82.812 64 4
83.250 64 4
83.375 62 2
83.500 62 2
84.125 60 0
84.250 60 0
84.375 60 0
84.688 60 0
84.750 60 0
84.875 60 0
85.000 60 0
85.062 60 0
85.188 60 0
86.125 60 0
86.250 60 0
86.375 60 0
86.500 60 0
86.625 60 0
87.000 60 0
87.125 60 0
87.312 60 0
87.938 60 0
88.125 60 0
88.188 60 0
88.438 60 0
88.625 60 0
88.812 60 0
89.000 60 0
89.125 60 0
89.250 60 0
89.625 60 0
89.750 60 0
90.000 62 2
91.500 65 5
91.625 64 4
91.688 60 0
91.875 65 5
93.500 65 5
93.625 64 4
93.688 60 0
93.875 60 0
95.312 60 0
95.375 65 5
95.625 65 5
95.812 64 4
96.000 60 0
97.125 64 4
97.188 65 5
97.375 64 4
97.438 65 5
97.625 64 4
97.875 60 0
99.125 65 5
99.250 65 5
99.312 64 4
99.500 65 5
99.625 64 4
99.875 60 0
101.250 60 0
101.375 60 0
101.438 65 5
101.625 64 4
101.875 60 0
106.500 67 7
107.125 60 0
107.188 60 0
107.312 60 0
107.438 57 9
107.500 60 0
107.562 60 0
107.688 60 0
107.750 60 0
107.875 57 9
108.000 60 0
108.062 57 9
108.188 60 0
108.250 57 9
108.375 60 0
108.438 57 9
108.500 60 0
108.562 57 9
108.688 60 0
108.750 57 9
108.875 60 0
108.938 60 0
109.500 64 4
109.562 64 4
109.688 64 4
111.125 57 9
111.250 60 0
111.375 60 0
111.438 60 0
111.625 60 0
111.688 57 9
111.812 60 0
112.062 57 9
112.125 60 0
112.250 60 0
112.312 57 9
112.500 60 0
112.625 57 9
112.688 60 0
112.812 57 9
112.875 60 0
113.062 60 0
113.125 64 4
113.188 64 4
113.250 64 4
113.375 64 4
113.500 64 4
115.250 64 4
115.312 64 4
115.500 62 2
115.562 64 4
116.250 64 4
116.312 59 11
116.438 62 2
117.125 62 2
117.188 62 2
117.250 64 4
117.312 62 2
117.375 62 2
117.438 62 2
117.500 64 4
118.062 59 11
118.125 59 11
118.188 64 4
118.312 59 11
118.375 62 2
118.438 59 11
118.500 62 2
119.125 64 4
119.188 62 2
119.250 60 0
119.312 60 0
119.438 60 0
119.500 64 4
119.688 57 9
119.812 57 9
119.875 62 2
120.000 57 9
120.062 60 0
121.000 64 4
121.062 64 4
121.125 64 4
121.250 64 4
121.375 64 4
121.438 57 9
121.750 60 0
121.812 60 0
122.125 60 0
122.188 60 0
122.312 57 9
122.375 60 0
123.125 60 0
123.250 60 0
123.375 64 4
123.438 60 0
123.500 60 0
123.562 60 0
123.750 57 9
123.812 60 0
123.938 60 0
124.062 64 4
124.188 60 0
124.625 60 0
124.688 60 0
124.875 62 2
126.375 65 5
126.500 64 4
126.562 60 0
126.750 65 5
128.188 65 5
128.500 65 5
128.625 60 0
128.688 60 0
128.875 64 4
130.250 60 0
130.312 65 5
130.375 65 5
130.500 65 5
130.750 65 5
132.125 64 4
132.188 65 5
132.375 64 4
132.500 65 5
132.625 65 5
132.875 65 5
134.125 65 5
134.250 65 5
134.312 64 4
134.500 65 5
134.625 65 5
134.875 65 5
136.250 60 0
136.375 60 0
136.438 65 5
136.625 64 4
136.875 60 0
