8.875 56 7
9.000 58 9
9.125 56 7
9.250 58 9
9.312 56 7
9.375 58 9
9.875 58 9
9.938 58 9
10.000 60 11
10.125 59 10
10.250 60 11
10.375 59 10
10.500 58 9
10.750 56 7
10.875 61 0
11.375 61 0
11.438 61 0
11.500 56 7
11.625 56 7
11.750 54 5
12.875 56 7
13.000 58 9
13.125 56 7
13.250 58 9
13.312 56 7
13.375 58 9
13.625 54 5
13.875 54 5
13.938 54 5
14.000 60 11
14.125 58 9
14.250 59 10
14.312 58 9
14.375 58 9
14.562 56 7
14.625 58 9
15.000 61 0
15.125 61 0
15.250 61 0
15.375 56 7
15.500 56 7
15.625 54 5
16.875 56 7
17.000 58 9
17.125 58 9
17.250 58 9
17.375 56 7
17.500 58 9
17.875 58 9
17.938 58 9
18.000 60 11
18.125 59 10
18.250 58 9
18.375 58 9
18.500 58 9
18.625 56 7
18.688 58 9
19.000 61 0
19.125 61 0
19.250 61 0
19.375 56 7
19.500 56 7
19.625 56 7
19.750 54 5
20.625 56 7
20.750 56 7
20.875 56 7
21.000 58 9
21.125 57 8
21.250 58 9
21.375 58 9
21.625 58 9
21.750 58 9
21.875 59 10
22.000 60 11
22.125 59 10
22.250 60 11
22.375 59 10
22.500 60 11
22.625 56 7
22.750 58 9
22.875 56 7
23.000 61 0
23.125 61 0
23.250 61 0
23.375 61 0
23.500 61 0
23.625 58 9
24.125 56 7
24.250 58 9
24.375 61 0
24.500 61 0
24.750 58 9
25.000 58 9
25.250 58 9
25.375 60 11
25.625 60 11
25.875 61 0
27.000 61 0
27.125 61 0
27.250 61 0
27.375 61 0
27.625 58 9
27.875 56 7
28.500 58 9
29.000 58 9
29.250 58 9
29.375 60 11
29.625 60 11
29.750 61 0
29.875 61 0
31.125 61 0
31.250 61 0
31.375 61 0
31.500 61 0
31.750 58 9
32.000 60 11
32.125 58 9
32.250 60 11
32.312 58 9
32.375 56 7
33.000 58 9
33.125 57 8
33.250 58 9
33.312 57 8
33.375 58 9
33.750 58 9
33.875 60 11
34.000 56 7
34.250 58 9
34.375 56 7
34.500 59 10
34.625 56 7
34.750 58 9
34.875 56 7
35.000 61 0
35.250 61 0
35.375 61 0
35.500 56 7
35.625 56 7
35.750 58 9
36.000 54 5
36.875 56 7
37.000 58 9
37.125 57 8
37.250 58 9
37.312 57 8
37.375 58 9
37.812 58 9
37.875 58 9
38.000 60 11
38.125 59 10
38.250 60 11
38.375 56 7
38.500 58 9
38.625 56 7
38.812 56 7
38.875 56 7
39.000 61 0
39.125 61 0
39.250 61 0
39.375 61 0
39.500 56 7
39.625 56 7
39.750 58 9
40.000 54 5
40.875 56 7
41.000 58 9
41.125 57 8
41.250 58 9
41.375 58 9
41.875 58 9
42.000 60 11
42.125 59 10
42.250 60 11
42.375 60 11
42.500 60 11
43.000 61 0
43.125 61 0
43.250 61 0
43.375 61 0
43.500 61 0
43.625 61 0
43.750 61 0
43.875 54 5
44.625 56 7
44.750 56 7
44.875 56 7
45.000 58 9
45.125 57 8
45.250 58 9
45.375 58 9
45.625 58 9
45.750 58 9
45.875 59 10
46.000 60 11
46.125 59 10
46.250 60 11
46.375 59 10
46.500 60 11
46.625 56 7
46.750 58 9
46.875 56 7
47.125 61 0
47.312 61 0
47.500 61 0
47.562 58 9
47.688 61 0
47.812 58 9
47.875 61 0
48.000 56 7
48.375 63 2
48.625 61 0
48.750 58 9
49.000 58 9
49.250 58 9
49.375 60 11
49.625 60 11
49.875 61 0
51.000 61 0
51.125 61 0
51.250 61 0
51.375 61 0
51.625 58 9
51.875 56 7
52.500 61 0
52.625 56 7
52.750 58 9
53.000 58 9
53.250 58 9
53.375 60 11
53.625 60 11
53.750 61 0
53.875 61 0
54.875 58 9
55.000 61 0
55.125 61 0
55.250 61 0
55.375 61 0
55.500 61 0
55.750 58 9
56.000 60 11
56.125 58 9
56.250 60 11
56.312 58 9
56.375 56 7
56.625 61 0
56.750 58 9
58.250 70 9
58.500 68 7
58.750 70 9
62.250 70 9
62.500 68 7
62.750 70 9
65.000 58 9
65.125 56 7
65.250 58 9
65.500 58 9
65.750 58 9
65.875 56 7
66.000 58 9
66.125 58 9
66.375 61 0
67.000 58 9
67.125 58 9
67.188 58 9
67.312 56 7
67.438 61 0
67.688 56 7
67.750 56 7
67.812 56 7
67.875 58 9
68.125 54 5
69.000 58 9
69.125 58 9
69.250 56 7
69.375 58 9
70.000 60 11
70.125 60 11
70.250 58 9
70.375 60 11
70.625 56 7
70.750 58 9
70.875 56 7
71.000 61 0
71.125 61 0
71.250 61 0
71.375 58 9
71.500 61 0
71.625 58 9
71.750 61 0
72.000 61 0
72.250 61 0
72.375 61 0
73.000 64 3
73.250 58 9
73.375 61 0
73.625 61 0
73.875 61 0
75.000 61 0
75.125 61 0
75.250 58 9
75.375 58 9
75.625 60 11
75.875 60 11
76.000 58 9
76.062 56 7
76.188 58 9
77.000 58 9
77.250 58 9
77.375 60 11
77.625 60 11
77.875 61 0
79.000 61 0
79.125 61 0
79.250 61 0
79.375 61 0
79.500 61 0
79.625 61 0
79.875 61 0
80.000 63 2
80.125 63 2
80.250 63 2
80.375 61 0
80.500 65 4
80.750 65 4
81.000 63 2
81.250 63 2
81.375 63 2
81.625 61 0
81.875 58 9
82.375 61 0
83.000 61 0
83.125 61 0
83.250 61 0
83.375 61 0
83.500 58 9
83.625 58 9
83.750 56 7
83.875 56 7
84.000 65 4
84.125 66 5
84.250 65 4
84.375 66 5
84.500 63 2
84.625 61 0
85.000 58 9
85.250 58 9
85.375 60 11
85.625 60 11
85.750 61 0
85.875 61 0
86.125 61 0
86.250 61 0
86.375 70 9
86.500 68 7
86.750 61 0
87.000 61 0
87.250 68 7
87.500 61 0
87.625 73 0
87.750 68 7
88.000 61 0
88.125 61 0
88.250 61 0
88.375 61 0
88.500 61 0
88.750 61 0
89.000 61 0
89.250 61 0
89.375 63 2
89.625 63 2
89.875 65 4
90.250 65 4
90.500 65 4
90.750 61 0
91.000 58 9
91.125 56 7
91.250 61 0
91.375 68 7
91.500 68 7
91.625 65 4
91.875 63 2
92.000 61 0
92.125 61 0
92.250 61 0
92.375 61 0
92.500 61 0
92.625 61 0
92.750 61 0
93.000 61 0
93.250 61 0
93.375 63 2
93.625 63 2
93.875 65 4
94.125 58 9
94.250 61 0
94.375 58 9
94.500 61 0
94.750 61 0
95.000 58 9
95.250 61 0
95.500 58 9
96.000 65 4
96.125 65 4
96.250 63 2
96.375 61 0
96.500 65 4
96.750 65 4
97.000 61 0
97.125 63 2
97.250 61 0
97.375 63 2
97.500 61 0
99.250 77 4
99.375 73 0
99.500 73 0
103.000 65 4
103.125 61 0
103.188 65 4
103.250 63 2
103.312 61 0
103.375 58 9
103.625 58 9
103.750 56 7
103.812 58 9
103.938 56 7
104.000 53 4
104.125 53 4
104.250 53 4
104.500 53 4
104.625 51 2
104.688 49 0
104.750 46 9
104.875 46 9
105.125 68 7
107.562 58 9
107.688 56 7
107.750 61 0
109.625 56 7
109.812 58 9
110.000 56 7
110.125 61 0
110.500 61 0
110.750 61 0
111.000 75 2
111.250 77 4
111.875 73 0
112.125 73 0
112.312 70 9
112.500 68 7
112.625 73 0
112.812 68 7
113.000 68 7
115.000 61 0
115.125 61 0
115.250 61 0
115.375 61 0
115.625 58 9
115.875 60 11
116.000 58 9
116.062 56 7
117.000 61 0
117.250 58 9
117.375 61 0
117.625 61 0
117.875 58 9
118.125 61 0
118.250 61 0
118.375 70 9
118.500 68 7
118.875 61 0
119.000 61 0
119.125 70 9
119.250 68 7
119.625 58 9
119.875 58 9
120.125 63 2
120.250 63 2
120.500 64 3
120.625 61 0
120.750 64 3
120.875 61 0
121.000 61 0
121.250 61 0
121.375 63 2
121.625 63 2
121.875 65 4
123.125 61 0
123.250 58 9
123.375 61 0
123.500 58 9
123.625 61 0
123.875 58 9
124.000 56 7
125.000 61 0
125.250 61 0
125.375 63 2
125.625 63 2
125.875 65 4
126.125 61 0
126.250 61 0
126.375 70 9
126.500 68 7
126.875 61 0
127.000 61 0
127.125 70 9
127.250 68 7
127.625 61 0
127.750 63 2
127.875 61 0
128.000 63 2
128.125 61 0
128.250 63 2
128.375 61 0
128.500 65 4
128.750 61 0
128.875 61 0
129.000 58 9
129.125 56 7
130.000 65 4
130.250 61 0
130.375 61 0
130.500 58 9
130.625 56 7
131.000 65 4
131.250 61 0
131.375 61 0
131.500 58 9
131.625 56 7
134.000 61 0
134.125 58 9
134.188 61 0
134.312 58 9
134.375 61 0
134.500 58 9
134.750 61 0
138.000 77 4
138.250 75 2
138.312 77 4
138.438 75 2
138.500 77 4
138.625 75 2
138.688 77 4
138.875 75 2
139.125 75 2
139.250 73 0
139.312 70 9
139.750 73 0
139.875 70 9
140.625 77 4
140.750 75 2
140.812 77 4
140.938 75 2
141.000 77 4
141.062 75 2
141.125 77 4
141.188 75 2
141.250 77 4
141.750 77 4
141.938 75 2
142.000 77 4
142.125 75 2
142.156 77 4
142.188 75 2
142.219 77 4
142.250 75 2
142.375 77 4
142.750 80 7
142.938 77 4
143.125 75 2
143.250 73 0
143.750 70 9
144.000 68 7
