12.000 59 7
12.250 59 7
12.417 59 7
12.667 59 7
12.750 59 7
12.917 59 7
13.000 60 8
13.167 60 8
13.250 60 8
13.417 60 8
13.917 57 5
14.000 59 7
14.167 59 7
14.250 59 7
14.417 59 7
14.917 57 5
15.000 59 7
15.167 59 7
15.250 59 7
15.417 59 7
16.000 59 7
16.250 59 7
16.417 59 7
16.667 59 7
16.833 59 7
16.917 59 7
17.000 60 8
17.250 60 8
17.417 60 8
17.917 57 5
18.000 59 7
18.167 59 7
18.250 59 7
18.417 59 7
18.500 59 7
18.917 59 7
19.000 59 7
19.250 59 7
19.417 59 7
20.000 59 7
20.250 59 7
20.417 59 7
20.667 59 7
20.917 59 7
21.000 60 8
21.167 60 8
21.250 60 8
21.417 63 11
22.000 59 7
22.167 59 7
22.250 59 7
22.333 59 7
22.417 59 7
22.667 55 3
22.917 57 5
23.000 59 7
23.167 59 7
23.250 59 7
23.417 59 7
24.000 59 7
24.250 59 7
24.417 59 7
24.667 59 7
24.750 59 7
24.917 59 7
25.000 60 8
25.167 60 8
25.333 60 8
25.500 60 8
25.917 57 5
26.000 59 7
26.167 59 7
26.250 59 7
26.417 59 7
26.833 59 7
26.917 59 7
27.000 59 7
27.167 59 7
27.417 59 7
27.917 59 7
28.000 59 7
28.167 52 0
28.417 52 0
28.500 52 0
28.667 52 0
28.917 62 10
29.000 59 7
29.250 59 7
29.333 59 7
29.417 59 7
30.000 59 7
30.167 52 0
30.417 52 0
30.500 52 0
30.667 52 0
30.917 59 7
31.000 59 7
31.167 59 7
31.333 59 7
31.417 59 7
31.500 59 7
32.000 59 7
32.167 52 0
32.417 52 0
32.500 52 0
32.583 52 0
32.917 60 8
33.000 59 7
33.167 59 7
33.417 59 7
33.500 55 3
33.917 57 5
34.000 59 7
34.167 59 7
34.417 59 7
34.500 59 7
34.667 59 7
34.917 57 5
36.000 62 10
36.167 62 10
36.333 59 7
36.500 64 0
36.667 62 10
36.833 64 0
37.833 59 7
37.917 59 7
38.000 60 8
38.083 60 8
38.167 60 8
38.333 60 8
38.500 60 8
39.167 62 10
39.250 62 10
39.333 61 9
39.417 60 8
39.583 59 7
39.750 65 1
39.917 60 8
40.000 65 1
40.167 63 11
40.250 62 10
40.333 65 1
41.000 59 7
41.250 59 7
41.417 59 7
41.667 59 7
41.833 59 7
41.917 59 7
42.000 60 8
42.167 60 8
42.250 60 8
42.417 60 8
43.000 59 7
43.167 59 7
43.250 58 6
43.417 57 5
43.917 57 5
44.000 59 7
44.167 59 7
44.250 59 7
44.333 59 7
44.417 59 7
45.000 59 7
45.250 59 7
45.417 59 7
45.667 59 7
45.917 59 7
45.958 59 7
46.000 60 8
46.167 59 7
46.250 57 5
46.417 60 8
46.917 59 7
47.000 60 8
47.167 59 7
47.250 57 5
47.417 59 7
47.667 55 3
47.917 55 3
48.000 71 7
48.167 55 3
48.333 55 3
48.417 53 1
48.500 52 0
49.000 59 7
49.250 59 7
49.417 59 7
49.667 59 7
49.750 62 10
49.917 59 7
50.000 62 10
50.167 62 10
50.333 62 10
50.500 62 10
51.000 59 7
51.167 59 7
51.250 58 6
51.417 57 5
51.833 59 7
51.917 59 7
52.000 59 7
52.167 59 7
52.417 59 7
52.500 59 7
52.917 59 7
53.000 59 7
53.167 52 0
53.417 52 0
53.500 52 0
53.667 52 0
53.917 59 7
54.000 59 7
54.250 59 7
54.333 59 7
54.417 59 7
55.000 59 7
55.167 52 0
55.417 52 0
55.500 52 0
55.583 52 0
55.917 59 7
56.000 59 7
56.167 59 7
56.333 59 7
56.417 59 7
56.500 59 7
56.917 59 7
57.000 62 10
57.167 59 7
57.250 52 0
57.417 55 3
57.500 52 0
57.917 59 7
58.000 59 7
58.167 59 7
58.417 59 7
58.500 55 3
58.917 59 7
59.000 59 7
59.167 59 7
59.417 59 7
59.500 59 7
59.667 59 7
59.917 57 5
60.917 62 10
61.000 62 10
61.167 62 10
61.417 59 7
61.500 64 0
61.667 62 10
61.833 64 0
77.917 59 7
78.000 59 7
78.167 52 0
78.417 52 0
78.500 52 0
78.667 52 0
78.917 59 7
79.000 59 7
79.250 59 7
79.333 59 7
79.417 59 7
80.000 64 0
80.167 55 3
80.417 62 10
80.500 62 10
80.667 55 3
80.917 59 7
81.000 59 7
81.167 59 7
81.333 59 7
81.417 59 7
81.500 59 7
81.917 59 7
82.000 64 0
82.167 59 7
82.250 55 3
82.417 62 10
82.500 52 0
82.917 60 8
83.000 59 7
83.167 59 7
83.417 59 7
83.500 55 3
83.917 59 7
84.000 59 7
84.167 59 7
84.417 59 7
84.500 59 7
84.667 59 7
84.917 57 5
85.917 62 10
86.000 62 10
86.167 62 10
86.333 59 7
86.500 64 0
86.667 62 10
86.833 64 0
95.000 59 7
95.250 59 7
95.417 59 7
95.667 59 7
95.750 59 7
96.000 60 8
96.167 60 8
96.250 60 8
96.417 60 8
96.833 57 5
96.917 60 8
97.000 59 7
97.167 59 7
97.250 59 7
97.417 59 7
97.917 55 3
98.000 62 10
98.083 59 7
98.167 57 5
98.250 55 3
98.417 64 0
99.000 59 7
99.250 59 7
99.417 59 7
99.667 59 7
99.750 59 7
99.917 59 7
100.000 60 8
100.167 60 8
100.250 60 8
100.417 60 8
100.917 60 8
101.000 59 7
101.167 59 7
101.250 59 7
101.417 59 7
101.750 64 0
101.917 59 7
102.000 60 8
102.167 59 7
102.250 57 5
102.417 62 10
103.000 59 7
103.250 59 7
103.417 55 3
103.667 52 0
107.000 59 7
107.167 59 7
107.250 59 7
107.417 59 7
107.500 59 7
107.667 59 7
107.750 59 7
