0.750 68 3
0.875 68 3
1.000 68 3
1.250 68 3
1.500 68 3
1.750 68 3
2.000 68 3
2.250 68 3
2.375 68 3
2.500 68 3
2.875 65 0
3.000 68 3
3.125 68 3
3.250 68 3
3.375 68 3
3.500 68 3
3.625 68 3
3.750 68 3
3.875 68 3
4.000 68 3
4.125 68 3
4.250 68 3
4.375 68 3
4.500 68 3
4.750 67 2
5.000 65 0
5.250 67 2
6.000 71 6
6.250 70 5
6.375 68 3
6.625 65 0
6.875 65 0
7.125 68 3
7.875 77 0
8.250 75 10
8.500 72 7
8.750 69 4
8.875 67 2
9.250 64 11
9.312 62 9
9.375 60 7
9.875 60 7
10.000 62 9
10.125 65 0
10.250 65 0
10.375 67 2
10.625 67 2
10.750 65 0
10.875 65 0
10.938 62 9
11.000 60 7
11.875 65 0
12.125 62 9
12.250 60 7
12.750 68 3
13.000 68 3
13.250 68 3
13.500 68 3
13.625 68 3
13.750 68 3
14.250 68 3
14.375 68 3
14.500 68 3
14.625 68 3
14.750 68 3
14.812 67 2
14.875 65 0
14.938 62 9
15.250 68 3
15.375 68 3
15.500 68 3
15.750 68 3
15.875 68 3
16.125 68 3
16.250 68 3
16.500 68 3
16.750 68 3
17.000 67 2
17.250 65 0
18.000 71 6
18.250 70 5
18.375 68 3
18.625 65 0
18.875 67 2
19.125 68 3
19.875 77 0
20.250 75 10
20.500 72 7
20.750 69 4
20.875 67 2
21.250 64 11
21.312 62 9
21.375 60 7
21.875 60 7
22.000 62 9
22.125 65 0
22.250 65 0
22.375 67 2
22.625 67 2
22.750 65 0
22.875 65 0
22.938 62 9
23.000 60 7
23.875 65 0
24.125 62 9
24.250 60 7
24.750 68 3
24.875 68 3
25.000 68 3
25.250 68 3
25.375 68 3
25.500 68 3
25.750 68 3
26.000 68 3
26.250 68 3
26.500 68 3
26.625 68 3
26.875 68 3
27.000 68 3
27.125 68 3
27.250 68 3
27.375 68 3
27.500 68 3
27.625 68 3
27.750 68 3
27.875 68 3
28.000 68 3
28.125 68 3
28.250 68 3
28.375 68 3
28.500 68 3
28.625 68 3
28.750 68 3
29.000 65 0
29.250 67 2
30.000 71 6
30.250 70 5
30.375 68 3
30.625 65 0
30.875 67 2
31.125 68 3
31.875 77 0
32.250 75 10
32.500 72 7
32.750 69 4
32.875 67 2
33.250 64 11
33.312 62 9
33.375 60 7
33.875 60 7
34.000 62 9
34.125 65 0
34.250 65 0
34.375 67 2
34.625 67 2
34.750 65 0
34.875 65 0
34.938 62 9
35.000 60 7
35.875 65 0
36.125 81 4
60.125 68 3
61.000 68 3
61.250 68 3
61.500 68 3
61.625 68 3
61.750 68 3
62.250 68 3
62.375 68 3
62.500 68 3
62.625 68 3
62.750 68 3
62.812 67 2
62.875 65 0
62.938 62 9
63.250 68 3
63.375 68 3
63.500 68 3
63.750 68 3
63.875 68 3
64.125 68 3
64.250 68 3
64.500 68 3
64.750 68 3
65.000 67 2
65.250 65 0
66.000 71 6
66.250 70 5
66.375 68 3
66.625 65 0
66.875 69 4
67.125 68 3
67.250 67 2
67.312 65 0
67.375 62 9
67.500 60 7
67.875 77 0
68.250 75 10
68.500 72 7
68.750 69 4
68.875 67 2
69.250 64 11
69.312 62 9
69.375 60 7
69.875 60 7
70.000 62 9
70.125 65 0
70.250 65 0
70.375 67 2
70.625 67 2
70.750 65 0
70.875 65 0
70.938 62 9
71.000 60 7
71.875 65 0
72.125 62 9
72.250 60 7
72.625 68 3
72.875 68 3
73.000 68 3
73.250 68 3
73.375 68 3
73.500 68 3
73.750 68 3
74.000 68 3
74.250 68 3
74.500 68 3
74.625 68 3
74.875 68 3
75.000 68 3
75.125 68 3
75.250 68 3
75.375 68 3
75.500 68 3
75.625 68 3
75.750 68 3
75.875 68 3
76.000 68 3
76.125 68 3
76.250 68 3
76.375 68 3
76.500 68 3
76.625 68 3
76.750 68 3
77.000 65 0
77.250 67 2
78.000 71 6
78.250 70 5
78.375 68 3
78.625 65 0
78.875 69 4
79.125 68 3
79.250 67 2
79.312 65 0
79.375 62 9
79.500 60 7
79.875 77 0
80.250 75 10
80.500 72 7
80.750 69 4
80.875 67 2
81.250 64 11
81.312 62 9
81.375 60 7
81.875 60 7
82.000 62 9
82.125 65 0
82.250 65 0
82.375 67 2
82.625 67 2
82.750 65 0
82.875 65 0
82.938 62 9
83.000 60 7
83.875 65 0
84.125 62 9
84.250 60 7
84.625 68 3
84.750 68 3
84.875 68 3
85.000 68 3
85.250 68 3
85.500 68 3
85.750 65 0
85.875 65 0
86.625 68 3
86.750 68 3
86.875 68 3
87.000 68 3
87.250 68 3
87.500 67 2
87.625 65 0
87.875 65 0
88.250 77 0
89.000 68 3
89.250 68 3
89.500 68 3
89.625 68 3
89.750 68 3
89.812 67 2
89.875 65 0
89.938 62 9
90.000 60 7
90.875 72 7
91.250 69 4
91.375 67 2
91.625 65 0
91.875 65 0
92.000 62 9
92.125 60 7
92.875 67 2
93.250 63 10
93.500 60 7
93.875 62 9
94.125 65 0
94.250 67 2
94.625 67 2
94.750 65 0
94.875 72 7
94.938 70 5
95.000 68 3
95.062 65 0
