24.000 50 0
24.750 54 4
24.875 57 7
25.000 62 0
25.125 64 2
25.188 62 0
25.875 60 10
25.938 62 0
26.000 64 2
26.062 62 0
26.188 60 10
26.312 57 7
26.875 55 5
26.938 55 5
27.062 55 5
27.188 57 7
27.250 54 4
27.375 50 0
28.000 50 0
28.750 54 4
28.875 57 7
29.000 62 0
29.125 64 2
29.188 62 0
29.875 60 10
29.938 62 0
30.000 64 2
30.062 62 0
30.188 60 10
30.312 57 7
30.875 55 5
30.938 55 5
31.062 55 5
31.188 57 7
31.250 54 4
31.375 50 0
44.000 50 0
44.750 54 4
44.875 57 7
45.000 62 0
45.125 64 2
45.188 62 0
45.875 60 10
45.938 62 0
46.000 64 2
46.062 62 0
46.188 60 10
46.312 57 7
46.875 55 5
46.938 55 5
47.062 55 5
47.188 57 7
47.250 54 4
47.375 50 0
48.000 50 0
48.750 54 4
48.875 57 7
49.000 62 0
49.125 64 2
49.188 62 0
49.875 60 10
49.938 62 0
50.000 64 2
50.062 62 0
50.188 60 10
50.312 57 7
50.875 55 5
50.938 55 5
51.062 55 5
51.188 57 7
51.250 54 4
51.375 50 0
64.000 50 0
64.750 54 4
64.875 57 7
65.000 62 0
65.125 64 2
65.188 62 0
65.875 60 10
65.938 62 0
66.000 64 2
66.062 62 0
66.188 60 10
66.312 57 7
66.875 55 5
66.938 55 5
67.062 55 5
67.188 57 7
67.250 54 4
67.375 50 0
68.000 50 0
68.750 54 4
68.875 57 7
69.000 62 0
69.125 64 2
69.188 62 0
69.875 60 10
69.938 62 0
70.000 64 2
70.062 62 0
70.188 60 10
70.312 57 7
70.875 55 5
70.938 55 5
71.062 55 5
71.188 57 7
71.250 54 4
71.375 50 0
72.000 50 0
72.750 54 4
72.875 57 7
73.000 62 0
73.125 64 2
73.188 62 0
73.875 60 10
73.938 62 0
74.000 64 2
74.062 62 0
74.188 60 10
74.312 57 7
74.875 55 5
74.938 55 5
75.062 55 5
75.188 57 7
75.250 54 4
75.375 50 0
76.000 50 0
76.750 54 4
76.875 57 7
77.000 62 0
77.125 64 2
77.188 62 0
77.875 60 10
77.938 62 0
78.000 64 2
78.062 62 0
78.188 60 10
78.312 57 7
78.875 55 5
78.938 55 5
79.062 55 5
79.188 57 7
79.250 54 4
79.375 50 0
