8.000 59 2
8.875 57 0
9.750 57 0
9.875 59 2
10.000 57 0
11.125 55 10
11.250 59 2
11.375 59 2
11.750 55 10
11.875 59 2
12.250 55 10
12.375 60 3
12.625 59 2
12.875 59 2
13.125 57 0
13.875 52 7
14.000 60 3
14.250 60 3
14.500 60 3
14.750 60 3
14.875 59 2
15.125 55 10
15.875 55 10
16.000 59 2
16.125 59 2
16.375 60 3
16.750 59 2
16.875 57 0
19.250 59 2
19.500 59 2
19.750 59 2
20.000 60 3
20.500 59 2
20.875 57 0
22.375 57 0
22.500 57 0
22.625 59 2
22.875 55 10
24.250 60 3
24.500 60 3
24.625 60 3
24.750 59 2
24.875 59 2
25.000 57 0
26.250 60 3
26.500 60 3
26.625 60 3
26.750 57 0
26.875 59 2
27.500 59 2
28.000 60 3
28.250 60 3
28.500 60 3
28.750 59 2
28.875 59 2
29.000 57 0
30.250 60 3
30.500 60 3
30.750 57 0
30.875 59 2
31.375 59 2
31.875 59 2
32.625 60 3
32.750 59 2
32.875 59 2
33.125 57 0
33.375 55 10
33.500 57 0
33.750 55 10
33.875 59 2
34.000 57 0
35.250 59 2
35.500 59 2
35.750 59 2
36.000 60 3
36.500 59 2
36.875 57 0
37.875 57 0
38.000 57 0
38.125 57 0
38.375 57 0
38.750 59 2
38.875 55 10
39.875 55 10
40.000 60 3
40.250 60 3
40.375 57 0
40.500 60 3
40.750 59 2
40.875 59 2
41.000 57 0
41.875 57 0
42.000 60 3
42.250 60 3
42.375 57 0
42.500 60 3
42.750 59 2
42.875 57 0
44.625 60 3
45.000 60 3
45.250 60 3
45.500 60 3
45.750 60 3
46.000 60 3
46.500 59 2
46.875 57 0
48.500 60 3
48.625 60 3
48.750 59 2
48.875 59 2
49.000 57 0
50.000 60 3
50.250 60 3
50.500 60 3
50.625 60 3
50.875 59 2
51.000 55 10
51.500 59 2
52.000 60 3
52.250 60 3
52.500 60 3
52.750 59 2
52.875 59 2
53.000 57 0
54.250 60 3
54.500 60 3
54.750 57 0
54.875 59 2
55.250 59 2
55.375 59 2
55.625 59 2
55.875 59 2
56.625 60 3
56.750 59 2
56.875 59 2
57.125 57 0
57.375 55 10
57.500 57 0
57.750 55 10
57.875 57 0
58.500 57 0
59.250 59 2
59.500 59 2
59.750 59 2
60.000 60 3
60.500 59 2
60.875 57 0
62.375 57 0
62.500 57 0
62.625 59 2
62.875 55 10
64.375 55 10
64.500 60 3
64.625 59 2
64.875 57 0
65.875 52 7
66.000 60 3
66.125 60 3
66.375 60 3
66.875 60 3
67.000 59 2
67.125 59 2
67.375 55 10
67.500 59 2
67.750 55 10
67.875 59 2
68.375 55 10
68.500 60 3
68.625 59 2
68.875 57 0
69.750 52 7
69.875 57 0
70.875 52 7
71.000 59 2
71.250 59 2
71.500 59 2
71.625 59 2
71.875 59 2
72.500 60 3
72.625 59 2
73.000 57 0
73.125 57 0
73.375 57 0
73.750 57 0
74.000 59 2
74.125 57 0
74.375 57 0
74.750 57 0
75.250 59 2
75.500 59 2
75.750 55 10
75.875 59 2
76.500 60 3
76.750 59 2
77.000 57 0
78.625 59 2
78.875 55 10
79.875 55 10
80.000 60 3
80.250 60 3
80.375 57 0
80.500 60 3
80.750 59 2
80.875 59 2
81.000 57 0
81.875 57 0
82.000 60 3
82.250 60 3
82.375 57 0
82.500 60 3
82.750 59 2
82.875 57 0
84.625 60 3
85.000 60 3
85.250 60 3
85.500 60 3
85.750 60 3
86.000 60 3
86.500 59 2
86.875 57 0
93.000 60 3
93.250 60 3
93.500 60 3
93.750 57 0
93.875 60 3
95.000 60 3
95.250 60 3
95.500 60 3
95.750 60 3
95.875 60 3
96.250 60 3
96.500 60 3
96.625 60 3
96.750 59 2
96.875 59 2
97.000 57 0
98.250 60 3
98.500 60 3
98.625 60 3
98.750 57 0
98.875 59 2
99.500 59 2
100.000 60 3
100.250 60 3
100.500 60 3
100.750 59 2
100.875 59 2
101.000 57 0
102.250 60 3
102.500 60 3
102.750 57 0
102.875 59 2
103.375 59 2
103.875 59 2
104.625 60 3
104.750 59 2
104.875 59 2
105.125 57 0
105.375 55 10
105.500 57 0
105.750 55 10
105.875 59 2
106.000 57 0
107.250 59 2
107.500 59 2
107.750 59 2
108.000 60 3
108.500 59 2
108.875 57 0
109.875 57 0
110.000 57 0
110.125 57 0
110.375 57 0
110.750 59 2
110.875 55 10
111.875 55 10
112.000 60 3
112.250 60 3
112.375 57 0
112.500 60 3
112.750 59 2
112.875 59 2
113.000 57 0
113.875 53 8
114.000 60 3
114.250 60 3
114.375 57 0
114.500 60 3
114.750 59 2
114.875 57 0
116.625 60 3
117.000 60 3
117.250 60 3
117.500 60 3
117.750 60 3
118.000 60 3
118.500 59 2
118.875 57 0
120.875 57 0
121.000 60 3
121.250 60 3
121.500 60 3
121.750 60 3
121.875 60 3
122.875 60 3
123.375 60 3
123.875 60 3
124.375 60 3
125.000 60 3
125.250 60 3
125.500 60 3
125.750 60 3
125.875 60 3
126.500 60 3
126.750 57 0
126.875 57 0
127.500 60 3
127.750 57 0
127.875 55 10
128.500 55 10
