15.875 50 0
16.000 52 2
16.125 52 2
16.375 52 2
16.625 52 2
17.750 50 0
17.875 50 0
18.000 54 4
18.125 47 9
18.500 47 9
18.750 45 7
19.750 50 0
19.875 50 0
20.000 52 2
20.125 52 2
20.375 52 2
20.875 52 2
21.750 50 0
21.875 50 0
22.000 54 4
22.250 47 9
22.750 50 0
23.000 45 7
23.750 50 0
23.875 50 0
24.125 52 2
24.375 52 2
24.500 52 2
24.750 52 2
25.750 50 0
25.875 50 0
26.000 54 4
26.125 47 9
27.000 45 7
27.875 50 0
28.000 52 2
29.000 54 4
29.250 55 5
29.375 54 4
29.625 52 2
29.750 50 0
30.000 47 9
30.875 50 0
31.000 45 7
32.000 52 2
33.000 54 4
33.250 55 5
33.375 54 4
33.625 52 2
33.750 50 0
34.000 47 9
34.875 50 0
35.000 45 7
39.625 52 2
39.750 52 2
39.875 50 0
40.000 52 2
40.125 52 2
40.500 52 2
40.750 52 2
41.750 50 0
41.875 50 0
42.000 54 4
42.125 47 9
42.375 47 9
43.000 45 7
43.750 52 2
43.875 50 0
44.250 52 2
44.375 52 2
44.500 52 2
44.750 52 2
45.750 50 0
45.875 50 0
46.000 54 4
46.250 47 9
46.500 47 9
47.000 45 7
47.750 52 2
47.875 50 0
48.250 52 2
48.500 52 2
48.625 52 2
48.750 52 2
49.750 50 0
49.875 50 0
50.125 53 3
50.375 47 9
50.500 47 9
51.000 45 7
52.000 52 2
53.000 54 4
53.250 55 5
53.375 54 4
53.625 52 2
53.750 50 0
54.000 47 9
54.875 50 0
55.000 45 7
56.000 52 2
57.000 54 4
57.250 55 5
57.375 54 4
57.625 52 2
57.750 50 0
58.000 47 9
58.875 50 0
59.000 45 7
75.625 50 0
75.750 52 2
75.875 50 0
76.125 52 2
76.375 52 2
76.500 52 2
76.750 52 2
77.750 50 0
77.875 50 0
78.125 54 4
78.375 47 9
78.625 47 9
78.875 45 7
79.750 52 2
79.875 50 0
80.000 52 2
80.250 52 2
80.500 52 2
80.750 52 2
81.625 52 2
81.750 50 0
81.875 50 0
82.000 54 4
82.250 47 9
82.750 47 9
83.000 45 7
83.750 52 2
83.875 50 0
84.125 52 2
84.375 52 2
84.750 52 2
85.000 52 2
85.750 52 2
85.875 50 0
86.250 54 4
86.500 47 9
86.750 47 9
87.000 45 7
87.875 50 0
88.000 52 2
89.000 54 4
89.250 55 5
89.375 54 4
89.625 52 2
89.750 50 0
90.000 47 9
90.875 50 0
91.000 45 7
92.000 52 2
93.000 54 4
93.250 55 5
93.375 54 4
93.625 52 2
93.750 50 0
94.000 47 9
94.875 50 0
95.000 45 7
96.000 52 2
97.000 54 4
97.250 55 5
97.375 54 4
97.625 52 2
97.750 50 0
98.000 47 9
98.875 50 0
99.000 45 7
100.000 52 2
101.000 54 4
101.250 55 5
101.375 54 4
101.625 52 2
101.750 50 0
102.000 47 9
102.875 50 0
103.000 45 7
