0.000 62 6
0.167 61 5
0.333 59 3
0.500 61 5
0.667 56 0
0.833 56 0
1.000 56 0
1.174 59 3
1.217 59 3
1.261 61 5
1.304 59 3
1.348 62 6
1.391 59 3
1.435 62 6
1.478 59 3
1.522 61 5
1.565 59 3
1.609 56 0
1.783 59 3
1.826 56 0
1.870 56 0
1.913 54 10
1.957 56 0
3.000 71 3
3.174 68 0
3.348 63 7
3.391 63 7
3.435 61 5
3.478 63 7
3.522 66 10
3.696 63 7
3.739 61 5
3.783 63 7
3.826 61 5
3.870 63 7
3.913 61 5
3.957 63 7
7.500 62 6
7.562 61 5
7.625 59 3
7.688 59 3
7.750 61 5
7.875 56 0
8.000 56 0
9.375 59 3
9.438 59 3
9.500 56 0
9.562 56 0
9.750 61 5
9.875 59 3
10.000 59 3
10.125 56 0
10.188 54 10
10.250 54 10
10.312 56 0
10.375 59 3
10.875 54 10
10.938 56 0
11.062 56 0
11.125 54 10
11.250 56 0
11.875 62 6
11.938 59 3
12.062 61 5
12.188 59 3
12.250 56 0
12.312 56 0
12.438 56 0
12.875 56 0
13.750 62 6
13.812 61 5
13.875 59 3
14.000 59 3
14.875 54 10
15.000 62 6
15.125 59 3
15.250 59 3
15.375 56 0
15.438 54 10
15.500 54 10
15.562 56 0
15.625 59 3
15.875 59 3
16.750 57 1
16.812 59 3
17.625 62 6
17.688 61 5
17.812 61 5
17.875 59 3
17.938 59 3
18.812 57 1
18.906 62 6
18.969 59 3
19.094 61 5
19.188 59 3
19.250 61 5
19.344 59 3
19.375 56 0
19.438 56 0
19.531 56 0
19.656 56 0
19.812 56 0
19.938 56 0
20.625 56 0
20.750 62 6
20.781 61 5
20.875 59 3
21.000 59 3
21.750 63 7
21.875 63 7
22.000 66 10
22.250 61 5
22.375 59 3
22.500 59 3
22.875 57 1
22.938 59 3
23.594 69 1
23.688 71 3
24.594 62 6
24.688 61 5
24.812 59 3
24.875 56 0
25.438 62 6
25.500 61 5
25.625 59 3
25.688 59 3
25.844 61 5
25.938 56 0
26.062 56 0
26.625 68 0
27.438 62 6
27.500 61 5
27.562 59 3
27.625 59 3
27.688 59 3
27.875 61 5
28.000 56 0
28.094 56 0
28.688 56 0
28.750 54 10
28.812 56 0
28.875 59 3
36.500 59 3
36.625 59 3
36.750 59 3
36.875 56 0
37.438 62 6
37.500 61 5
37.625 59 3
37.688 59 3
37.812 61 5
37.938 56 0
38.062 56 0
38.625 68 0
39.438 62 6
39.500 61 5
39.562 59 3
39.625 59 3
39.875 61 5
40.000 56 0
40.062 56 0
40.750 54 10
40.875 61 5
41.000 61 5
41.188 59 3
41.250 59 3
41.875 54 10
41.938 56 0
42.062 59 3
42.188 57 1
42.250 59 3
42.875 63 7
42.938 59 3
43.000 61 5
43.125 56 0
43.188 56 0
43.312 56 0
43.875 56 0
44.625 54 10
44.750 61 5
44.875 59 3
45.000 59 3
45.125 59 3
45.750 63 7
45.875 63 7
46.000 66 10
46.125 66 10
46.250 61 5
46.375 59 3
46.500 59 3
46.875 59 3
47.625 71 3
48.500 56 0
48.562 62 6
48.688 61 5
48.812 59 3
48.875 59 3
49.438 62 6
49.500 61 5
49.625 59 3
49.688 59 3
49.875 61 5
50.000 56 0
50.062 56 0
50.625 56 0
50.750 51 7
50.875 51 7
51.375 62 6
51.500 61 5
51.562 59 3
51.625 59 3
51.688 59 3
51.938 61 5
52.062 56 0
52.125 56 0
54.500 66 10
54.625 63 7
54.750 63 7
54.875 61 5
55.000 61 5
55.125 59 3
56.750 59 3
56.875 56 0
57.000 62 6
57.062 61 5
57.125 61 5
57.875 56 0
58.500 61 5
58.625 59 3
58.750 61 5
58.875 59 3
59.000 62 6
59.042 61 5
59.125 61 5
59.208 59 3
59.250 56 0
59.875 56 0
60.500 59 3
60.625 59 3
60.750 61 5
60.875 59 3
61.000 61 5
61.062 63 7
61.250 61 5
61.312 63 7
61.875 56 0
62.500 59 3
62.562 61 5
62.625 61 5
62.750 61 5
62.875 61 5
63.000 61 5
63.125 61 5
63.208 59 3
63.250 56 0
64.500 66 10
64.625 66 10
64.875 68 0
65.000 63 7
65.062 66 10
65.125 63 7
66.625 63 7
66.688 59 3
66.750 61 5
66.812 61 5
68.125 61 5
68.188 61 5
68.250 61 5
68.500 56 0
68.875 66 10
69.000 68 0
69.125 68 0
70.875 66 10
71.062 63 7
71.188 61 5
71.250 63 7
71.312 61 5
71.375 59 3
71.875 56 0
72.250 56 0
72.500 56 0
73.000 68 0
73.250 68 0
75.000 68 0
75.250 68 0
76.750 61 5
76.875 59 3
77.000 61 5
77.125 61 5
77.875 56 0
78.500 62 6
78.562 61 5
78.625 59 3
78.750 61 5
78.875 59 3
79.000 61 5
79.125 61 5
79.250 59 3
80.875 73 5
81.062 71 3
82.500 71 3
82.625 71 3
82.750 70 2
82.875 68 0
83.000 71 3
84.000 74 6
84.062 73 5
84.188 73 5
84.312 71 3
84.500 71 3
84.625 71 3
84.750 70 2
84.875 68 0
85.000 71 3
86.062 59 3
86.125 59 3
86.250 61 5
86.312 59 3
86.375 56 0
86.500 71 3
86.625 71 3
86.750 70 2
86.875 68 0
87.000 71 3
87.500 63 7
87.625 59 3
87.750 61 5
87.875 59 3
88.000 61 5
88.125 59 3
88.250 56 0
88.500 71 3
88.625 71 3
88.750 70 2
88.875 68 0
89.000 71 3
90.500 61 5
90.625 59 3
90.750 61 5
90.875 59 3
91.000 64 8
92.500 63 7
92.562 61 5
92.625 59 3
92.750 61 5
92.875 56 0
93.000 56 0
94.500 54 10
94.625 56 0
95.000 62 6
95.062 59 3
95.188 61 5
95.312 59 3
96.125 56 0
96.188 56 0
96.250 56 0
96.312 56 0
97.000 62 6
97.125 59 3
97.188 61 5
97.312 59 3
98.500 54 10
98.625 56 0
99.000 59 3
99.125 59 3
99.250 61 5
99.375 62 6
99.500 59 3
99.625 63 7
100.500 54 10
100.625 56 0
101.000 62 6
101.125 59 3
101.250 59 3
101.375 61 5
101.500 59 3
101.625 56 0
103.000 66 10
103.125 66 10
103.250 66 10
103.375 68 0
105.000 66 10
105.125 66 10
105.250 61 5
105.375 63 7
105.438 61 5
105.562 61 5
105.688 59 3
105.875 56 0
106.250 59 3
106.312 59 3
106.375 61 5
106.438 59 3
106.500 62 6
106.562 59 3
106.625 56 0
106.750 56 0
107.000 68 0
108.125 61 5
108.188 59 3
108.250 61 5
108.312 59 3
108.375 59 3
108.438 61 5
109.000 68 0
110.125 59 3
110.188 59 3
110.250 62 6
110.375 59 3
110.438 61 5
110.562 56 0
110.625 56 0
110.875 73 5
111.125 75 7
112.438 73 5
112.562 75 7
112.625 73 5
112.688 71 3
112.812 73 5
112.875 74 6
112.938 73 5
113.000 71 3
113.125 68 0
113.625 59 3
113.688 59 3
113.750 62 6
113.875 59 3
113.938 61 5
114.062 56 0
114.125 56 0
114.625 66 10
114.750 66 10
115.000 68 0
