60.000 57 0
60.500 57 0
61.000 57 0
61.250 55 10
61.750 60 3
62.250 57 0
62.500 57 0
63.750 55 10
63.875 55 10
64.000 52 7
64.125 52 7
64.250 52 7
64.500 52 7
65.750 52 7
65.875 52 7
66.000 52 7
66.250 52 7
66.375 52 7
68.000 52 7
68.500 52 7
68.750 52 7
69.000 52 7
69.250 52 7
69.500 52 7
69.750 52 7
70.000 55 10
70.500 52 7
72.000 57 0
72.250 57 0
73.000 57 0
73.250 57 0
73.375 57 0
73.625 57 0
74.500 60 3
75.000 57 0
76.000 57 0
76.500 57 0
77.000 57 0
77.250 55 10
77.500 57 0
77.750 55 10
78.250 60 3
78.750 57 0
79.000 55 10
79.500 52 7
79.750 50 5
80.000 52 7
80.125 50 5
80.250 52 7
80.500 52 7
81.750 52 7
82.000 52 7
82.125 50 5
82.250 52 7
82.500 52 7
83.750 50 5
84.000 52 7
84.500 52 7
85.000 52 7
85.250 50 5
85.375 52 7
85.750 50 5
86.000 55 10
86.125 52 7
88.250 55 10
88.500 55 10
88.875 55 10
89.125 55 10
89.500 55 10
89.625 55 10
89.875 55 10
92.250 50 5
92.500 50 5
92.750 48 3
93.000 50 5
93.125 48 3
93.375 50 5
93.625 48 3
94.000 53 8
94.500 50 5
94.750 50 5
95.625 50 5
95.750 52 7
95.875 52 7
96.000 52 7
96.250 52 7
96.500 52 7
99.625 55 10
99.750 57 0
99.875 57 0
100.000 57 0
100.250 57 0
100.500 57 0
108.000 57 0
108.250 57 0
108.625 55 10
109.000 57 0
109.375 57 0
109.625 55 10
109.875 60 3
110.375 57 0
111.750 52 7
111.875 50 5
112.000 52 7
112.250 52 7
112.375 52 7
113.750 52 7
113.875 50 5
114.000 52 7
114.250 52 7
114.500 52 7
115.750 52 7
115.875 50 5
116.000 52 7
116.125 50 5
116.375 52 7
117.625 52 7
117.750 52 7
117.875 50 5
118.000 52 7
118.125 50 5
118.250 52 7
118.500 52 7
120.000 57 0
120.500 57 0
120.750 55 10
121.000 57 0
121.500 57 0
121.625 55 10
121.875 60 3
122.250 57 0
123.750 55 10
124.000 57 0
124.500 57 0
124.750 55 10
125.000 57 0
125.250 55 10
125.500 57 0
125.750 55 10
126.000 60 3
126.500 57 0
127.000 55 10
127.500 52 7
127.750 50 5
128.000 52 7
128.125 50 5
128.250 52 7
128.500 52 7
129.750 52 7
129.875 50 5
130.000 52 7
130.125 50 5
130.250 52 7
130.500 52 7
131.750 52 7
131.875 50 5
132.000 52 7
132.125 50 5
132.250 52 7
132.500 52 7
133.750 52 7
133.875 50 5
134.000 52 7
134.125 50 5
134.250 52 7
134.500 52 7
136.250 55 10
136.500 55 10
137.000 55 10
137.125 55 10
137.500 55 10
137.625 55 10
137.875 55 10
140.250 50 5
140.500 50 5
140.750 50 5
141.000 50 5
141.125 48 3
141.375 50 5
141.625 48 3
142.000 53 8
142.500 50 5
142.750 50 5
143.625 50 5
143.750 52 7
143.875 52 7
144.000 52 7
144.250 52 7
144.500 52 7
147.625 57 0
147.750 57 0
147.875 57 0
148.000 57 0
148.250 57 0
148.500 57 0
151.625 59 2
151.750 61 4
151.875 59 2
152.000 61 4
152.250 61 4
152.500 61 4
155.750 59 2
155.875 59 2
156.000 59 2
156.250 59 2
156.500 59 2
159.750 59 2
159.875 57 0
160.000 59 2
160.250 59 2
160.500 59 2
163.750 61 4
164.000 61 4
164.250 61 4
164.500 61 4
168.000 61 4
168.250 61 4
168.500 61 4
171.625 57 0
171.750 59 2
171.875 57 0
172.000 59 2
172.250 59 2
172.500 59 2
175.625 57 0
175.750 59 2
175.875 57 0
176.000 59 2
176.250 59 2
176.500 59 2
180.250 55 10
180.500 55 10
181.000 55 10
181.125 55 10
181.500 55 10
181.625 55 10
181.875 55 10
184.250 50 5
184.500 50 5
184.750 50 5
185.000 50 5
185.125 48 3
185.375 50 5
185.625 48 3
186.000 53 8
186.500 50 5
186.750 50 5
187.625 50 5
187.750 52 7
187.875 50 5
188.000 52 7
188.250 52 7
188.500 52 7
191.625 57 0
191.750 57 0
191.875 55 10
192.000 57 0
192.250 57 0
192.500 57 0
195.750 57 0
196.000 57 0
196.500 57 0
197.000 57 0
197.250 55 10
197.750 60 3
198.250 57 0
198.500 57 0
199.750 52 7
199.875 52 7
200.000 52 7
200.125 52 7
200.250 52 7
200.500 52 7
201.750 52 7
201.875 52 7
202.000 52 7
202.250 52 7
202.375 52 7
203.750 50 5
204.000 52 7
204.250 52 7
204.500 52 7
204.625 50 5
204.875 52 7
205.000 50 5
205.500 52 7
205.625 50 5
206.000 56 11
206.500 52 7
208.000 57 0
208.250 57 0
209.000 57 0
209.250 55 10
209.375 57 0
209.625 57 0
210.500 60 3
211.000 57 0
211.750 55 10
212.000 57 0
212.500 57 0
213.000 57 0
213.250 55 10
213.500 57 0
213.750 55 10
214.250 60 3
214.750 57 0
215.000 55 10
215.500 52 7
215.750 52 7
216.000 52 7
216.125 50 5
216.250 52 7
216.500 52 7
217.750 52 7
218.000 52 7
218.250 52 7
218.500 52 7
219.750 50 5
220.000 52 7
220.500 52 7
221.000 52 7
221.250 50 5
221.375 52 7
221.750 50 5
222.000 55 10
222.125 52 7
224.250 55 10
224.500 55 10
224.875 55 10
225.125 53 8
225.500 55 10
225.625 53 8
225.875 55 10
228.250 48 3
228.500 50 5
228.750 48 3
229.000 50 5
229.125 48 3
229.375 50 5
229.750 48 3
230.000 53 8
230.500 50 5
230.750 50 5
231.625 52 7
231.750 52 7
231.875 50 5
232.000 52 7
232.250 52 7
232.500 52 7
235.625 57 0
235.750 57 0
235.875 57 0
236.000 57 0
236.250 57 0
236.500 57 0
239.750 61 4
239.875 61 4
240.000 61 4
240.250 61 4
240.500 61 4
241.750 61 4
241.875 61 4
242.000 61 4
242.250 61 4
242.500 61 4
243.750 61 4
243.875 61 4
244.000 59 2
244.250 59 2
244.500 59 2
245.750 59 2
246.000 59 2
246.250 59 2
246.500 59 2
247.750 59 2
247.875 59 2
248.000 59 2
248.250 59 2
248.500 59 2
249.750 59 2
250.000 59 2
250.250 59 2
250.500 59 2
251.625 59 2
251.750 61 4
251.875 61 4
252.000 61 4
252.250 61 4
252.500 61 4
254.000 61 4
254.250 61 4
254.500 61 4
256.000 61 4
256.250 61 4
256.500 61 4
258.000 61 4
258.250 61 4
258.500 61 4
