3.875 65 0
4.500 65 0
4.750 64 11
4.875 62 9
5.250 60 7
5.375 60 7
5.625 57 4
6.000 57 4
6.125 57 4
6.375 60 7
6.750 57 4
6.875 53 0
7.500 53 0
7.625 55 2
8.000 57 4
8.125 60 7
8.500 57 4
8.625 60 7
8.875 62 9
9.125 60 7
9.375 58 5
9.625 57 4
10.000 55 2
10.125 55 2
10.375 55 2
11.750 65 0
12.375 65 0
12.625 64 11
12.875 62 9
13.250 60 7
13.375 60 7
13.625 57 4
14.000 57 4
14.125 57 4
14.375 60 7
14.750 53 0
14.875 53 0
15.500 53 0
15.625 55 2
15.875 57 4
16.125 62 9
16.375 60 7
16.750 57 4
16.875 58 5
17.125 57 4
17.500 55 2
17.625 55 2
17.750 53 0
17.875 55 2
18.625 57 4
18.750 55 2
19.000 53 0
21.500 65 0
21.625 65 0
21.875 65 0
22.250 65 0
22.375 65 0
22.625 64 11
22.875 62 9
23.125 60 7
23.375 57 4
23.625 57 4
24.000 57 4
24.125 60 7
24.375 60 7
24.625 57 4
24.875 53 0
26.000 57 4
26.125 62 9
26.375 60 7
26.625 57 4
27.000 53 0
27.500 53 0
27.750 55 2
27.875 57 4
28.125 62 9
28.375 60 7
28.625 60 7
28.875 62 9
29.250 60 7
29.375 58 5
29.625 57 4
30.000 57 4
30.125 55 2
31.625 65 0
32.000 65 0
32.125 65 0
32.375 65 0
32.625 64 11
32.875 62 9
33.125 60 7
33.250 60 7
33.375 60 7
33.625 57 4
34.000 57 4
34.250 57 4
34.375 60 7
34.625 57 4
35.000 53 0
35.625 55 2
35.875 57 4
36.125 62 9
36.375 60 7
36.750 57 4
36.875 53 0
37.500 53 0
37.750 55 2
38.000 57 4
38.250 62 9
38.375 60 7
38.625 60 7
38.875 62 9
39.125 60 7
39.375 58 5
39.750 57 4
39.875 57 4
40.125 55 2
41.750 65 0
42.500 65 0
42.750 64 11
42.875 62 9
43.250 60 7
43.375 60 7
43.625 57 4
44.000 57 4
44.125 57 4
44.375 60 7
44.750 53 0
44.875 53 0
45.500 53 0
45.625 55 2
46.000 57 4
46.125 60 7
46.500 60 7
46.625 60 7
46.875 62 9
47.125 60 7
47.375 58 5
47.625 57 4
48.000 55 2
48.125 55 2
48.375 55 2
49.750 65 0
50.500 65 0
50.750 64 11
50.875 62 9
51.250 60 7
51.375 60 7
51.625 57 4
52.000 57 4
52.125 57 4
52.375 60 7
52.750 57 4
52.875 53 0
53.500 53 0
53.625 55 2
53.875 57 4
54.125 62 9
54.375 60 7
54.750 57 4
54.875 58 5
55.125 57 4
55.500 55 2
55.625 55 2
55.750 53 0
55.875 55 2
56.625 57 4
56.750 55 2
57.000 53 0
60.750 65 0
61.125 65 0
61.375 65 0
61.625 64 11
61.875 62 9
62.125 60 7
62.375 60 7
62.750 57 4
63.000 57 4
63.125 60 7
63.500 60 7
63.625 57 4
63.750 55 2
64.000 53 0
64.625 55 2
65.000 57 4
65.125 62 9
65.375 60 7
65.625 57 4
65.750 53 0
66.000 53 0
66.625 55 2
66.875 57 4
67.250 62 9
67.500 60 7
67.750 53 0
67.875 53 0
68.625 55 2
68.875 57 4
69.250 62 9
69.375 60 7
69.750 53 0
70.000 53 0
70.750 55 2
71.000 57 4
71.250 62 9
71.375 60 7
71.625 60 7
72.000 62 9
72.125 60 7
72.250 58 5
72.500 58 5
72.625 57 4
72.875 55 2
73.250 53 0
73.375 53 0
74.625 65 0
75.000 65 0
75.125 65 0
75.375 65 0
75.625 65 0
75.875 65 0
76.000 64 11
76.250 64 11
76.625 62 9
77.000 62 9
77.125 62 9
77.375 60 7
77.625 57 4
77.750 53 0
77.875 53 0
78.750 55 2
79.000 57 4
79.125 62 9
79.375 60 7
79.500 57 4
79.750 57 4
79.875 53 0
80.500 53 0
80.750 55 2
80.875 57 4
81.125 62 9
81.500 60 7
81.625 57 4
81.875 53 0
82.125 65 0
82.500 64 11
82.625 62 9
83.000 60 7
83.250 62 9
83.500 57 4
83.750 57 4
84.250 55 2
84.375 55 2
85.750 65 0
86.375 65 0
86.625 64 11
86.875 62 9
87.250 60 7
87.375 60 7
87.625 57 4
88.000 57 4
88.125 57 4
88.375 60 7
88.750 57 4
88.875 53 0
89.500 53 0
89.625 55 2
90.000 57 4
90.125 60 7
90.500 60 7
90.625 60 7
90.875 62 9
91.250 60 7
91.375 58 5
91.625 57 4
92.000 55 2
92.125 55 2
92.375 55 2
93.750 65 0
94.375 65 0
94.625 64 11
94.875 62 9
95.250 60 7
95.375 60 7
95.625 57 4
96.000 57 4
96.125 57 4
96.375 60 7
96.750 57 4
96.875 53 0
97.500 53 0
97.625 55 2
97.875 57 4
98.125 62 9
98.375 60 7
98.750 57 4
98.875 58 5
99.125 57 4
99.500 55 2
99.625 55 2
99.750 53 0
99.875 55 2
100.625 57 4
100.750 55 2
101.000 53 0
104.500 65 0
104.625 65 0
104.875 65 0
105.125 65 0
105.375 65 0
105.625 64 11
106.000 62 9
106.125 60 7
106.625 57 4
106.750 57 4
107.000 57 4
107.125 57 4
107.250 57 4
107.375 60 7
107.625 57 4
107.875 53 0
108.500 53 0
108.625 55 2
108.875 57 4
109.250 58 5
109.375 60 7
109.500 60 7
109.750 53 0
110.500 53 0
110.667 53 0
110.833 55 2
111.000 57 4
111.125 62 9
111.375 60 7
111.750 57 4
111.875 53 0
112.500 53 0
112.625 55 2
112.875 57 4
113.125 60 7
113.500 60 7
113.750 62 9
114.000 62 9
114.125 60 7
114.500 58 5
114.625 57 4
115.000 57 4
115.125 55 2
116.625 65 0
116.875 65 0
117.125 65 0
117.375 65 0
117.625 65 0
117.750 64 11
118.125 64 11
118.375 64 11
118.500 62 9
118.625 62 9
119.000 62 9
119.125 60 7
119.375 60 7
119.750 57 4
119.875 53 0
120.500 53 0
120.625 55 2
120.875 57 4
121.250 62 9
121.375 60 7
121.625 57 4
121.875 53 0
122.500 53 0
122.667 53 0
122.833 55 2
123.000 57 4
123.125 62 9
123.375 60 7
123.500 57 4
123.750 57 4
123.875 53 0
124.500 53 0
124.625 53 0
124.750 55 2
124.875 57 4
125.125 60 7
125.375 60 7
125.625 57 4
125.875 53 0
126.500 53 0
126.667 53 0
126.833 55 2
127.125 57 4
127.250 60 7
127.625 60 7
127.875 62 9
128.125 60 7
128.500 58 5
128.625 57 4
128.875 57 4
129.125 55 2
130.750 65 0
131.375 65 0
131.750 64 11
131.875 62 9
132.125 60 7
132.250 60 7
132.375 60 7
132.500 57 4
132.625 57 4
133.000 57 4
133.125 57 4
133.375 60 7
133.750 57 4
133.875 53 0
134.500 53 0
134.625 55 2
135.000 57 4
135.125 60 7
135.500 60 7
135.625 60 7
135.875 62 9
136.125 60 7
136.375 58 5
136.625 57 4
137.000 55 2
137.125 55 2
137.375 55 2
138.750 65 0
139.375 65 0
139.625 64 11
139.875 62 9
140.125 60 7
140.250 60 7
140.375 60 7
140.625 57 4
141.000 57 4
141.125 57 4
141.375 60 7
141.750 57 4
141.875 53 0
142.500 53 0
142.625 55 2
142.875 57 4
143.125 62 9
143.375 60 7
143.500 57 4
143.750 57 4
143.875 58 5
144.125 57 4
144.375 55 2
144.625 55 2
144.750 53 0
144.875 55 2
145.625 57 4
145.750 53 0
146.000 53 0
178.500 65 0
178.875 65 0
179.125 65 0
179.375 65 0
179.625 64 11
179.875 62 9
180.000 60 7
180.500 57 4
180.625 57 4
180.875 57 4
181.125 62 9
181.375 60 7
181.625 57 4
181.750 55 2
181.875 53 0
182.500 53 0
182.750 55 2
182.875 57 4
183.125 62 9
183.375 60 7
183.500 57 4
183.750 57 4
183.875 53 0
184.625 55 2
184.875 57 4
185.125 62 9
185.375 60 7
185.750 53 0
186.000 53 0
186.750 55 2
187.000 57 4
187.125 62 9
187.500 60 7
187.625 53 0
187.875 53 0
188.750 55 2
189.000 57 4
189.250 62 9
189.375 60 7
189.625 53 0
189.875 53 0
190.625 55 2
190.875 57 4
191.125 62 9
191.375 60 7
191.625 57 4
191.875 53 0
192.125 65 0
192.500 64 11
192.625 62 9
192.750 60 7
192.875 57 4
193.000 57 4
193.250 55 2
194.500 65 0
194.750 65 0
194.875 65 0
195.375 65 0
195.500 65 0
195.875 64 11
196.000 64 11
196.125 62 9
196.500 62 9
196.625 60 7
196.750 60 7
196.875 60 7
197.125 60 7
197.375 60 7
197.625 57 4
197.750 55 2
198.000 53 0
198.500 53 0
198.625 55 2
198.875 57 4
199.125 62 9
199.500 60 7
199.750 57 4
200.000 53 0
200.500 53 0
200.625 55 2
200.875 57 4
201.250 62 9
201.500 60 7
201.625 57 4
201.875 53 0
202.500 53 0
202.625 55 2
203.000 57 4
203.125 62 9
203.375 60 7
203.625 57 4
204.000 53 0
204.500 53 0
204.625 55 2
205.000 57 4
205.375 62 9
205.500 60 7
205.750 57 4
205.875 53 0
206.500 53 0
206.667 53 0
206.833 55 2
207.000 57 4
207.125 60 7
207.375 60 7
207.625 60 7
207.875 62 9
208.250 60 7
208.625 58 5
209.000 57 4
209.125 57 4
209.375 55 2
210.875 65 0
211.375 65 0
211.625 64 11
211.875 64 11
212.125 62 9
212.250 62 9
212.375 62 9
212.500 60 7
212.625 60 7
213.000 60 7
213.125 60 7
213.375 60 7
213.750 57 4
213.875 53 0
214.500 53 0
214.750 55 2
215.000 57 4
215.125 60 7
215.500 60 7
215.625 60 7
215.875 62 9
216.125 60 7
216.375 58 5
216.625 57 4
217.000 55 2
217.125 55 2
217.375 55 2
218.750 65 0
219.375 65 0
219.625 64 11
219.875 62 9
220.125 60 7
220.250 60 7
220.375 60 7
220.625 57 4
221.000 57 4
221.125 57 4
221.375 60 7
221.750 57 4
221.875 53 0
222.500 53 0
222.625 55 2
222.875 57 4
223.250 62 9
223.375 60 7
223.750 57 4
223.875 58 5
224.125 57 4
224.500 55 2
224.625 55 2
224.750 53 0
224.875 53 0
225.000 55 2
225.625 57 4
225.750 53 0
226.000 53 0
