4.000 62 0
4.500 62 0
4.750 61 11
4.875 59 9
5.000 57 7
5.250 57 7
5.375 57 7
5.625 57 7
5.750 55 5
6.000 57 7
6.125 57 7
6.250 59 9
6.375 57 7
6.750 54 4
6.875 50 0
7.500 54 4
7.625 54 4
7.750 57 7
8.000 57 7
8.125 57 7
8.250 59 9
8.375 57 7
8.875 57 7
9.000 59 9
9.250 57 7
9.500 55 5
9.750 54 4
10.000 54 4
10.125 52 2
10.375 52 2
12.000 62 0
12.500 62 0
12.750 61 11
12.875 59 9
13.000 57 7
13.250 57 7
13.375 57 7
13.625 57 7
13.750 55 5
14.000 57 7
14.125 59 9
14.375 57 7
14.750 54 4
14.875 50 0
15.500 54 4
15.625 54 4
15.750 57 7
15.875 57 7
16.125 57 7
16.250 59 9
16.375 57 7
16.750 54 4
17.000 55 5
17.125 54 4
17.500 52 2
17.750 50 0
17.875 52 2
18.000 52 2
18.625 54 4
18.750 52 2
18.875 50 0
19.000 50 0
21.000 59 9
21.125 62 0
21.375 62 0
21.625 61 11
22.000 59 9
22.125 57 7
22.375 57 7
22.750 55 5
23.000 57 7
23.125 59 9
23.500 57 7
23.625 54 4
24.000 50 0
24.500 54 4
24.625 57 7
25.000 57 7
25.125 59 9
25.375 57 7
25.750 54 4
25.875 52 2
26.000 50 0
26.500 55 5
26.625 57 7
26.875 57 7
27.250 59 9
27.500 57 7
27.750 54 4
27.875 50 0
28.500 55 5
28.625 57 7
28.875 57 7
29.250 59 9
29.375 57 7
29.750 54 4
30.000 50 0
30.500 54 4
30.625 57 7
30.875 57 7
31.125 59 9
31.375 57 7
31.875 57 7
32.000 59 9
32.125 57 7
32.500 55 5
32.625 54 4
32.875 54 4
33.125 52 2
33.250 52 2
34.750 62 0
35.000 62 0
35.125 62 0
35.375 62 0
35.625 61 11
36.000 59 9
36.125 57 7
36.375 57 7
36.500 55 5
36.750 55 5
37.000 57 7
37.125 59 9
37.375 57 7
37.625 54 4
37.875 50 0
38.500 54 4
38.625 57 7
38.875 57 7
39.125 59 9
39.375 57 7
39.750 54 4
39.875 50 0
40.500 54 4
40.750 57 7
40.875 57 7
41.125 59 9
41.375 57 7
41.750 54 4
41.875 52 2
42.000 50 0
42.500 62 0
43.000 61 11
43.125 59 9
43.375 57 7
43.625 55 5
43.875 54 4
44.125 52 2
44.250 52 2
46.000 62 0
46.500 62 0
46.750 61 11
46.875 59 9
47.000 57 7
47.250 57 7
47.375 57 7
47.625 57 7
47.750 55 5
48.000 57 7
48.125 57 7
48.250 59 9
48.375 57 7
48.750 54 4
48.875 50 0
49.500 54 4
49.625 54 4
49.750 57 7
50.000 57 7
50.125 57 7
50.250 59 9
50.375 57 7
50.875 57 7
51.000 59 9
51.250 57 7
51.500 55 5
51.750 54 4
52.000 54 4
52.125 52 2
52.375 52 2
54.000 62 0
54.500 62 0
54.750 61 11
54.875 59 9
55.000 57 7
55.250 57 7
55.375 57 7
55.625 57 7
55.750 55 5
56.000 57 7
56.125 57 7
56.250 59 9
56.375 57 7
56.750 54 4
56.875 50 0
57.500 55 5
57.625 55 5
57.750 57 7
57.875 57 7
58.125 57 7
58.250 59 9
58.375 57 7
58.750 54 4
59.000 55 5
59.125 54 4
59.500 52 2
59.750 50 0
59.875 52 2
60.000 52 2
60.625 54 4
60.750 52 2
61.000 50 0
