3.688 64 4
3.875 62 2
4.000 64 4
4.250 60 0
4.688 62 2
4.750 60 0
5.438 60 0
5.500 62 2
5.625 60 0
5.688 62 2
5.750 60 0
6.125 57 9
6.188 55 7
7.875 60 0
7.938 62 2
8.125 64 4
8.375 60 0
8.750 60 0
8.812 57 9
8.875 60 0
9.625 60 0
9.688 62 2
9.812 60 0
9.938 57 9
10.000 60 0
10.125 57 9
10.188 55 7
12.000 55 7
12.500 57 9
13.000 60 0
13.500 62 2
13.750 64 4
14.000 55 7
14.250 55 7
14.500 57 9
14.750 57 9
15.000 60 0
15.250 60 0
15.500 62 2
15.688 60 0
15.750 57 9
16.000 60 0
16.125 55 7
16.500 60 0
16.625 55 7
17.000 64 4
17.125 60 0
17.500 55 7
17.625 57 9
17.750 60 0
18.125 60 0
18.250 62 2
18.375 60 0
18.500 57 9
18.562 60 0
19.000 64 4
19.125 62 2
19.625 60 0
19.812 62 2
20.000 69 9
20.875 64 4
21.125 62 2
21.167 64 4
21.208 62 2
21.250 60 0
21.375 60 0
21.625 55 7
21.688 60 0
21.750 62 2
21.875 60 0
22.000 57 9
22.125 55 7
23.812 57 9
23.875 60 0
23.938 62 2
24.188 64 4
24.250 62 2
24.375 62 2
24.500 60 0
24.562 57 9
25.375 60 0
25.438 62 2
25.562 60 0
25.875 60 0
25.938 57 9
26.125 55 7
27.625 64 4
27.688 62 2
27.750 64 4
28.000 55 7
28.500 57 9
29.000 60 0
29.500 62 2
29.750 64 4
30.000 55 7
30.250 55 7
30.500 57 9
30.750 64 4
31.000 62 2
31.062 60 0
31.125 57 9
31.250 60 0
31.500 62 2
31.688 60 0
31.750 57 9
32.000 60 0
32.125 55 7
32.500 60 0
32.625 55 7
33.000 64 4
33.125 60 0
33.500 55 7
33.625 57 9
33.750 60 0
34.125 60 0
34.250 62 2
34.375 60 0
34.500 57 9
34.625 60 0
35.000 64 4
35.125 62 2
35.500 69 9
36.000 64 4
36.375 69 9
36.500 64 4
41.500 60 0
41.625 62 2
41.875 64 4
43.500 57 9
43.625 60 0
43.875 62 2
45.688 69 9
46.000 64 4
46.250 67 7
46.312 64 4
46.875 62 2
46.938 60 0
47.000 57 7
47.625 66 4
47.875 66 4
48.000 66 4
48.125 64 2
48.250 62 0
48.375 62 0
48.438 64 2
48.500 66 4
48.625 62 0
48.750 62 0
48.875 59 9
49.375 64 2
49.875 62 0
50.000 59 9
50.125 61 11
50.188 59 9
50.250 57 7
50.562 55 5
50.625 54 4
51.625 66 4
51.750 64 2
52.125 64 2
52.188 62 0
52.500 59 9
52.625 62 0
52.688 59 9
52.812 64 2
52.938 66 4
53.625 64 2
53.750 62 0
54.062 59 9
54.188 59 9
54.250 57 7
54.562 54 4
55.625 66 4
55.688 64 2
55.750 66 4
56.000 57 7
56.500 59 9
57.000 62 0
57.500 64 2
57.688 62 0
58.000 57 7
58.250 57 7
58.500 59 9
58.750 66 4
59.000 64 2
59.062 62 0
59.125 59 9
59.250 62 0
59.500 64 2
59.688 62 0
59.750 59 9
60.000 62 0
60.125 57 7
60.500 62 0
60.625 57 7
61.000 66 4
61.125 62 0
61.500 57 7
61.625 59 9
61.750 62 0
62.125 62 0
62.250 64 2
62.375 62 0
62.500 59 9
62.625 62 0
63.000 66 4
63.125 64 2
64.375 64 2
64.500 66 4
64.625 66 4
64.750 64 2
64.875 62 0
64.938 64 2
65.000 66 4
65.250 64 2
65.375 64 2
65.438 62 0
65.625 62 0
65.875 64 2
66.000 62 0
66.125 59 9
66.250 62 0
66.875 59 9
67.000 66 4
67.125 64 2
67.250 64 2
67.375 62 0
67.438 66 4
67.625 64 2
67.750 64 2
67.938 62 0
68.125 59 9
68.250 57 7
68.625 55 5
68.688 54 4
69.500 66 4
69.625 64 2
69.688 64 2
69.812 62 0
69.938 66 4
70.062 64 2
70.125 64 2
70.188 62 0
70.312 66 4
70.500 64 2
70.562 64 2
70.625 62 0
70.750 64 2
70.875 62 0
70.938 59 9
71.062 62 0
71.500 71 9
72.000 66 4
72.375 59 9
72.562 57 7
73.562 57 7
73.625 66 4
73.875 64 2
74.062 66 4
74.188 64 2
74.312 62 0
74.500 59 9
74.625 62 0
74.688 64 2
74.812 62 0
74.875 59 9
75.000 62 0
