4.000 67 0
4.125 67 0
4.500 65 10
4.875 65 10
5.000 62 7
5.125 60 5
5.750 58 3
8.250 55 0
8.375 55 0
8.500 55 0
8.875 50 7
9.125 53 10
9.250 55 0
9.375 55 0
12.000 67 0
12.250 67 0
12.500 65 10
12.875 61 6
13.000 62 7
13.375 60 5
14.250 58 3
16.000 55 0
16.125 55 0
16.500 55 0
16.750 50 7
16.875 53 10
17.125 53 10
17.250 55 0
17.375 55 0
19.375 67 0
19.625 67 0
19.750 65 10
19.875 67 0
20.250 58 3
21.375 60 5
21.750 60 5
21.875 59 4
22.000 60 5
22.250 59 4
22.500 55 0
22.750 55 0
24.250 55 0
24.375 59 4
24.625 59 4
24.750 60 5
25.750 60 5
26.000 59 4
26.250 55 0
28.000 55 0
28.250 55 0
28.375 55 0
28.500 55 0
28.750 50 7
29.000 53 10
29.125 55 0
29.875 53 10
31.625 55 0
32.000 67 0
32.250 67 0
32.375 62 7
32.500 65 10
32.750 60 5
32.875 62 7
33.625 61 6
34.000 60 5
34.375 59 4
35.625 58 3
35.750 58 3
36.000 55 0
36.250 55 0
36.500 55 0
36.750 50 7
37.750 53 10
38.000 55 0
38.125 53 10
38.500 55 0
39.500 60 5
39.750 62 7
39.875 60 5
40.000 62 7
40.250 62 7
41.250 65 10
41.375 67 0
41.625 67 0
41.750 65 10
41.875 67 0
42.250 53 10
42.500 55 0
42.750 55 0
64.250 57 0
64.375 61 4
64.625 61 4
64.750 62 5
65.750 62 5
66.000 61 4
66.250 57 0
68.000 57 0
68.250 57 0
68.375 57 0
68.750 57 0
69.000 52 7
69.250 55 10
69.375 57 0
71.250 57 0
72.000 69 0
72.375 67 10
72.750 64 7
73.375 62 5
73.750 61 4
74.000 62 5
74.500 60 3
76.000 57 0
76.250 57 0
76.500 57 0
76.750 52 7
77.125 55 10
77.375 57 0
77.500 55 10
77.875 57 0
79.125 69 0
79.250 67 10
79.375 69 0
79.625 69 0
79.750 67 10
79.875 69 0
80.250 61 4
81.125 62 5
81.250 61 4
81.375 62 5
81.625 62 5
81.750 61 4
81.875 62 5
82.250 61 4
82.500 57 0
82.750 57 0
84.250 57 0
84.625 57 0
85.625 57 0
85.875 55 10
86.000 57 0
86.250 60 3
86.750 57 0
87.125 57 0
87.500 57 0
88.250 58 0
89.750 60 2
89.875 58 0
90.000 58 0
90.250 58 0
92.000 70 0
92.125 70 0
92.500 68 10
92.875 63 5
93.000 65 7
93.125 63 5
93.625 61 3
96.125 58 0
96.375 58 0
96.500 58 0
96.750 53 7
97.375 56 10
97.625 58 0
97.750 58 0
100.000 70 0
100.250 70 0
100.500 68 10
100.750 63 5
100.875 65 7
101.250 60 2
101.875 61 3
104.000 61 3
104.125 58 0
104.500 58 0
104.750 53 7
104.875 56 10
105.125 56 10
105.250 58 0
105.375 58 0
107.375 70 0
107.750 70 0
107.875 68 10
108.000 70 0
108.375 61 3
109.125 63 5
109.250 61 3
109.375 63 5
109.625 63 5
109.750 61 3
109.875 63 5
110.250 62 4
110.500 58 0
110.750 58 0
136.500 70 10
136.625 72 0
136.750 70 10
136.875 72 0
138.250 55 7
138.500 67 7
138.750 65 5
138.875 63 3
139.000 65 5
139.250 63 3
139.375 60 0
140.250 55 7
140.500 67 7
140.750 65 5
140.875 63 3
141.000 65 5
141.250 63 3
141.375 60 0
142.250 67 7
142.500 67 7
142.750 65 5
142.875 63 3
143.000 65 5
143.250 63 3
143.500 60 0
143.750 60 0
145.250 60 0
145.500 60 0
145.750 60 0
145.875 58 10
146.000 60 0
146.250 48 0
147.250 72 0
147.500 72 0
147.750 72 0
147.875 70 10
148.000 72 0
148.250 60 0
149.250 60 0
149.500 60 0
149.750 60 0
149.875 58 10
150.000 60 0
150.250 48 0
151.250 60 0
151.500 60 0
151.750 60 0
151.875 58 10
152.000 60 0
152.250 63 3
