4.000 60 0
4.500 59 11
4.625 60 0
4.750 59 11
4.875 57 9
6.000 64 4
6.500 65 5
6.625 64 4
6.750 62 2
6.875 60 0
8.000 60 0
8.500 59 11
8.625 62 2
8.750 59 11
8.875 57 9
10.000 64 4
10.500 65 5
10.625 64 4
10.750 62 2
10.875 60 0
11.625 64 4
11.875 64 4
12.125 64 4
12.250 64 4
12.375 67 7
12.500 67 7
12.625 64 4
12.750 64 4
13.000 64 4
13.125 64 4
13.188 64 4
13.312 60 0
13.438 57 9
14.250 64 4
14.312 64 4
14.375 64 4
14.438 64 4
14.500 62 2
14.625 64 4
14.812 59 11
14.938 62 2
15.125 60 0
16.250 64 4
16.312 64 4
16.375 64 4
16.438 64 4
16.500 67 7
16.688 64 4
16.812 65 5
16.938 67 7
17.062 64 4
17.188 60 0
17.625 64 4
18.188 64 4
18.312 64 4
18.375 64 4
18.500 64 4
18.562 64 4
18.750 65 5
18.812 64 4
18.938 62 2
19.000 60 0
19.625 57 9
20.125 64 4
20.250 67 7
20.375 67 7
20.500 67 7
20.750 64 4
21.000 67 7
21.125 67 7
21.312 64 4
21.500 60 0
22.375 64 4
22.500 62 2
22.750 60 0
22.875 64 4
22.938 62 2
23.000 60 0
23.625 62 2
24.125 64 4
24.250 67 7
24.375 67 7
24.500 67 7
24.688 64 4
24.938 65 5
25.000 67 7
25.188 64 4
25.250 67 7
25.438 64 4
25.500 60 0
26.188 64 4
26.312 64 4
26.438 64 4
26.562 65 5
26.688 64 4
26.875 62 2
27.125 60 0
27.625 62 2
28.000 60 0
28.500 59 11
28.625 60 0
28.750 59 11
28.875 57 9
30.000 64 4
30.500 65 5
30.625 64 4
30.750 62 2
30.875 60 0
31.375 64 4
31.625 62 2
32.312 64 4
32.375 64 4
32.438 64 4
32.500 62 2
32.625 64 4
33.000 57 9
33.125 60 0
33.250 62 2
33.375 64 4
33.500 62 2
34.250 64 4
34.500 65 5
34.625 64 4
34.750 62 2
34.875 60 0
35.375 64 4
35.625 64 4
35.875 64 4
36.125 64 4
36.250 67 7
36.375 67 7
36.500 64 4
36.625 64 4
37.000 64 4
37.125 64 4
37.188 64 4
37.312 60 0
37.438 57 9
38.250 64 4
38.312 64 4
38.375 64 4
38.438 64 4
38.500 62 2
38.625 64 4
38.812 59 11
38.938 62 2
39.125 60 0
39.688 62 2
40.125 64 4
40.250 64 4
40.375 64 4
40.562 67 7
40.688 64 4
40.812 67 7
40.938 64 4
41.062 67 7
41.188 64 4
41.250 60 0
41.688 57 9
41.812 62 2
42.250 64 4
42.312 64 4
42.375 64 4
42.438 64 4
42.500 62 2
42.625 62 2
42.750 64 4
42.938 64 4
43.000 60 0
43.625 62 2
44.125 64 4
44.250 64 4
44.375 67 7
44.500 67 7
44.750 64 4
44.938 67 7
45.062 67 7
45.188 64 4
45.625 57 9
45.750 62 2
46.125 55 7
46.250 64 4
46.375 60 0
46.562 62 2
46.750 60 0
46.875 64 4
47.000 62 2
47.125 60 0
47.625 62 2
48.250 64 4
48.438 67 7
48.625 64 4
48.750 65 5
48.875 67 7
49.000 64 4
49.125 67 7
49.188 64 4
49.625 57 9
49.750 62 2
50.312 60 0
50.438 65 5
50.562 64 4
50.625 67 7
50.750 67 7
50.938 60 0
51.250 57 9
51.312 60 0
51.438 62 2
51.625 64 4
52.125 60 0
52.188 60 0
52.250 60 0
52.375 57 9
52.438 55 7
52.500 60 0
52.625 60 0
52.750 52 4
53.125 60 0
53.188 60 0
53.250 60 0
53.375 57 9
53.438 55 7
53.500 60 0
53.625 60 0
53.750 62 2
54.125 60 0
54.188 60 0
54.250 60 0
54.375 57 9
54.438 55 7
54.500 60 0
54.625 60 0
54.750 52 4
55.125 60 0
55.188 60 0
55.250 60 0
55.375 57 9
55.438 55 7
55.500 60 0
55.625 60 0
55.750 62 2
56.125 64 4
56.188 64 4
56.250 64 4
56.375 64 4
56.438 64 4
56.500 62 2
56.625 62 2
56.750 64 4
56.875 62 2
57.125 60 0
57.188 60 0
57.250 60 0
57.375 57 9
57.438 55 7
57.500 60 0
57.625 60 0
57.750 62 2
58.125 64 4
58.188 64 4
58.250 64 4
58.375 64 4
58.438 64 4
58.500 67 7
58.625 67 7
58.750 64 4
58.875 62 2
59.125 60 0
59.188 60 0
59.250 60 0
59.375 57 9
59.438 55 7
59.500 60 0
59.625 60 0
59.750 62 2
59.875 60 0
60.000 60 0
60.500 59 11
60.625 62 2
60.812 59 11
61.000 59 11
61.125 57 9
62.000 64 4
62.500 65 5
62.625 64 4
62.750 62 2
62.875 60 0
63.375 62 2
63.562 64 4
64.125 64 4
64.250 64 4
64.375 64 4
64.500 62 2
64.625 64 4
64.750 62 2
64.812 64 4
64.938 67 7
65.125 57 9
65.250 60 0
65.375 62 2
65.500 64 4
65.625 62 2
66.250 64 4
66.500 65 5
66.625 64 4
66.750 62 2
66.875 60 0
67.250 64 4
68.375 64 4
68.500 62 2
68.625 64 4
69.000 57 9
69.125 60 0
69.188 62 2
69.375 57 9
69.438 60 0
69.500 62 2
69.625 64 4
69.688 64 4
69.750 62 2
69.812 60 0
70.250 64 4
70.500 65 5
70.625 64 4
70.750 62 2
70.875 60 0
71.125 64 4
71.250 64 4
71.375 64 4
71.500 62 2
71.625 64 4
71.750 60 0
71.875 62 2
72.125 64 4
72.250 64 4
72.375 64 4
72.500 64 4
72.562 64 4
72.625 64 4
72.750 64 4
73.000 64 4
73.125 65 5
73.250 65 5
73.375 67 7
73.500 60 0
74.250 64 4
74.500 65 5
74.625 64 4
74.750 62 2
74.875 60 0
