8.000 59 7
8.500 61 9
8.667 59 7
8.833 57 5
8.917 56 4
9.500 54 2
9.667 57 5
9.750 56 4
10.000 52 0
10.500 50 10
10.667 57 5
10.833 49 9
11.000 47 7
12.000 59 7
12.500 61 9
12.667 59 7
12.833 57 5
13.000 56 4
13.500 54 2
13.667 57 5
13.833 56 4
14.000 52 0
14.500 50 10
14.667 57 5
14.833 49 9
15.000 47 7
15.833 52 0
16.000 59 7
16.167 59 7
16.333 59 7
16.500 59 7
16.667 57 5
16.833 57 5
17.000 57 5
17.167 55 3
17.333 55 3
17.500 55 3
17.583 57 5
17.833 55 3
17.917 57 5
19.833 62 10
20.000 71 7
20.167 71 7
20.333 71 7
20.500 71 7
20.667 69 5
20.750 69 5
21.000 69 5
21.167 67 3
21.333 67 3
21.500 67 3
21.583 69 5
21.833 67 3
21.917 69 5
24.000 71 7
24.500 73 9
24.667 71 7
24.833 69 5
25.000 68 4
25.500 66 2
25.667 69 5
25.833 68 4
26.000 64 0
26.500 62 10
26.667 69 5
26.833 61 9
27.000 59 7
28.000 71 7
28.500 73 9
28.667 71 7
28.833 69 5
29.000 68 4
29.500 66 2
29.667 69 5
29.833 68 4
30.000 64 0
30.500 62 10
30.667 69 5
30.833 61 9
30.917 59 7
39.833 64 0
40.000 71 7
40.167 71 7
40.333 71 7
40.500 71 7
40.667 69 5
40.833 69 5
40.917 69 5
41.167 67 3
41.333 67 3
41.500 67 3
41.667 69 5
41.833 67 3
41.917 69 5
43.833 71 7
44.000 71 7
44.167 71 7
44.333 71 7
44.500 71 7
44.583 69 5
44.833 69 5
45.000 69 5
45.167 67 3
45.333 67 3
45.500 67 3
45.583 69 5
45.833 67 3
45.917 69 5
48.000 71 7
48.500 73 9
48.667 71 7
48.833 69 5
49.000 68 4
49.500 66 2
49.667 69 5
49.833 68 4
49.917 64 0
50.500 62 10
50.667 69 5
50.833 61 9
51.000 59 7
52.000 71 7
52.500 73 9
52.667 71 7
52.833 69 5
53.000 68 4
53.500 66 2
53.667 69 5
53.833 68 4
54.000 64 0
54.500 62 10
54.667 69 5
54.833 61 9
55.000 59 7
