8.250 52 0
8.500 54 2
8.625 55 3
8.875 57 5
9.125 55 3
9.500 54 2
9.625 52 0
9.875 52 0
10.125 51 11
10.500 52 0
10.625 54 2
11.000 52 0
11.125 51 11
12.250 52 0
12.500 54 2
12.625 55 3
13.000 57 5
13.125 55 3
13.375 54 2
13.625 52 0
13.875 52 0
14.125 51 11
14.500 52 0
14.625 54 2
15.000 52 0
15.125 51 11
16.250 64 0
16.500 62 10
16.750 62 10
17.000 55 3
17.250 55 3
17.375 57 5
17.625 57 5
17.875 59 7
18.125 59 7
18.500 59 7
18.625 57 5
18.750 55 3
18.875 59 7
20.250 64 0
20.500 62 10
20.750 62 10
21.000 55 3
21.250 55 3
21.375 57 5
21.625 57 5
21.875 59 7
22.125 59 7
22.500 59 7
22.625 57 5
22.750 55 3
22.875 59 7
24.250 52 0
24.500 54 2
24.625 55 3
24.875 57 5
25.125 55 3
25.375 54 2
25.750 52 0
26.000 52 0
26.250 51 11
26.500 52 0
26.750 54 2
27.000 52 0
27.125 51 11
28.250 52 0
28.500 54 2
28.625 55 3
29.000 57 5
29.125 55 3
29.375 54 2
29.625 52 0
30.000 52 0
30.125 51 11
30.500 52 0
30.625 54 2
31.000 52 0
31.125 51 11
32.250 64 0
32.500 62 10
32.750 62 10
32.875 62 10
33.000 55 3
33.250 55 3
33.375 57 5
33.625 57 5
34.000 59 7
34.125 59 7
34.500 59 7
34.625 57 5
34.750 55 3
34.875 59 7
36.250 64 0
36.375 64 0
36.500 62 10
36.750 62 10
37.000 55 3
37.250 55 3
37.500 57 5
37.625 57 5
37.875 59 7
38.125 59 7
38.500 59 7
38.625 57 5
38.750 55 3
38.875 59 7
40.250 52 0
40.500 54 2
40.625 55 3
41.000 57 5
41.250 55 3
41.500 54 2
41.750 52 0
42.000 52 0
42.125 51 11
42.500 52 0
42.625 54 2
43.000 52 0
43.125 51 11
44.250 52 0
44.500 54 2
44.625 55 3
45.000 57 5
45.125 55 3
45.500 54 2
45.625 52 0
46.000 52 0
46.125 51 11
46.500 52 0
46.625 54 2
47.000 52 0
47.125 51 11
48.250 64 0
48.375 64 0
48.500 62 10
48.750 62 10
49.000 55 3
49.250 55 3
49.375 57 5
49.750 57 5
49.875 59 7
50.125 59 7
50.250 59 7
50.500 59 7
50.625 57 5
50.750 55 3
50.875 59 7
52.125 59 7
52.250 64 0
52.500 62 10
52.750 62 10
52.875 55 3
53.250 55 3
53.375 57 5
53.625 57 5
54.000 59 7
54.250 59 7
54.500 59 7
54.625 57 5
54.750 55 3
54.875 59 7
56.250 52 0
56.500 54 2
56.750 55 3
57.000 57 5
57.125 55 3
57.500 54 2
57.625 52 0
58.000 52 0
58.250 51 11
58.500 52 0
58.625 54 2
59.000 52 0
59.125 51 11
60.250 52 0
60.500 54 2
60.625 55 3
61.000 57 5
61.250 55 3
61.500 54 2
61.625 52 0
62.000 52 0
62.250 51 11
62.500 52 0
62.750 54 2
63.000 52 0
63.125 51 11
64.250 64 0
64.500 62 10
64.750 62 10
65.000 55 3
65.250 55 3
65.375 57 5
65.625 57 5
65.875 59 7
66.125 59 7
66.500 59 7
66.625 57 5
66.750 55 3
66.875 59 7
68.250 64 0
68.500 62 10
68.750 62 10
69.000 55 3
69.250 55 3
69.375 57 5
69.625 57 5
69.875 59 7
70.250 59 7
70.500 59 7
70.625 57 5
70.750 55 3
70.875 59 7
72.250 52 0
72.500 54 2
72.625 55 3
72.875 57 5
73.125 55 3
73.375 54 2
73.625 52 0
73.875 52 0
74.125 51 11
74.375 52 0
74.625 54 2
75.000 52 0
75.125 51 11
76.250 52 0
76.500 54 2
76.625 55 3
77.000 57 5
77.125 55 3
77.375 54 2
77.625 52 0
77.875 52 0
78.125 51 11
78.375 52 0
78.625 54 2
79.000 52 0
79.125 51 11
80.250 64 0
80.500 62 10
80.750 62 10
81.000 55 3
81.250 55 3
81.375 57 5
81.625 57 5
81.875 59 7
82.125 59 7
82.500 59 7
82.625 57 5
82.750 55 3
82.875 59 7
84.250 64 0
84.500 62 10
84.750 62 10
85.000 55 3
85.250 55 3
85.375 57 5
85.625 57 5
85.875 59 7
86.250 59 7
86.500 59 7
86.625 57 5
86.750 55 3
86.875 59 7
88.250 52 0
88.500 54 2
88.750 55 3
89.000 57 5
89.250 55 3
89.500 54 2
89.750 52 0
90.000 52 0
90.250 51 11
90.500 52 0
90.750 54 2
91.000 52 0
91.250 51 11
92.250 52 0
92.500 54 2
92.750 55 3
93.000 57 5
93.250 55 3
93.500 54 2
93.750 52 0
94.000 52 0
94.250 51 11
94.500 52 0
94.750 54 2
95.000 52 0
95.250 51 11
96.250 52 0
96.500 54 2
96.750 55 3
97.000 57 5
97.250 55 3
97.500 54 2
97.750 52 0
98.000 52 0
98.250 51 11
98.500 52 0
98.750 54 2
99.000 52 0
99.250 51 11
100.250 52 0
100.500 54 2
100.750 55 3
101.000 57 5
101.250 55 3
101.500 54 2
101.750 52 0
102.000 52 0
102.250 51 11
102.500 52 0
102.750 54 2
103.000 52 0
103.250 51 11
103.375 59 7
103.500 64 0
103.625 64 0
103.750 64 0
103.875 62 10
104.000 64 0
104.250 59 7
105.000 64 0
105.125 64 0
105.375 64 0
106.000 64 0
106.125 59 7
106.375 59 7
107.000 59 7
107.125 64 0
107.375 64 0
107.875 59 7
108.000 64 0
108.125 64 0
108.250 64 0
108.375 62 10
108.500 64 0
109.750 64 0
109.875 64 0
110.000 63 11
110.250 59 7
110.375 59 7
110.500 59 7
111.375 59 7
111.500 64 0
111.625 62 10
111.750 64 0
111.875 62 10
112.000 64 0
112.250 59 7
112.500 64 0
112.750 59 7
113.000 64 0
113.250 59 7
113.625 64 0
113.875 64 0
114.000 63 11
114.875 64 0
116.250 52 0
116.500 54 2
116.750 55 3
117.000 57 5
117.250 55 3
117.500 54 2
117.750 52 0
118.000 52 0
118.250 51 11
118.500 52 0
118.750 54 2
119.000 52 0
119.250 51 11
120.250 52 0
120.500 54 2
120.750 55 3
121.000 57 5
121.250 55 3
121.500 54 2
121.750 52 0
122.000 52 0
122.250 51 11
122.500 52 0
122.750 54 2
123.000 52 0
123.250 51 11
124.250 52 0
124.500 54 2
124.750 55 3
125.000 57 5
125.250 55 3
125.500 54 2
125.750 52 0
126.000 52 0
126.250 51 11
126.500 52 0
126.750 54 2
127.000 52 0
127.250 51 11
128.250 52 0
128.500 54 2
128.750 55 3
129.000 57 5
129.250 55 3
129.500 54 2
129.750 52 0
130.000 52 0
130.250 51 11
130.500 52 0
130.750 54 2
131.000 52 0
131.250 51 11
132.250 52 0
132.500 54 2
132.750 55 3
133.000 57 5
133.250 55 3
133.500 54 2
133.750 52 0
134.000 52 0
134.250 51 11
134.500 52 0
134.750 54 2
135.000 52 0
135.250 51 11
136.250 52 0
136.500 54 2
136.750 55 3
137.000 57 5
137.250 55 3
137.500 54 2
137.750 52 0
138.000 52 0
138.250 51 11
138.500 52 0
138.750 54 2
139.000 52 0
139.250 51 11
140.250 52 0
140.500 54 2
140.750 55 3
141.000 57 5
141.250 55 3
141.500 54 2
141.750 52 0
142.000 52 0
142.250 51 11
142.500 52 0
142.750 54 2
143.000 52 0
143.250 51 11
