59.125 56 10
59.250 58 0
59.375 56 10
59.500 58 0
59.625 56 10
59.750 58 0
59.875 61 3
60.000 58 0
61.125 56 10
61.250 58 0
61.375 56 10
61.500 58 0
61.625 58 0
61.750 58 0
61.875 63 5
62.125 61 3
62.625 58 0
62.750 58 0
63.000 58 0
63.625 58 0
64.000 61 3
64.125 63 5
64.250 65 7
64.375 61 3
65.125 56 10
65.250 58 0
65.500 61 3
65.625 56 10
65.750 56 10
65.875 56 10
66.000 58 0
67.875 61 3
68.000 65 7
68.125 61 3
68.250 63 5
68.375 61 3
68.500 63 5
68.625 61 3
68.750 58 0
68.875 61 3
69.000 58 0
69.125 58 0
69.875 58 0
70.000 53 7
70.125 55 9
70.250 53 7
70.375 58 0
70.500 56 10
70.750 56 10
70.875 58 0
71.125 58 0
71.250 58 0
71.375 61 3
71.500 58 0
72.000 61 3
72.125 61 3
72.250 63 5
72.375 61 3
72.500 63 5
72.625 61 3
72.750 63 5
72.812 65 7
72.875 61 3
73.375 53 7
73.500 56 10
73.625 58 0
73.750 58 0
73.875 61 3
74.000 58 0
76.000 58 0
76.125 58 0
76.250 58 0
76.375 56 10
76.500 58 0
76.750 58 0
76.875 61 3
78.125 61 3
78.250 61 3
78.375 58 0
78.500 61 3
78.625 61 3
78.750 58 0
78.875 61 3
79.125 58 0
79.250 58 0
79.375 58 0
79.875 65 7
80.000 70 0
80.125 70 0
80.375 70 0
80.875 65 7
81.000 61 3
81.125 63 5
81.250 58 0
81.375 61 3
81.625 56 10
81.750 58 0
81.875 58 0
82.000 61 3
82.125 58 0
83.500 56 10
83.625 58 0
84.000 56 10
84.125 58 0
84.250 58 0
84.375 56 10
84.500 58 0
84.750 58 0
84.875 61 3
85.125 56 10
85.250 58 0
85.375 58 0
85.625 58 0
86.125 61 3
86.250 61 3
86.375 58 0
86.500 61 3
86.625 61 3
86.750 58 0
86.875 61 3
87.125 58 0
87.250 58 0
87.375 61 3
87.875 65 7
88.000 70 0
88.125 70 0
88.375 70 0
88.875 65 7
89.000 61 3
89.125 63 5
89.250 58 0
89.375 61 3
89.625 56 10
89.750 58 0
89.875 58 0
90.000 61 3
90.125 58 0
90.250 56 10
90.375 58 0
91.625 56 10
91.875 58 0
107.250 63 5
107.375 61 3
107.500 63 5
107.625 65 7
108.125 63 5
108.188 61 3
108.250 63 5
108.438 63 5
108.500 61 3
108.625 63 5
108.812 61 3
109.000 63 5
109.083 61 3
109.167 63 5
109.250 61 3
109.333 63 5
109.417 65 7
109.500 61 3
109.875 58 0
110.000 58 0
110.188 53 7
111.125 41 7
111.250 46 0
111.375 49 3
111.875 46 0
112.000 49 3
112.188 46 0
112.375 46 0
112.438 43 9
112.500 46 0
112.688 46 0
112.875 46 0
112.938 46 0
113.000 46 0
113.062 46 0
113.125 46 0
113.250 46 0
113.375 46 0
113.500 46 0
113.625 46 0
113.750 46 0
114.000 46 0
114.062 46 0
114.188 51 5
114.312 49 3
114.438 46 0
114.562 44 10
114.688 46 0
116.125 65 7
116.312 58 0
116.375 58 0
116.500 56 10
116.562 58 0
116.750 58 0
116.812 56 10
116.875 58 0
117.000 56 10
117.125 58 0
117.250 58 0
117.375 61 3
117.625 58 0
118.125 58 0
118.250 56 10
118.312 58 0
118.500 58 0
118.562 58 0
118.688 58 0
118.875 53 7
118.938 58 0
119.062 56 10
119.125 58 0
119.375 58 0
119.500 53 7
119.875 70 0
120.125 68 10
120.250 70 0
120.375 70 0
120.750 58 0
120.875 61 3
121.125 63 5
121.250 64 6
121.375 65 7
121.500 61 3
121.625 58 0
121.750 56 10
121.875 56 10
122.000 58 0
123.875 58 0
124.000 56 10
124.125 58 0
124.250 58 0
124.375 56 10
124.500 58 0
124.750 58 0
124.875 61 3
125.375 56 10
125.500 58 0
126.125 61 3
126.250 61 3
126.375 58 0
126.500 61 3
126.625 61 3
126.750 58 0
126.875 61 3
127.125 61 3
127.250 58 0
127.375 61 3
127.875 65 7
128.000 70 0
128.125 70 0
128.375 70 0
128.500 68 10
128.625 65 7
128.688 63 5
128.750 61 3
128.938 70 0
129.062 68 10
129.250 61 3
129.375 61 3
129.625 56 10
129.750 58 0
129.875 56 10
130.000 61 3
130.125 58 0
130.250 56 10
130.375 58 0
131.625 65 7
131.750 63 5
132.000 56 10
132.125 58 0
132.250 58 0
132.375 56 10
132.500 58 0
132.750 58 0
132.875 61 3
133.625 56 10
133.750 56 10
133.875 58 0
134.125 61 3
134.250 61 3
134.375 58 0
134.500 61 3
134.625 61 3
134.750 58 0
134.875 61 3
135.125 61 3
135.250 58 0
135.375 61 3
135.875 65 7
136.000 70 0
136.125 70 0
136.375 70 0
136.500 68 10
136.625 65 7
136.688 63 5
136.750 61 3
136.938 70 0
137.250 63 5
137.375 61 3
137.625 56 10
137.750 58 0
137.875 56 10
138.000 61 3
138.125 58 0
138.250 56 10
138.375 58 0
139.750 70 0
151.562 70 0
151.750 67 9
151.875 70 0
152.125 68 10
152.250 70 0
152.375 70 0
152.500 68 10
152.562 70 0
152.688 68 10
152.812 70 0
152.938 68 10
153.062 72 2
153.188 70 0
153.312 70 0
153.438 68 10
153.500 70 0
154.062 70 0
154.188 70 0
154.250 70 0
154.375 70 0
154.500 70 0
154.625 70 0
154.750 75 5
154.875 73 3
155.000 70 0
155.062 70 0
155.188 75 5
155.312 73 3
155.438 70 0
155.562 70 0
155.688 68 10
155.750 70 0
156.125 61 3
156.312 61 3
156.438 61 3
156.562 61 3
156.688 58 0
156.875 61 3
157.125 61 3
157.250 58 0
157.375 61 3
157.688 56 10
157.812 58 0
157.938 63 5
158.062 61 3
158.188 58 0
158.375 58 0
158.562 56 10
158.625 58 0
159.250 65 7
159.375 61 3
159.438 63 5
159.562 65 7
160.125 58 0
160.312 58 0
160.500 58 0
160.562 58 0
160.625 58 0
160.688 56 10
160.812 58 0
161.000 58 0
161.125 58 0
161.375 61 3
161.625 58 0
162.125 65 7
162.250 63 5
162.312 61 3
162.375 63 5
162.500 61 3
162.750 58 0
162.875 56 10
163.000 58 0
163.125 56 10
163.250 58 0
163.375 55 9
163.625 58 0
164.000 73 3
164.125 74 4
164.250 75 5
164.375 73 3
164.500 75 5
164.625 73 3
164.750 77 7
164.875 73 3
165.375 67 9
165.500 73 3
165.625 70 0
165.750 67 9
165.875 68 10
166.000 70 0
168.000 56 10
168.125 58 0
168.250 58 0
168.375 56 10
168.500 58 0
168.750 58 0
168.875 61 3
169.125 67 9
169.375 70 0
169.625 73 3
169.875 70 0
170.125 61 3
170.250 61 3
170.375 58 0
170.500 61 3
170.625 61 3
170.750 58 0
170.875 61 3
171.125 61 3
171.250 58 0
171.375 61 3
171.875 65 7
172.000 70 0
172.125 70 0
172.375 70 0
172.875 73 3
173.125 75 5
173.250 77 7
173.375 73 3
173.625 70 0
173.750 70 0
173.875 68 10
174.000 70 0
174.375 68 10
174.750 65 7
175.125 63 5
175.375 61 3
175.500 65 7
176.000 56 10
176.125 58 0
176.250 58 0
176.375 56 10
176.500 58 0
176.625 65 7
176.750 67 9
176.875 70 0
177.375 73 3
177.500 70 0
177.750 68 10
177.875 68 10
178.000 70 0
178.125 61 3
178.250 61 3
178.375 58 0
178.500 61 3
178.625 61 3
178.750 58 0
178.875 61 3
179.125 61 3
179.250 58 0
179.375 61 3
179.875 65 7
180.000 70 0
180.125 70 0
180.375 70 0
180.875 73 3
181.125 75 5
181.250 77 7
181.375 73 3
181.625 70 0
181.750 70 0
181.875 68 10
182.000 70 0
183.125 67 9
183.375 70 0
183.625 73 3
184.000 56 10
184.125 58 0
184.250 58 0
184.375 56 10
184.500 58 0
184.625 65 7
184.750 67 9
184.875 70 0
185.625 65 7
186.125 61 3
186.250 61 3
186.375 58 0
186.500 61 3
186.625 61 3
186.750 58 0
186.875 61 3
187.125 61 3
187.250 58 0
187.375 61 3
187.875 65 7
188.000 70 0
188.125 70 0
188.375 70 0
188.875 73 3
189.125 75 5
189.250 77 7
189.375 73 3
189.625 70 0
189.750 70 0
189.875 68 10
190.000 73 3
190.125 70 0
190.250 68 10
190.375 70 0
191.125 67 9
191.375 70 0
191.625 73 3
192.000 56 10
192.125 58 0
192.250 58 0
192.375 56 10
192.500 58 0
192.750 58 0
192.875 61 3
194.125 61 3
194.250 61 3
194.375 58 0
194.500 61 3
194.625 61 3
194.750 58 0
194.875 61 3
195.125 61 3
195.250 58 0
195.375 61 3
