0.500 69 5
0.625 69 5
0.875 67 3
1.000 66 2
1.062 64 0
2.250 64 0
2.375 62 10
2.500 64 0
2.625 64 0
3.000 62 10
3.062 61 9
3.125 59 7
4.500 69 5
4.625 69 5
5.000 67 3
6.250 64 0
6.375 61 9
6.500 64 0
6.625 64 0
7.000 62 10
7.062 61 9
7.125 59 7
8.500 69 5
8.625 69 5
8.875 67 3
8.938 66 2
9.000 64 0
9.062 62 10
9.125 59 7
9.188 57 5
9.250 55 3
10.250 64 0
10.375 62 10
10.500 64 0
10.562 62 10
10.625 64 0
10.750 64 0
11.000 62 10
12.625 69 5
12.750 69 5
12.875 67 3
13.000 66 2
13.062 64 0
14.125 62 10
14.250 64 0
14.375 62 10
14.500 64 0
14.750 62 10
14.875 67 3
16.500 69 5
16.625 69 5
16.812 67 3
16.875 66 2
16.938 64 0
17.062 66 2
18.188 62 10
18.250 59 7
18.375 67 3
18.438 66 2
18.500 64 0
18.625 61 9
18.812 64 0
18.875 64 0
18.938 61 9
19.000 59 7
20.500 69 5
20.625 69 5
21.000 67 3
21.062 66 2
21.125 64 0
21.188 62 10
21.250 59 7
22.250 64 0
22.312 62 10
22.438 64 0
22.500 62 10
22.562 64 0
22.750 64 0
23.000 64 0
24.750 64 0
24.875 64 0
25.000 64 0
25.625 62 10
25.750 64 0
25.875 62 10
26.000 66 2
26.625 67 3
26.812 66 2
26.875 64 0
27.000 64 0
27.250 62 10
27.375 59 7
27.500 64 0
27.625 62 10
27.750 64 0
27.875 61 9
28.625 59 7
28.750 69 5
28.812 69 5
28.875 69 5
29.000 67 3
29.125 64 0
29.625 61 9
29.750 64 0
29.875 61 9
30.000 64 0
30.125 61 9
30.500 64 0
30.688 64 0
30.938 66 2
31.250 64 0
31.312 61 9
31.375 64 0
31.500 61 9
31.750 64 0
31.812 61 9
31.875 64 0
32.000 61 9
32.500 69 5
32.625 69 5
32.875 67 3
33.000 66 2
33.062 64 0
34.250 64 0
34.375 61 9
34.500 64 0
34.625 64 0
35.000 61 9
35.125 59 7
36.500 69 5
36.625 69 5
36.875 67 3
37.000 66 2
37.062 64 0
37.188 66 2
38.125 61 9
38.250 64 0
38.375 61 9
38.500 64 0
38.625 61 9
38.750 64 0
38.875 64 0
39.125 61 9
39.188 59 7
40.375 59 7
40.500 69 5
40.625 69 5
41.000 67 3
41.062 66 2
41.125 64 0
41.188 62 10
41.250 59 7
42.125 62 10
42.250 64 0
42.375 62 10
42.500 64 0
42.625 64 0
43.000 62 10
43.062 61 9
43.125 59 7
44.750 64 0
44.875 67 3
45.000 67 3
45.625 62 10
45.750 64 0
45.812 62 10
45.875 64 0
46.000 64 0
47.000 67 3
47.125 67 3
47.625 62 10
47.750 64 0
47.812 62 10
47.875 64 0
48.000 64 0
48.625 61 9
48.750 64 0
48.812 64 0
48.875 62 10
49.000 64 0
49.688 67 3
49.812 66 2
49.875 64 0
50.000 64 0
50.062 66 2
50.625 67 3
50.750 66 2
50.812 64 0
50.875 64 0
51.000 64 0
51.250 64 0
51.375 62 10
51.500 64 0
51.625 62 10
51.750 64 0
51.875 64 0
52.000 61 9
52.750 64 0
52.812 62 10
52.875 71 7
53.000 69 5
53.062 67 3
54.250 64 0
54.375 61 9
54.500 64 0
54.625 64 0
55.000 61 9
55.875 71 7
56.750 68 4
56.875 66 2
56.938 64 0
57.750 69 5
57.875 71 7
58.750 64 0
58.875 61 9
59.750 69 5
59.875 67 3
60.500 64 0
60.625 61 9
60.750 64 0
60.875 66 2
61.750 64 0
61.875 64 0
62.000 61 9
62.750 69 5
62.875 67 3
63.750 64 0
63.875 64 0
64.000 61 9
64.125 66 2
64.750 69 5
64.875 67 3
