4.375 65 4
4.438 66 5
4.562 65 4
4.625 61 0
4.750 58 9
4.875 56 7
4.938 58 9
5.000 61 0
5.250 58 9
5.375 63 2
5.625 65 4
6.125 56 7
6.188 65 4
6.312 66 5
6.438 65 4
6.500 63 2
6.625 61 0
6.750 58 9
6.875 56 7
6.938 58 9
7.000 61 0
7.125 61 0
7.375 58 9
8.250 61 0
8.312 63 2
8.375 65 4
8.438 68 7
8.562 65 4
8.812 56 7
8.875 56 7
8.938 58 9
9.000 61 0
9.250 58 9
9.375 63 2
9.625 65 4
10.000 70 9
10.125 68 7
10.250 65 4
10.375 63 2
10.500 61 0
10.562 56 7
10.625 58 9
10.812 56 7
10.875 58 9
11.000 61 0
11.250 58 9
11.375 58 9
14.312 56 7
14.375 65 4
14.438 66 5
14.562 65 4
14.625 61 0
14.750 58 9
14.875 56 7
14.938 58 9
15.000 61 0
15.250 58 9
15.375 63 2
15.625 65 4
16.312 65 4
16.375 66 5
16.438 65 4
16.562 63 2
16.688 61 0
16.750 58 9
16.812 56 7
17.000 61 0
17.250 58 9
17.375 58 9
18.312 65 4
18.438 66 5
18.562 65 4
18.625 61 0
18.812 56 7
18.875 56 7
18.938 58 9
19.000 61 0
19.250 58 9
19.375 63 2
19.562 65 4
20.000 70 9
20.062 65 4
20.188 68 7
20.312 65 4
20.375 63 2
20.500 61 0
20.625 58 9
20.938 56 7
21.000 58 9
21.062 61 0
21.250 58 9
21.375 58 9
26.312 66 4
26.438 67 5
26.500 66 4
26.625 64 2
26.750 62 0
26.875 59 9
27.250 57 7
27.312 59 9
27.375 64 2
27.500 59 9
27.625 64 2
27.750 66 4
28.250 62 0
28.312 64 2
28.375 66 4
28.438 69 7
28.625 66 4
28.750 64 2
28.875 57 7
28.938 59 9
29.000 62 0
29.250 59 9
29.375 59 9
29.562 59 9
29.625 64 2
29.750 59 9
29.812 57 7
30.312 57 7
30.438 66 4
30.469 67 5
30.500 66 4
30.625 64 2
30.688 62 0
30.812 59 9
31.250 57 7
31.312 59 9
31.375 62 0
31.500 64 2
31.625 66 4
31.875 66 4
31.938 69 7
32.000 71 9
32.125 69 7
32.250 66 4
32.375 64 2
32.500 62 0
32.625 59 9
32.812 57 7
32.875 57 7
32.938 59 9
33.000 62 0
33.250 59 9
33.375 59 9
33.875 57 7
34.000 66 4
34.125 67 5
34.250 66 4
34.375 64 2
34.438 62 0
34.562 59 9
34.875 57 7
34.938 59 9
35.000 62 0
35.250 59 9
35.375 64 2
35.562 66 4
35.938 54 4
36.000 66 4
36.125 67 5
36.250 66 4
36.375 64 2
36.438 62 0
36.562 59 9
36.812 57 7
36.875 59 9
37.000 62 0
37.125 62 0
37.375 59 9
37.875 62 0
37.938 64 2
38.000 66 4
38.125 69 7
38.375 66 4
38.625 59 9
38.750 57 7
38.875 59 9
39.000 62 0
39.250 59 9
39.375 64 2
39.562 66 4
40.000 71 9
40.125 69 7
40.250 66 4
40.375 64 2
40.500 62 0
40.562 57 7
40.625 59 9
40.812 57 7
40.875 59 9
41.000 62 0
41.250 62 0
41.375 62 0
