0.000 70 5
0.417 67 2
0.500 65 0
0.542 62 9
0.583 60 7
0.750 65 0
0.875 62 9
0.917 60 7
1.000 65 0
1.125 62 9
1.167 60 7
1.917 70 5
2.417 70 5
2.500 68 3
2.542 67 2
2.583 65 0
2.625 63 10
2.667 60 7
2.917 65 0
3.125 63 10
3.167 60 7
4.250 63 10
4.333 65 0
4.417 67 2
4.500 65 0
4.542 63 10
4.583 60 7
4.833 67 2
5.333 68 3
5.833 70 5
6.000 65 0
6.333 68 3
6.417 65 0
6.458 62 9
6.500 60 7
6.667 60 7
6.750 65 0
6.833 62 9
6.917 65 0
7.083 68 3
8.250 70 5
8.417 70 5
8.667 60 7
8.750 65 0
8.833 62 9
8.917 65 0
9.000 65 0
9.083 63 10
9.125 60 7
10.000 68 3
10.375 68 3
10.417 67 2
10.444 65 0
10.472 62 9
10.500 60 7
10.667 60 7
10.750 65 0
10.875 62 9
10.917 65 0
11.000 65 0
11.083 63 10
11.125 60 7
12.250 63 10
12.333 65 0
12.375 68 3
12.750 68 3
12.792 67 2
12.875 67 2
12.917 65 0
13.000 65 0
13.125 62 9
13.167 60 7
13.375 68 3
13.833 69 4
13.917 72 7
14.000 65 0
14.250 68 3
14.333 68 3
14.417 67 2
14.500 65 0
14.542 60 7
14.667 60 7
14.750 65 0
14.833 62 9
14.917 65 0
15.000 65 0
15.083 62 9
15.125 60 7
15.917 70 5
16.000 72 7
16.417 67 2
16.500 65 0
16.542 62 9
16.583 60 7
16.750 65 0
16.833 62 9
16.875 60 7
17.000 65 0
17.125 62 9
17.167 60 7
17.333 65 0
17.417 62 9
17.458 60 7
17.750 65 0
17.833 62 9
17.875 60 7
18.250 65 0
18.333 62 9
18.375 60 7
18.750 65 0
18.833 62 9
18.875 60 7
19.250 65 0
19.333 62 9
19.375 60 7
19.750 65 0
19.833 62 9
19.875 60 7
20.250 63 10
20.333 65 0
20.417 67 2
20.500 65 0
20.542 62 9
20.583 60 7
20.833 67 2
21.333 68 3
21.833 69 4
21.917 72 7
22.000 65 0
22.333 67 2
22.417 65 0
22.458 62 9
22.500 60 7
22.667 60 7
22.750 65 0
22.833 62 9
22.917 65 0
23.000 65 0
23.042 68 3
24.083 63 10
24.167 65 0
24.250 65 0
24.292 62 9
24.333 65 0
24.417 62 9
24.500 65 0
24.750 65 0
24.806 62 9
24.833 60 7
25.000 65 0
25.125 62 9
25.167 60 7
25.333 68 3
25.417 65 0
25.458 62 9
25.750 67 2
25.833 65 0
25.875 62 9
25.917 60 7
26.250 65 0
26.333 62 9
26.375 60 7
26.750 65 0
26.833 62 9
26.875 60 7
27.250 65 0
27.333 62 9
27.375 60 7
27.750 65 0
27.833 62 9
27.875 60 7
28.250 63 10
28.333 65 0
28.417 67 2
28.500 65 0
28.542 62 9
28.583 60 7
28.833 67 2
29.292 67 2
29.417 69 4
29.750 69 4
29.917 65 0
30.333 68 3
30.417 69 4
30.667 60 7
30.750 65 0
30.833 63 10
30.917 65 0
31.000 65 0
31.083 68 3
32.250 69 4
32.375 67 2
32.417 69 4
32.750 67 2
32.833 65 0
32.917 65 0
33.000 65 0
33.083 63 10
33.125 60 7
34.167 62 9
34.250 65 0
34.292 68 3
34.333 69 4
34.417 68 3
34.458 69 4
34.750 67 2
34.833 67 2
34.917 65 0
35.000 65 0
35.125 63 10
35.167 60 7
35.375 67 2
35.458 65 0
35.625 67 2
35.667 65 0
35.708 62 9
35.750 65 0
35.833 65 0
35.917 62 9
35.958 60 7
36.250 63 10
36.333 65 0
36.417 67 2
36.500 65 0
36.542 62 9
36.583 60 7
36.875 67 2
37.375 68 3
37.458 69 4
37.833 68 3
37.917 69 4
38.000 65 0
38.333 67 2
38.417 65 0
38.458 62 9
38.500 60 7
38.667 60 7
38.750 65 0
38.833 63 10
38.917 65 0
39.000 65 0
39.083 68 3
39.917 63 10
40.917 51 10
41.000 53 0
41.083 56 3
41.917 63 10
42.375 60 7
42.417 58 5
42.500 60 7
42.833 51 10
43.083 53 0
43.167 51 10
43.208 48 7
44.250 51 10
44.333 53 0
44.417 56 3
44.667 57 4
44.875 59 6
45.125 60 7
45.333 56 3
45.458 55 2
45.500 53 0
46.250 65 0
46.333 62 9
46.375 60 7
46.667 60 7
46.750 67 2
46.917 65 0
47.000 65 0
47.125 63 10
47.167 60 7
47.375 68 3
47.458 69 4
47.833 70 5
47.917 69 4
47.958 67 2
48.000 65 0
48.042 62 9
48.083 60 7
