14.250 67 3
14.312 67 3
14.375 67 3
14.875 61 9
15.000 64 0
15.125 64 0
15.250 66 2
16.250 67 3
16.375 67 3
16.500 67 3
16.750 62 10
16.812 64 0
17.000 67 3
17.125 64 0
17.250 64 0
18.250 67 3
18.375 67 3
18.500 67 3
18.562 62 10
18.875 62 10
18.938 62 10
19.000 64 0
19.125 64 0
19.250 66 2
20.250 67 3
20.375 67 3
20.750 64 0
20.875 64 0
21.000 67 3
21.125 64 0
21.250 64 0
23.250 67 3
23.312 67 3
23.375 67 3
24.000 64 0
24.125 64 0
24.250 66 2
25.000 67 3
25.125 67 3
25.500 62 10
25.625 64 0
25.750 64 0
25.875 61 9
26.000 67 3
26.125 64 0
26.250 64 0
27.250 67 3
27.312 67 3
27.438 67 3
27.500 61 9
27.875 61 9
28.000 64 0
28.125 64 0
28.188 64 0
28.250 66 2
28.875 64 0
29.000 67 3
29.062 67 3
29.125 67 3
29.188 67 3
29.375 61 9
29.500 64 0
29.875 64 0
29.938 64 0
30.000 66 2
30.125 64 0
30.250 64 0
50.750 67 3
51.250 67 3
51.312 67 3
51.375 67 3
51.875 61 9
52.000 64 0
52.125 64 0
52.250 67 3
53.125 67 3
53.250 67 3
53.625 62 10
53.688 64 0
54.000 66 2
54.125 64 0
54.250 64 0
55.125 67 3
55.250 67 3
55.375 67 3
55.500 67 3
56.000 64 0
56.062 64 0
56.125 64 0
56.250 66 2
56.750 64 0
56.812 61 9
57.125 67 3
57.250 67 3
57.375 57 5
57.625 61 9
57.750 64 0
57.875 64 0
58.000 66 2
58.125 64 0
58.250 64 0
