0.125 71 4
0.250 71 4
0.375 71 4
0.500 72 5
0.625 72 5
0.750 73 6
0.875 73 6
1.000 74 7
1.125 74 7
1.375 74 7
1.625 74 7
1.750 76 9
1.875 74 7
2.000 71 4
2.250 71 4
2.375 71 4
3.000 74 7
3.250 74 7
3.375 74 7
3.625 74 7
3.750 76 9
3.875 74 7
4.000 71 4
4.250 71 4
4.375 74 7
4.625 72 5
4.750 71 4
5.125 72 5
5.250 72 5
5.500 72 5
5.750 72 5
5.875 67 0
6.000 72 5
6.250 72 5
6.375 74 7
6.625 72 5
6.750 72 5
6.875 72 5
7.250 71 4
7.500 71 4
7.750 71 4
8.000 71 4
8.250 74 7
8.375 71 4
8.625 69 2
8.750 67 0
9.000 69 2
9.250 69 2
10.000 69 2
10.125 71 4
10.375 69 2
10.625 69 2
10.750 67 0
10.875 66 11
11.000 67 0
11.250 67 0
12.875 74 7
13.000 74 7
13.250 74 7
13.375 74 7
13.625 74 7
13.750 76 9
14.000 71 4
14.250 71 4
14.375 71 4
14.875 74 7
15.000 74 7
15.250 74 7
15.375 74 7
15.625 74 7
15.750 76 9
16.000 71 4
16.250 71 4
16.375 74 7
16.625 72 5
16.750 71 4
17.250 72 5
17.500 72 5
17.750 72 5
17.875 67 0
18.125 72 5
18.375 72 5
18.500 74 7
18.625 72 5
18.750 72 5
18.875 72 5
19.250 71 4
19.500 71 4
19.750 71 4
20.000 71 4
20.250 74 7
20.375 71 4
20.625 69 2
20.750 67 0
21.000 69 2
21.250 69 2
21.875 69 2
22.125 71 4
22.375 69 2
22.625 69 2
22.750 67 0
22.875 66 11
23.000 67 0
23.250 67 0
24.625 71 4
24.750 71 4
24.875 71 4
25.000 72 5
25.375 72 5
25.750 86 7
25.875 67 0
26.000 72 5
26.250 72 5
26.375 74 7
26.625 72 5
26.750 72 5
27.000 71 4
27.375 71 4
27.875 71 4
28.000 71 4
28.250 74 7
28.375 71 4
28.625 69 2
28.750 67 0
29.000 69 2
29.375 69 2
29.875 67 0
30.000 69 2
30.250 69 2
30.375 69 2
30.500 71 4
30.625 69 2
30.750 69 2
31.125 67 0
31.625 69 2
32.000 71 4
33.000 72 5
33.375 72 5
34.000 72 5
34.125 72 5
34.375 72 5
34.500 74 7
34.750 72 5
35.000 71 4
35.375 71 4
36.000 71 4
36.125 71 4
36.250 74 7
36.500 72 5
36.750 71 4
37.000 69 2
37.375 69 2
37.875 69 2
38.000 69 2
38.250 69 2
38.375 71 4
38.625 69 2
38.750 69 2
39.000 67 0
39.500 67 0
39.750 67 0
39.875 67 0
48.625 71 4
48.750 71 4
48.875 71 4
49.000 72 5
49.375 72 5
49.750 86 7
49.875 67 0
50.000 72 5
50.250 72 5
50.375 74 7
50.625 72 5
50.750 72 5
51.000 71 4
51.375 71 4
51.875 71 4
52.000 71 4
52.250 74 7
52.375 71 4
52.625 69 2
52.750 67 0
53.000 69 2
53.375 69 2
53.875 69 2
54.000 69 2
54.250 69 2
54.375 69 2
54.500 71 4
54.625 69 2
54.750 69 2
55.125 67 0
55.625 69 2
56.125 69 2
56.250 71 4
57.000 72 5
57.375 72 5
58.000 72 5
58.125 72 5
58.375 72 5
58.500 72 5
58.625 74 7
58.750 72 5
59.000 71 4
59.375 71 4
60.000 71 4
60.125 71 4
60.250 71 4
60.500 72 5
60.750 71 4
61.000 69 2
61.375 69 2
61.875 69 2
62.000 69 2
62.250 69 2
62.375 71 4
62.625 69 2
62.750 69 2
62.875 67 0
63.000 67 0
63.500 67 0
63.750 67 0
63.875 67 0
