7.750 64 9
8.000 62 7
8.250 60 5
8.500 59 4
8.625 60 5
8.875 62 7
9.000 62 7
9.875 64 9
10.125 64 9
10.375 64 9
10.438 62 7
10.500 60 5
10.625 59 4
10.875 60 5
12.125 59 4
12.250 57 2
12.375 55 0
12.562 55 0
12.625 60 5
12.875 59 4
13.000 59 4
14.125 55 0
14.375 55 0
14.500 55 0
14.625 55 0
14.875 57 2
15.125 57 2
15.625 60 5
15.750 64 9
16.000 62 7
16.250 60 5
16.500 59 4
16.750 60 5
16.875 62 7
17.125 62 7
18.125 64 9
18.250 64 9
18.375 64 9
18.500 62 7
18.625 60 5
18.688 59 4
18.875 60 5
19.125 60 5
19.625 62 7
19.875 59 4
20.125 59 4
20.250 57 2
20.500 55 0
20.750 60 5
20.875 57 2
21.000 59 4
21.375 59 4
22.375 55 0
22.625 55 0
22.875 57 2
23.125 57 2
24.000 59 4
24.250 62 7
24.500 59 4
24.750 57 2
24.875 55 0
26.375 55 0
26.625 59 4
26.875 57 2
27.125 57 2
27.250 55 0
27.875 55 0
28.000 59 4
28.250 62 7
28.500 64 9
28.625 66 11
28.750 64 9
30.375 55 0
30.500 59 4
30.875 57 2
31.125 55 0
32.375 55 0
32.500 59 4
32.875 57 2
33.125 55 0
34.625 59 4
34.750 59 4
34.875 64 9
35.000 62 7
35.188 62 7
35.375 62 7
35.625 60 5
35.750 59 4
35.938 60 5
36.125 62 7
36.375 62 7
36.500 67 0
36.688 66 11
36.875 66 11
37.125 64 9
37.375 62 7
37.500 60 5
37.625 59 4
37.750 62 7
37.875 60 5
38.625 59 4
38.750 62 7
39.000 59 4
39.188 59 4
39.375 57 2
39.500 55 0
39.625 60 5
39.875 59 4
40.000 59 4
40.125 59 4
40.625 52 9
40.750 55 0
40.875 55 0
41.000 55 0
41.250 55 0
41.500 55 0
41.750 55 0
41.875 55 0
42.000 55 0
42.125 57 2
42.625 64 9
42.875 62 7
43.125 62 7
43.375 60 5
43.500 59 4
43.625 60 5
43.875 62 7
44.000 62 7
44.500 67 0
44.750 66 11
45.000 64 9
45.250 62 7
45.375 60 5
45.625 59 4
45.875 60 5
46.375 67 0
46.750 62 7
47.000 59 4
47.250 57 2
47.500 55 0
47.750 60 5
47.875 59 4
48.000 59 4
48.125 59 4
48.625 52 9
48.875 55 0
49.125 55 0
49.250 55 0
49.500 55 0
49.750 57 2
49.875 57 2
51.000 59 4
51.250 62 7
51.500 59 4
51.750 57 2
51.875 55 0
53.375 62 7
53.625 59 4
53.875 57 2
54.125 57 2
54.250 55 0
54.875 55 0
55.000 59 4
55.250 62 7
55.500 64 9
55.625 66 11
55.750 64 9
57.375 55 0
57.500 59 4
57.875 57 2
58.125 55 0
59.375 55 0
59.500 59 4
59.875 57 2
60.125 55 0
61.375 55 0
61.500 59 4
61.875 57 2
62.125 55 0
71.625 60 5
71.812 59 4
72.000 64 9
72.125 62 7
72.312 62 7
72.500 62 7
72.688 60 5
72.875 59 4
73.000 60 5
73.188 62 7
73.375 62 7
73.625 67 0
73.812 66 11
73.875 66 11
74.125 64 9
74.375 62 7
74.500 60 5
74.625 59 4
74.750 62 7
74.875 60 5
75.500 67 0
75.875 59 4
76.000 62 7
76.125 59 4
76.375 59 4
76.500 57 2
76.625 55 0
76.750 60 5
76.875 59 4
77.000 59 4
77.125 59 4
77.625 50 7
77.750 55 0
77.875 55 0
78.000 55 0
78.250 55 0
78.500 55 0
78.750 55 0
78.875 55 0
79.000 57 2
79.625 64 9
79.875 62 7
80.125 62 7
80.375 60 5
80.500 59 4
80.625 60 5
80.875 62 7
81.000 62 7
81.500 67 0
81.750 66 11
82.000 64 9
82.250 62 7
82.375 60 5
82.625 59 4
82.875 60 5
83.500 62 7
83.750 60 5
84.000 59 4
84.250 57 2
84.500 55 0
84.750 60 5
84.875 59 4
85.125 59 4
85.250 59 4
85.625 52 9
85.875 55 0
86.125 55 0
86.250 55 0
86.500 55 0
86.750 57 2
86.875 57 2
88.000 59 4
88.250 62 7
88.500 59 4
88.750 57 2
88.875 55 0
90.375 62 7
90.625 59 4
90.875 57 2
91.125 57 2
91.250 55 0
91.875 55 0
92.000 59 4
92.250 62 7
92.500 64 9
92.625 66 11
92.750 64 9
94.375 55 0
94.500 59 4
94.875 57 2
95.125 55 0
96.000 59 4
96.250 62 7
96.500 64 9
96.625 66 11
96.750 64 9
98.375 55 0
98.500 59 4
98.875 57 2
99.125 55 0
100.375 55 0
100.625 59 4
100.875 57 2
101.125 57 2
101.250 55 0
102.500 59 4
102.688 57 2
102.875 57 2
103.062 55 0
