4.500 75 3
4.688 72 0
4.812 69 9
5.438 72 0
5.562 72 0
5.625 72 0
5.750 69 9
6.500 75 3
6.688 74 2
6.812 72 0
6.875 74 2
7.375 70 10
7.438 70 10
7.500 72 0
7.625 72 0
7.750 70 10
7.875 72 0
8.500 75 3
8.625 74 2
8.750 72 0
8.875 69 9
9.500 69 9
9.750 70 10
9.812 70 10
9.875 71 11
10.000 72 0
10.125 70 10
10.188 67 7
10.250 72 0
10.375 67 7
10.750 72 0
10.875 67 7
11.000 69 9
11.125 72 0
11.500 72 0
11.625 70 10
11.750 72 0
11.875 70 10
12.875 72 0
13.000 69 9
14.375 75 3
14.562 74 2
14.688 72 0
14.750 74 2
14.812 72 0
14.875 74 2
15.438 72 0
15.562 72 0
15.625 69 9
16.500 75 3
16.625 74 2
16.750 72 0
16.812 69 9
16.875 72 0
16.938 74 2
17.375 69 9
17.438 72 0
17.562 72 0
17.625 70 10
17.750 72 0
18.500 75 3
18.688 74 2
18.812 72 0
18.938 69 9
19.500 69 9
19.750 72 0
19.812 72 0
19.875 72 0
20.000 76 4
20.125 72 0
20.188 72 0
20.250 72 0
20.375 72 0
20.938 74 2
21.062 72 0
21.500 75 3
21.625 72 0
21.750 72 0
21.875 69 9
22.625 72 0
22.688 70 10
24.250 71 11
24.438 71 11
24.562 69 9
24.625 71 11
24.750 71 11
25.375 72 0
25.625 72 0
25.750 69 9
25.875 69 9
26.438 72 0
26.500 74 2
26.625 74 2
26.750 74 2
26.875 72 0
27.250 69 9
27.312 69 9
27.375 72 0
27.562 69 9
27.625 72 0
28.438 70 10
28.500 75 3
28.688 72 0
28.750 74 2
29.125 70 10
29.312 75 3
29.500 72 0
29.750 72 0
29.812 70 10
29.875 72 0
30.000 72 0
30.750 72 0
30.875 67 7
31.000 69 9
31.125 72 0
31.500 75 3
31.688 72 0
31.750 72 0
32.000 70 10
32.625 72 0
32.688 70 10
41.875 71 11
42.438 71 11
42.500 71 11
42.625 71 11
43.250 72 0
43.312 72 0
43.375 72 0
43.500 69 9
43.625 60 0
44.438 62 2
44.500 72 0
44.562 74 2
44.688 72 0
44.750 74 2
45.125 72 0
45.312 72 0
45.500 72 0
45.625 69 9
45.750 60 0
46.500 75 3
46.688 74 2
46.750 72 0
46.875 67 7
46.938 67 7
47.000 79 7
47.188 76 4
47.312 72 0
47.625 74 2
47.688 76 4
47.812 72 0
47.875 72 0
48.000 72 0
48.062 70 10
48.125 72 0
48.250 67 7
48.750 72 0
48.875 67 7
49.000 69 9
49.125 72 0
49.500 75 3
49.625 72 0
49.750 72 0
49.875 69 9
50.250 72 0
50.312 72 0
50.375 72 0
50.500 67 7
50.875 72 0
50.938 69 9
52.000 70 10
52.125 70 10
52.250 70 10
52.375 70 10
52.438 72 0
52.562 72 0
52.750 70 10
53.000 70 10
53.125 70 10
53.250 70 10
53.375 70 10
53.438 72 0
53.625 72 0
53.750 70 10
54.000 67 7
54.125 70 10
54.250 72 0
54.375 70 10
54.438 75 3
54.625 72 0
54.750 70 10
55.125 75 3
55.250 72 0
55.438 75 3
55.625 72 0
55.750 69 9
56.000 79 7
56.250 72 0
56.750 72 0
56.812 72 0
56.875 72 0
57.000 69 9
58.000 78 6
58.125 77 5
58.188 75 3
58.250 72 0
58.312 72 0
58.750 72 0
58.812 72 0
58.875 72 0
59.000 69 9
59.875 75 3
60.000 72 0
60.125 72 0
60.750 72 0
60.875 72 0
61.000 72 0
61.125 69 9
61.750 65 5
61.875 77 5
62.000 75 3
62.062 72 0
62.188 72 0
62.250 72 0
62.688 72 0
62.750 72 0
62.875 72 0
63.000 69 9
64.250 75 3
64.750 72 0
64.812 72 0
64.875 72 0
65.000 72 0
65.750 70 10
65.875 72 0
66.000 72 0
66.062 79 7
66.250 72 0
66.500 74 2
66.750 72 0
66.875 72 0
67.000 69 9
67.625 72 0
67.750 75 3
67.875 72 0
67.938 78 6
