3.500 70 3
3.625 70 3
3.875 70 3
4.125 70 3
4.375 70 3
4.625 69 2
4.875 69 2
5.000 67 0
5.250 67 0
5.500 67 0
5.750 67 0
5.875 67 0
6.000 69 2
6.250 64 9
7.375 64 9
7.500 71 4
7.625 74 7
7.875 76 9
8.125 74 7
8.375 76 9
8.750 74 7
8.875 70 3
8.938 69 2
9.000 67 0
11.500 70 3
11.625 70 3
11.875 70 3
12.125 70 3
12.375 70 3
12.625 69 2
12.875 69 2
13.000 67 0
13.125 67 0
13.375 67 0
13.625 67 0
13.875 69 2
14.125 64 9
15.375 62 7
15.500 71 4
15.625 74 7
15.875 76 9
16.125 74 7
16.500 74 7
16.750 74 7
17.000 70 3
17.062 69 2
17.125 67 0
18.375 64 9
18.500 71 4
18.625 74 7
18.688 76 9
19.000 71 4
19.250 69 2
19.500 69 2
19.875 71 4
20.375 64 9
20.500 71 4
20.625 74 7
20.688 76 9
20.875 71 4
20.938 69 2
21.000 67 0
22.375 64 9
22.500 71 4
22.625 74 7
22.688 76 9
22.875 71 4
23.250 69 2
23.625 69 2
23.875 62 7
24.500 74 7
24.625 74 7
24.875 70 3
24.938 69 2
25.000 67 0
26.375 64 9
26.500 71 4
26.625 74 7
26.875 76 9
27.625 74 7
28.500 76 9
28.625 74 7
28.875 70 3
28.938 69 2
29.000 67 0
30.625 67 0
31.500 67 0
31.625 69 2
31.875 65 10
32.125 65 10
32.500 69 2
32.625 69 2
32.875 69 2
35.000 74 7
35.125 74 7
35.500 74 7
35.625 74 7
35.875 74 7
36.500 71 4
36.750 71 4
36.875 74 7
37.625 70 3
37.750 69 2
38.250 67 0
39.000 69 2
39.500 69 2
39.875 65 10
40.125 65 10
40.500 67 0
40.625 65 10
40.875 69 2
42.875 71 4
43.125 74 7
43.500 74 7
43.750 74 7
44.000 74 7
44.375 71 4
45.000 71 4
45.375 74 7
45.625 74 7
46.000 74 7
46.375 70 3
46.500 69 2
46.625 67 0
50.500 70 3
50.625 70 3
50.875 70 3
51.125 70 3
51.375 70 3
51.625 69 2
51.750 64 9
52.000 64 9
52.125 67 0
52.500 67 0
52.750 67 0
52.875 69 2
53.125 64 9
54.375 64 9
54.500 71 4
54.750 74 7
55.000 76 9
55.125 74 7
55.375 74 7
55.750 67 0
55.875 70 3
56.125 67 0
58.500 71 4
58.625 69 2
58.875 69 2
59.125 69 2
59.375 69 2
59.625 69 2
59.875 69 2
60.125 67 0
60.375 67 0
60.625 67 0
60.875 69 2
61.000 64 9
62.375 64 9
62.500 70 3
62.625 74 7
62.875 74 7
63.000 71 4
63.125 74 7
63.250 74 7
63.375 74 7
63.625 70 3
63.875 67 0
65.500 71 4
65.625 74 7
65.688 76 9
65.875 71 4
66.250 69 2
66.375 69 2
67.250 67 0
67.375 67 0
67.500 71 4
67.625 76 9
67.875 70 3
68.000 69 2
68.125 67 0
69.500 71 4
69.625 76 9
70.000 71 4
70.125 69 2
70.375 69 2
70.750 69 2
71.375 66 11
71.500 71 4
71.625 76 9
71.875 70 3
72.125 69 2
72.250 67 0
73.625 71 4
73.750 74 7
74.000 74 7
74.125 74 7
74.375 74 7
74.750 71 4
75.500 76 9
75.625 74 7
75.875 70 3
76.125 69 2
76.250 67 0
78.000 69 2
78.500 69 2
78.875 67 0
79.125 65 10
79.375 67 0
79.625 65 10
80.000 69 2
80.125 67 0
80.250 65 10
82.000 74 7
82.125 74 7
82.500 74 7
82.625 74 7
82.875 74 7
83.500 71 4
83.750 71 4
83.875 74 7
84.625 70 3
84.875 69 2
85.125 67 0
85.250 64 9
86.500 69 2
86.625 69 2
86.875 67 0
87.125 65 10
87.500 67 0
87.625 65 10
87.875 69 2
88.125 67 0
88.250 65 10
89.875 76 9
90.250 74 7
90.500 74 7
90.750 74 7
91.000 74 7
91.375 71 4
91.438 69 2
91.500 67 0
91.562 64 9
92.000 71 4
92.375 74 7
92.625 74 7
93.000 74 7
93.375 70 3
93.500 69 2
93.625 67 0
101.625 67 0
102.375 64 9
102.500 70 3
102.750 70 3
102.875 67 0
103.125 67 0
103.750 65 10
103.875 67 0
104.000 67 0
104.250 65 10
104.375 67 0
104.625 65 10
104.750 70 3
104.875 69 2
105.000 67 0
106.250 71 4
106.500 72 5
106.750 72 5
106.875 72 5
107.000 74 7
107.125 67 0
107.375 67 0
107.625 65 10
108.000 67 0
108.250 67 0
108.500 67 0
108.750 67 0
108.875 67 0
110.250 72 5
110.375 72 5
110.500 72 5
110.750 72 5
110.875 70 3
111.125 67 0
111.750 72 5
111.875 72 5
112.000 72 5
112.250 72 5
112.500 73 6
112.750 73 6
113.000 74 7
114.125 74 7
114.250 70 3
114.500 67 0
114.750 67 0
114.875 67 0
115.000 64 9
115.500 67 0
115.625 65 10
115.875 70 3
116.375 65 10
116.500 67 0
116.750 67 0
116.875 70 3
117.125 76 9
119.000 74 7
119.375 71 4
121.000 74 7
121.375 71 4
122.625 76 9
123.000 74 7
124.125 76 9
125.625 76 9
126.562 74 7
126.625 77 10
127.375 74 7
127.625 72 5
127.688 71 4
127.750 67 0
128.500 69 2
128.625 69 2
128.875 65 10
129.125 65 10
129.500 69 2
129.625 69 2
129.875 69 2
132.000 71 4
132.125 74 7
132.500 74 7
132.625 74 7
132.875 76 9
133.500 71 4
133.750 71 4
133.875 74 7
134.625 70 3
134.875 69 2
136.500 69 2
136.625 69 2
136.875 65 10
137.125 65 10
137.500 67 0
137.625 69 2
137.875 69 2
138.125 67 0
138.250 65 10
139.875 71 4
140.125 74 7
140.500 74 7
140.750 74 7
141.000 74 7
141.375 71 4
141.500 69 2
141.625 67 0
142.000 71 4
142.375 74 7
142.625 74 7
143.000 74 7
143.375 70 3
143.500 69 2
143.625 67 0
