0.000 57 0
0.250 57 0
0.500 57 0
0.667 57 0
0.750 57 0
1.000 57 0
1.167 57 0
1.250 57 0
1.500 57 0
2.000 61 4
2.250 61 4
2.500 61 4
2.583 61 4
2.667 61 4
2.750 61 4
3.000 61 4
3.167 61 4
3.250 61 4
3.500 61 4
4.000 64 7
4.250 64 7
4.417 64 7
4.500 64 7
4.583 64 7
4.667 64 7
4.750 64 7
5.000 64 7
5.167 64 7
5.250 64 7
5.500 64 7
5.667 64 7
5.750 64 7
5.917 64 7
6.000 64 7
6.417 64 7
6.500 64 7
6.917 64 7
7.000 64 7
7.250 64 7
7.417 64 7
7.667 64 7
7.750 64 7
7.917 64 7
8.000 57 0
8.250 61 4
8.500 64 7
9.000 57 0
9.250 61 4
9.417 64 7
9.917 52 7
10.000 57 0
10.250 61 4
10.500 64 7
10.750 66 9
10.917 64 7
11.000 67 10
11.250 64 7
11.500 60 3
11.667 60 3
11.750 57 0
11.917 57 0
12.000 64 7
12.417 62 5
12.500 60 3
12.750 57 0
13.000 64 7
13.250 62 5
13.417 60 3
13.667 64 7
13.750 64 7
13.917 64 7
14.000 64 7
14.250 62 5
14.500 61 4
14.750 57 0
15.000 64 7
15.250 62 5
15.417 61 4
15.667 61 4
15.750 62 5
15.917 61 4
16.000 62 5
16.250 62 5
16.417 61 4
16.500 62 5
16.667 64 7
16.750 62 5
17.000 64 7
17.250 62 5
17.417 61 4
17.750 57 0
17.917 57 0
19.750 57 0
19.917 57 0
20.000 57 0
20.250 61 4
20.500 64 7
21.000 57 0
21.167 61 4
21.417 64 7
21.750 64 7
21.917 64 7
22.000 57 0
22.250 61 4
22.500 64 7
22.750 66 9
23.000 67 10
23.250 64 7
23.417 60 3
23.667 57 0
23.750 59 2
23.917 57 0
24.000 64 7
24.417 62 5
24.500 60 3
24.750 57 0
25.000 64 7
25.250 62 5
25.417 60 3
25.667 64 7
25.750 64 7
25.917 64 7
26.000 64 7
26.250 62 5
26.500 61 4
26.750 57 0
27.000 64 7
27.250 62 5
27.417 61 4
27.667 61 4
27.750 62 5
27.917 61 4
28.000 62 5
28.250 62 5
28.417 61 4
28.500 62 5
28.667 64 7
28.750 62 5
29.000 64 7
29.250 62 5
29.417 60 3
29.750 57 0
29.917 57 0
43.667 57 0
43.917 57 0
44.000 57 0
44.250 61 4
44.500 64 7
45.000 57 0
45.167 61 4
45.417 64 7
45.500 64 7
46.000 57 0
46.250 61 4
46.500 64 7
46.750 66 9
47.000 67 10
47.167 64 7
47.417 60 3
47.583 60 3
47.667 57 0
47.750 59 2
47.917 57 0
48.000 64 7
48.417 62 5
48.500 60 3
48.750 57 0
49.000 64 7
49.250 62 5
49.417 60 3
49.667 64 7
49.750 64 7
49.917 64 7
50.000 64 7
50.250 62 5
50.500 61 4
50.750 57 0
51.000 64 7
51.250 62 5
51.417 61 4
51.667 61 4
51.750 62 5
51.917 61 4
52.000 62 5
52.250 62 5
52.417 61 4
52.500 62 5
52.667 64 7
52.750 62 5
53.000 64 7
53.250 62 5
53.417 60 3
53.750 57 0
53.917 57 0
55.750 57 0
55.917 57 0
56.000 57 0
56.250 61 4
56.500 64 7
56.917 57 0
57.000 57 0
57.167 61 4
57.417 64 7
57.750 57 0
57.917 57 0
58.000 57 0
58.250 61 4
58.500 64 7
58.750 64 7
59.000 64 7
59.250 60 3
59.417 57 0
59.667 57 0
59.750 59 2
59.917 57 0
60.000 64 7
60.417 62 5
60.500 60 3
60.750 57 0
61.000 64 7
61.250 62 5
61.417 60 3
61.667 64 7
61.750 64 7
61.917 64 7
62.000 64 7
62.250 62 5
62.500 61 4
62.750 57 0
63.000 64 7
63.250 62 5
63.417 61 4
63.667 61 4
63.750 62 5
63.917 61 4
64.000 62 5
64.250 62 5
64.417 61 4
64.500 62 5
64.667 64 7
64.750 62 5
65.000 64 7
65.250 62 5
65.417 61 4
65.750 57 0
65.917 57 0
79.750 57 0
79.917 57 0
80.000 57 0
80.250 61 4
80.500 64 7
80.750 64 7
81.000 57 0
81.167 61 4
81.417 64 7
81.667 64 7
81.917 64 7
82.000 57 0
82.250 61 4
82.500 64 7
82.917 64 7
83.000 64 7
83.250 60 3
83.417 60 3
83.667 57 0
83.750 59 2
83.917 57 0
84.000 64 7
84.417 62 5
84.500 60 3
84.750 57 0
85.000 64 7
85.250 62 5
85.417 60 3
85.667 64 7
85.750 64 7
85.917 64 7
86.000 64 7
86.250 62 5
86.500 61 4
86.750 57 0
87.000 64 7
87.250 62 5
87.417 61 4
87.667 61 4
87.750 62 5
87.917 61 4
88.000 62 5
88.250 62 5
88.417 61 4
88.500 62 5
88.667 64 7
88.750 62 5
89.000 64 7
89.250 62 5
89.417 60 3
89.750 61 4
89.917 61 4
90.000 57 0
