11.625 66 3
11.750 66 3
11.875 66 3
12.000 66 3
12.125 66 3
12.250 66 3
12.375 66 3
12.500 66 3
12.625 63 0
12.750 63 0
12.875 63 0
13.000 66 3
13.125 63 0
13.250 63 0
13.375 61 10
13.500 63 0
13.625 63 0
13.750 63 0
13.875 67 4
15.625 66 3
15.750 66 3
15.875 66 3
16.000 66 3
16.125 66 3
16.250 66 3
16.375 66 3
16.500 66 3
16.625 63 0
16.750 63 0
16.875 66 3
17.000 65 2
17.125 63 0
17.500 65 2
17.625 63 0
17.750 63 0
17.875 60 9
19.750 66 3
19.875 66 3
20.125 66 3
20.250 65 2
20.375 63 0
20.625 60 9
20.875 58 7
21.000 60 9
21.125 60 9
21.250 63 0
21.312 63 0
21.375 63 0
21.500 66 3
21.750 60 9
21.875 60 9
23.625 58 7
23.750 60 9
23.875 60 9
24.000 63 0
24.125 63 0
24.250 65 2
24.375 66 3
24.625 65 2
24.750 63 0
24.875 63 0
25.000 65 2
25.250 65 2
25.500 65 2
25.625 63 0
25.750 63 0
25.875 66 3
27.875 58 7
28.000 66 3
28.250 65 2
28.375 65 2
28.500 65 2
28.625 63 0
28.750 63 0
28.875 63 0
29.000 66 3
29.250 65 2
29.375 63 0
29.500 65 2
29.625 63 0
29.750 63 0
29.875 60 9
30.000 58 7
31.750 66 3
31.875 66 3
32.125 66 3
32.250 65 2
32.375 63 0
32.625 60 9
32.750 58 7
33.000 66 3
33.250 63 0
33.375 65 2
33.625 63 0
33.750 63 0
33.875 60 9
35.625 58 7
35.750 61 10
35.875 58 7
36.000 63 0
36.125 63 0
36.250 65 2
36.375 66 3
36.625 65 2
36.875 58 7
37.000 63 0
37.125 63 0
37.250 66 3
37.375 63 0
37.500 66 3
37.625 63 0
37.750 63 0
37.875 67 4
39.625 60 9
39.750 63 0
39.875 60 9
40.000 63 0
40.125 63 0
40.250 63 0
40.375 60 9
40.500 63 0
40.625 63 0
40.750 63 0
40.875 60 9
41.000 63 0
41.250 63 0
41.375 60 9
41.500 66 3
41.625 60 9
41.750 60 9
41.875 60 9
42.125 58 7
43.750 66 3
43.875 66 3
44.125 66 3
44.250 65 2
44.375 63 0
44.625 60 9
44.750 58 7
44.875 58 7
45.000 60 9
45.125 60 9
45.250 63 0
45.500 66 3
45.625 66 3
45.875 63 0
47.625 58 7
47.750 60 9
47.875 63 0
48.000 63 0
48.250 60 9
48.500 63 0
48.750 60 9
49.125 63 0
49.250 60 9
49.375 63 0
49.500 63 0
49.625 63 0
49.750 60 9
50.000 63 0
50.250 60 9
50.500 63 0
50.750 60 9
51.125 63 0
51.375 63 0
51.500 60 9
51.625 63 0
51.750 60 9
52.000 63 0
52.250 63 0
52.500 63 0
52.750 60 9
52.875 58 7
53.125 63 0
53.375 63 0
53.500 63 0
53.625 63 0
53.750 60 9
54.000 63 0
54.250 60 9
54.500 63 0
54.750 58 7
55.125 63 0
55.375 63 0
55.500 63 0
55.625 63 0
55.750 66 3
55.875 66 3
56.125 66 3
56.250 65 2
56.375 63 0
56.625 60 9
56.750 58 7
57.000 66 3
57.250 65 2
57.500 65 2
57.625 63 0
57.750 63 0
57.875 66 3
58.125 63 0
71.625 66 3
71.875 66 3
72.125 65 2
72.250 65 2
72.375 65 2
72.500 65 2
72.625 63 0
72.750 63 0
72.875 63 0
73.000 66 3
73.125 65 2
73.250 65 2
73.375 65 2
73.500 65 2
73.625 63 0
73.750 63 0
73.875 63 0
74.000 66 3
74.125 67 4
74.375 60 9
74.500 63 0
74.750 63 0
75.000 66 3
75.875 66 3
76.250 63 0
76.375 60 9
76.500 63 0
76.625 63 0
76.750 63 0
76.875 60 9
77.000 63 0
77.250 63 0
77.500 63 0
77.625 63 0
78.125 63 0
78.375 63 0
78.625 63 0
78.750 63 0
78.875 63 0
79.000 58 7
79.625 66 3
79.875 66 3
80.125 63 0
80.250 63 0
80.375 63 0
80.625 58 7
81.000 66 3
81.250 63 0
81.375 65 2
81.625 63 0
81.750 63 0
81.875 60 9
83.625 63 0
83.750 63 0
83.875 61 10
84.000 63 0
84.125 63 0
84.250 63 0
84.375 63 0
84.500 65 2
84.625 66 3
85.125 66 3
85.375 63 0
85.500 60 9
85.750 63 0
85.875 63 0
86.125 60 9
87.625 60 9
87.750 63 0
87.875 63 0
88.000 66 3
88.250 65 2
88.375 65 2
88.625 60 9
88.875 60 9
89.000 63 0
89.125 63 0
89.250 63 0
89.375 63 0
89.625 63 0
89.875 58 7
90.000 60 9
91.625 66 3
91.875 66 3
92.000 66 3
92.125 66 3
92.250 65 2
92.375 63 0
92.875 58 7
93.000 60 9
93.125 60 9
93.250 63 0
93.500 66 3
93.750 63 0
93.875 60 9
95.250 66 3
95.375 66 3
95.625 63 0
95.750 63 0
96.000 63 0
96.250 58 7
97.250 66 3
97.375 66 3
97.625 63 0
97.750 63 0
98.000 63 0
98.250 58 7
99.250 70 7
99.375 66 3
99.625 63 0
99.750 63 0
100.000 63 0
100.250 63 0
101.250 70 7
101.375 66 3
101.625 63 0
101.750 63 0
102.000 63 0
102.250 58 7
103.250 66 3
103.375 66 3
103.625 66 3
103.750 65 2
104.000 65 2
104.250 58 7
104.500 60 9
104.750 63 0
105.000 65 2
105.125 65 2
105.250 63 0
105.375 66 3
105.625 63 0
