8.250 56 4
8.625 59 7
9.000 62 10
9.375 59 7
9.625 61 9
10.250 49 9
10.625 52 0
11.000 55 3
11.375 52 0
11.500 54 2
12.250 56 4
12.625 59 7
13.000 62 10
13.375 59 7
13.625 61 9
14.250 49 9
14.625 52 0
15.000 55 3
15.375 52 0
15.625 52 0
15.750 52 0
15.875 56 4
16.625 56 4
16.750 56 4
16.875 57 5
17.625 56 4
17.750 57 5
17.875 59 7
18.625 59 7
18.750 64 0
18.875 61 9
18.938 59 7
19.000 57 5
19.625 61 9
19.750 64 0
20.000 67 3
20.250 64 0
21.500 61 9
21.625 64 0
22.000 67 3
22.250 64 0
23.500 62 10
23.625 64 0
24.000 64 0
24.250 64 0
24.375 62 10
24.500 64 0
24.625 64 0
24.750 62 10
24.875 64 0
25.500 62 10
25.625 64 0
26.000 64 0
26.250 64 0
26.500 64 0
26.750 62 10
26.875 64 0
27.250 62 10
27.375 64 0
27.875 61 9
28.000 64 0
28.125 62 10
28.250 64 0
28.500 64 0
28.750 61 9
28.875 64 0
29.375 59 7
29.500 62 10
29.750 64 0
30.000 64 0
30.250 64 0
30.500 64 0
30.750 62 10
30.875 64 0
31.125 61 9
31.375 61 9
31.500 64 0
31.750 64 0
32.000 64 0
32.250 64 0
32.375 62 10
32.500 64 0
32.750 62 10
32.875 64 0
33.125 61 9
33.500 62 10
33.625 64 0
34.000 67 3
34.250 64 0
35.375 59 7
35.500 62 10
35.625 64 0
36.000 64 0
37.500 66 2
37.625 64 0
37.875 62 10
37.938 64 0
38.000 62 10
38.062 59 7
39.250 64 0
39.500 67 3
39.625 64 0
39.875 62 10
39.938 64 0
40.000 62 10
40.062 59 7
42.250 56 4
42.625 59 7
43.000 62 10
43.375 59 7
43.625 61 9
44.250 49 9
44.625 52 0
45.000 55 3
45.375 52 0
45.500 54 2
46.250 56 4
46.625 59 7
47.000 62 10
47.375 59 7
47.625 61 9
48.250 49 9
48.625 52 0
49.000 55 3
49.375 52 0
49.625 52 0
49.750 52 0
49.875 56 4
50.625 56 4
50.750 56 4
50.875 57 5
51.625 56 4
51.750 57 5
51.875 59 7
52.625 59 7
52.750 64 0
52.875 61 9
52.938 59 7
53.000 57 5
53.625 61 9
53.750 64 0
54.000 67 3
54.250 64 0
55.500 61 9
55.625 64 0
56.000 67 3
56.250 64 0
57.500 62 10
57.625 64 0
58.000 64 0
58.250 64 0
58.500 64 0
58.625 64 0
58.750 62 10
58.875 64 0
59.500 62 10
59.625 64 0
60.000 64 0
60.250 64 0
60.500 64 0
60.750 62 10
60.875 64 0
61.125 57 5
61.750 64 0
62.000 64 0
62.250 64 0
62.500 64 0
62.750 61 9
62.875 64 0
63.500 62 10
63.625 64 0
64.000 64 0
64.250 64 0
64.375 62 10
64.500 64 0
64.750 64 0
64.875 62 10
65.000 64 0
65.125 64 0
65.375 64 0
65.875 59 7
66.000 64 0
66.250 64 0
66.375 62 10
66.500 64 0
66.750 61 9
66.875 64 0
67.500 62 10
67.625 64 0
68.000 67 3
68.250 64 0
69.375 59 7
69.500 62 10
69.625 64 0
70.000 64 0
71.500 66 2
71.625 64 0
71.875 62 10
71.938 64 0
72.000 62 10
72.062 59 7
73.250 64 0
73.500 67 3
73.625 64 0
73.875 62 10
73.938 64 0
74.000 62 10
74.062 59 7
76.250 56 4
76.625 59 7
77.000 62 10
77.375 59 7
77.625 61 9
78.250 49 9
78.625 52 0
79.000 55 3
79.375 52 0
79.500 54 2
80.250 56 4
80.625 59 7
81.000 62 10
81.375 59 7
81.625 61 9
82.250 49 9
82.625 52 0
83.000 56 4
83.375 52 0
83.625 52 0
83.750 52 0
83.875 56 4
84.625 56 4
84.750 56 4
84.875 57 5
85.625 56 4
85.750 57 5
85.875 59 7
86.625 59 7
86.750 64 0
86.875 61 9
86.938 59 7
87.000 57 5
87.625 61 9
87.750 64 0
88.000 67 3
88.250 64 0
89.500 61 9
89.625 64 0
90.000 67 3
90.250 64 0
91.500 62 10
91.625 64 0
92.000 64 0
92.250 64 0
92.500 64 0
92.750 61 9
92.875 64 0
93.500 62 10
93.625 64 0
94.000 64 0
94.125 64 0
94.375 64 0
94.625 62 10
94.750 64 0
95.000 64 0
95.250 62 10
95.375 64 0
95.625 61 9
95.750 64 0
96.000 64 0
96.250 62 10
96.375 64 0
96.625 64 0
96.875 64 0
97.375 59 7
97.500 62 10
97.625 64 0
98.000 64 0
98.125 62 10
98.250 64 0
98.375 62 10
98.500 64 0
98.625 64 0
99.000 64 0
99.125 62 10
99.250 64 0
99.500 64 0
99.750 64 0
99.875 61 9
100.000 64 0
100.250 64 0
100.500 64 0
100.875 59 7
101.000 64 0
101.250 62 10
101.375 64 0
101.625 61 9
101.750 64 0
102.000 67 3
102.250 64 0
103.375 59 7
103.500 62 10
103.625 64 0
104.000 64 0
105.375 59 7
105.500 66 2
105.625 64 0
105.875 62 10
105.938 64 0
106.000 62 10
106.062 59 7
107.250 64 0
107.500 67 3
107.625 64 0
107.875 62 10
107.938 64 0
108.000 62 10
108.062 59 7
109.500 67 3
109.625 64 0
110.000 68 4
110.250 64 0
111.500 66 2
111.750 64 0
112.000 68 4
112.250 64 0
113.500 66 2
113.625 64 0
114.000 68 4
114.250 64 0
115.500 55 3
115.625 52 0
116.000 55 3
116.250 52 0
117.250 52 0
117.500 54 2
117.625 52 0
118.000 56 4
118.250 52 0
119.250 52 0
119.500 54 2
119.625 52 0
120.000 55 3
120.250 59 7
121.250 59 7
121.500 62 10
121.625 64 0
122.000 68 4
122.250 64 0
123.500 68 4
123.625 64 0
124.000 68 4
124.250 68 4
124.375 64 0
125.500 67 3
125.625 64 0
