3.875 59 7
4.000 66 2
4.125 68 4
4.250 66 2
4.375 64 0
4.562 61 9
4.625 59 7
5.000 66 2
5.125 64 0
5.250 63 11
5.375 63 11
5.875 64 0
6.000 64 0
6.125 61 9
6.375 57 5
6.875 52 0
7.000 64 0
7.250 61 9
7.375 57 5
8.000 68 4
8.125 66 2
8.250 64 0
8.375 64 0
8.625 64 0
8.750 66 2
9.125 66 2
9.250 64 0
9.375 63 11
9.500 59 7
10.000 64 0
10.125 61 9
10.375 57 5
11.000 64 0
11.250 61 9
11.375 57 5
11.875 59 7
12.000 66 2
12.125 68 4
12.375 66 2
12.625 64 0
12.750 63 11
12.875 64 0
13.062 63 11
13.125 61 9
13.875 59 7
14.000 66 2
14.125 68 4
14.375 66 2
14.625 64 0
14.750 63 11
14.875 64 0
15.062 63 11
15.125 61 9
19.875 59 7
20.000 66 2
20.125 68 4
20.250 66 2
20.375 64 0
20.562 61 9
20.625 59 7
20.875 59 7
21.000 66 2
21.125 64 0
21.250 63 11
21.375 63 11
21.875 64 0
22.062 64 0
22.125 61 9
22.312 57 5
22.375 57 5
23.000 64 0
23.125 61 9
23.375 57 5
23.500 61 9
24.000 68 4
24.125 68 4
24.250 66 2
24.375 64 0
24.625 64 0
24.750 66 2
25.125 66 2
25.250 64 0
25.375 63 11
25.500 59 7
26.000 64 0
26.125 61 9
26.375 57 5
27.000 64 0
27.125 61 9
27.375 57 5
27.875 59 7
28.000 66 2
28.125 68 4
28.375 66 2
28.625 64 0
28.750 63 11
28.875 64 0
29.062 63 11
29.125 61 9
29.875 59 7
30.000 66 2
30.125 68 4
30.375 66 2
30.625 64 0
30.750 63 11
30.875 64 0
31.062 63 11
31.125 61 9
33.875 59 7
34.000 69 5
34.125 69 5
34.250 69 5
34.375 68 4
35.000 66 2
35.125 66 2
35.375 64 0
35.438 63 11
35.500 61 9
36.000 69 5
36.125 69 5
36.375 68 4
36.750 68 4
37.000 66 2
37.125 63 11
37.375 64 0
37.438 63 11
37.500 61 9
38.000 69 5
38.125 69 5
38.375 68 4
38.625 68 4
39.000 66 2
39.250 63 11
39.375 64 0
39.500 61 9
51.875 59 7
52.000 68 4
52.250 66 2
52.375 64 0
52.562 61 9
52.625 59 7
53.000 66 2
53.125 64 0
53.250 63 11
53.375 63 11
53.875 64 0
54.000 64 0
54.125 61 9
54.375 57 5
54.875 52 0
55.000 64 0
55.250 61 9
55.375 57 5
56.000 68 4
56.125 66 2
56.250 64 0
56.375 64 0
56.625 64 0
56.750 66 2
57.125 66 2
57.250 64 0
57.375 63 11
57.500 59 7
58.000 64 0
58.125 61 9
58.375 57 5
59.000 64 0
59.250 61 9
59.375 57 5
59.875 59 7
60.000 66 2
60.125 68 4
60.375 66 2
60.625 64 0
60.750 63 11
60.875 64 0
61.062 63 11
61.125 61 9
61.875 59 7
62.000 66 2
62.125 68 4
62.375 66 2
62.625 64 0
62.750 63 11
62.875 64 0
63.062 63 11
63.125 61 9
63.875 59 7
64.000 66 2
64.125 68 4
64.375 66 2
64.625 64 0
64.750 63 11
64.875 64 0
65.062 63 11
65.125 61 9
65.375 73 9
65.625 71 7
66.125 68 4
