0.000 68 3
0.125 67 2
0.250 68 3
0.375 67 2
0.500 65 0
0.625 62 9
0.750 60 7
0.875 62 9
1.000 65 0
1.250 63 10
1.375 62 9
1.500 60 7
2.125 60 7
2.250 63 10
2.375 60 7
2.500 65 0
2.625 63 10
2.750 65 0
2.875 62 9
3.250 65 0
3.375 62 9
3.500 65 0
3.750 65 0
3.875 62 9
4.250 68 3
4.375 67 2
4.500 67 2
4.562 65 0
4.750 65 0
4.875 62 9
5.250 68 3
5.375 67 2
5.500 67 2
5.562 65 0
5.750 65 0
5.875 62 9
6.250 68 3
6.375 67 2
6.438 65 0
6.625 67 2
7.000 69 4
7.125 67 2
7.250 65 0
7.375 62 9
7.500 65 0
7.625 65 0
7.875 62 9
8.125 60 7
8.188 57 4
9.000 69 4
9.125 67 2
9.250 65 0
9.375 62 9
9.500 65 0
9.750 69 4
10.000 67 2
10.062 65 0
10.375 69 4
10.500 67 2
10.562 65 0
10.750 69 4
12.250 69 4
12.375 67 2
12.500 67 2
12.625 65 0
12.875 67 2
13.125 69 4
14.250 65 0
14.375 65 0
14.750 65 0
14.875 65 0
16.250 67 2
16.375 65 0
16.438 62 9
16.625 65 0
16.750 65 0
16.875 77 0
18.250 69 4
18.375 67 2
18.438 65 0
18.625 65 0
18.750 62 9
18.812 60 7
19.125 69 4
19.250 69 4
19.375 67 2
19.500 65 0
19.750 67 2
20.125 69 4
20.250 69 4
20.375 67 2
20.500 69 4
20.562 67 2
20.625 65 0
20.750 65 0
20.812 67 2
21.125 69 4
21.250 69 4
21.375 67 2
21.500 65 0
21.750 67 2
22.125 69 4
22.250 69 4
22.375 67 2
22.500 69 4
22.625 67 2
22.688 65 0
22.875 65 0
23.250 68 3
23.375 67 2
23.438 65 0
23.625 65 0
23.688 67 2
24.250 68 3
24.375 67 2
24.438 65 0
24.625 65 0
24.688 67 2
25.250 68 3
25.375 67 2
25.438 65 0
25.625 65 0
25.688 67 2
26.375 60 7
26.500 65 0
26.750 65 0
27.000 65 0
27.125 60 7
27.750 63 10
27.875 60 7
28.000 65 0
28.125 62 9
28.250 65 0
28.500 65 0
28.750 65 0
28.875 62 9
29.062 60 7
29.125 57 4
29.625 69 4
29.875 67 2
29.938 65 0
30.500 65 0
30.625 65 0
30.750 62 9
30.875 65 0
31.125 62 9
31.250 65 0
31.750 62 9
31.875 60 7
32.000 65 0
32.125 62 9
32.500 65 0
32.750 62 9
33.000 62 9
33.062 65 0
33.750 65 0
34.250 68 3
34.312 67 2
34.375 65 0
34.625 65 0
34.750 62 9
34.875 65 0
35.250 65 0
35.875 62 9
36.000 65 0
36.375 62 9
36.500 65 0
36.750 65 0
36.875 68 3
37.625 68 3
38.000 68 3
38.062 67 2
38.125 65 0
38.375 62 9
38.500 65 0
38.625 65 0
38.750 62 9
38.875 65 0
39.125 60 7
39.875 60 7
40.000 65 0
40.125 62 9
40.500 65 0
40.750 62 9
40.875 62 9
41.000 65 0
42.417 63 10
42.500 65 0
42.750 65 0
42.917 63 10
43.000 65 0
44.167 65 0
44.250 65 0
44.417 65 0
44.500 69 4
44.667 70 5
44.750 72 7
44.833 69 4
45.000 65 0
45.167 65 0
45.750 65 0
46.167 65 0
46.250 67 2
46.417 68 3
46.500 67 2
46.583 65 0
46.917 65 0
47.000 63 10
47.083 65 0
47.417 65 0
47.500 62 9
47.667 60 7
48.000 65 0
48.167 62 9
48.250 65 0
48.417 62 9
48.500 65 0
48.750 65 0
48.917 62 9
49.000 65 0
49.417 65 0
49.917 65 0
50.250 60 7
50.417 60 7
50.500 63 10
50.667 65 0
50.750 67 2
51.000 68 3
51.083 67 2
51.167 65 0
51.417 67 2
51.750 65 0
51.917 63 10
52.000 65 0
52.417 65 0
52.667 65 0
52.750 63 10
52.917 65 0
53.417 65 0
53.917 65 0
54.167 63 10
54.250 65 0
54.417 63 10
54.500 65 0
54.667 65 0
54.750 65 0
54.917 69 4
55.083 65 0
55.417 62 9
55.500 60 7
55.917 65 0
56.167 63 10
56.250 65 0
56.417 65 0
56.500 68 3
56.667 70 5
56.750 72 7
56.833 68 3
57.000 65 0
57.167 65 0
57.417 65 0
57.917 65 0
58.167 60 7
58.250 62 9
58.417 60 7
58.500 65 0
58.667 62 9
58.750 65 0
58.917 62 9
59.000 65 0
59.375 68 3
59.750 68 3
60.125 68 3
60.500 65 0
60.750 65 0
61.250 68 3
61.625 67 2
61.688 65 0
61.875 67 2
62.125 68 3
62.375 67 2
62.500 68 3
62.562 67 2
62.625 65 0
62.750 65 0
62.812 62 9
62.875 60 7
63.250 68 3
63.375 67 2
63.438 65 0
63.625 65 0
63.875 62 9
64.250 68 3
64.375 67 2
64.438 65 0
64.625 65 0
64.750 62 9
64.812 60 7
65.125 68 3
65.500 67 2
65.625 65 0
66.125 65 0
66.250 60 7
66.500 65 0
66.625 60 7
66.750 65 0
67.125 65 0
67.250 60 7
67.500 65 0
67.625 60 7
67.750 65 0
68.125 65 0
68.250 60 7
68.500 65 0
68.625 60 7
68.750 65 0
69.125 68 3
69.375 67 2
69.500 68 3
69.562 67 2
69.625 65 0
69.750 65 0
69.812 67 2
70.125 67 2
70.188 68 3
70.375 67 2
70.500 68 3
70.562 67 2
70.625 65 0
70.750 65 0
70.812 67 2
71.125 68 3
71.375 67 2
71.500 68 3
71.562 67 2
71.625 65 0
71.750 65 0
71.812 67 2
72.125 68 3
72.375 67 2
72.500 68 3
72.562 67 2
72.625 65 0
72.750 65 0
72.812 67 2
73.091 60 7
73.182 68 3
73.273 67 2
73.364 68 3
73.455 67 2
73.545 65 0
73.636 62 9
73.727 60 7
73.818 62 9
73.909 65 0
74.048 62 9
74.095 65 0
74.143 69 4
74.190 68 3
74.238 69 4
74.286 68 3
74.333 69 4
74.381 68 3
74.429 69 4
74.476 68 3
74.524 69 4
74.571 68 3
74.619 69 4
74.667 67 2
74.714 65 0
74.762 62 9
74.810 60 7
74.857 60 7
74.905 62 9
74.952 65 0
75.125 65 0
75.250 65 0
75.375 65 0
75.500 65 0
75.625 62 9
75.750 65 0
75.875 57 4
76.056 62 9
76.111 65 0
76.167 69 4
76.222 67 2
76.278 69 4
76.333 67 2
76.389 69 4
76.444 67 2
76.500 69 4
76.556 67 2
76.611 69 4
76.667 67 2
76.722 68 3
76.778 67 2
76.833 65 0
76.889 62 9
76.944 60 7
77.000 68 3
77.091 65 0
77.273 68 3
77.364 67 2
77.455 65 0
77.545 62 9
77.636 65 0
77.727 62 9
77.818 65 0
77.909 60 7
78.125 62 9
78.250 68 3
78.375 68 3
78.500 67 2
78.625 65 0
78.750 62 9
78.875 65 0
79.125 60 7
79.250 63 10
79.375 60 7
79.500 65 0
79.625 63 10
79.750 65 0
79.875 63 10
80.250 65 0
80.375 62 9
80.500 65 0
80.750 65 0
80.875 62 9
81.250 68 3
81.375 67 2
81.500 67 2
81.562 65 0
81.750 65 0
81.875 62 9
82.250 65 0
82.375 62 9
82.500 65 0
82.750 65 0
82.875 62 9
83.250 68 3
83.375 67 2
83.438 65 0
83.625 65 0
84.125 68 3
84.250 67 2
84.375 67 2
84.438 65 0
84.750 67 2
85.125 68 3
85.250 67 2
85.375 67 2
85.438 65 0
85.750 67 2
86.125 68 3
86.250 67 2
86.375 67 2
86.438 65 0
86.750 67 2
87.125 63 10
87.250 65 0
87.312 65 0
87.375 65 0
87.500 65 0
87.625 62 9
87.750 65 0
87.875 60 7
88.125 63 10
88.250 65 0
88.312 65 0
88.375 65 0
88.500 65 0
88.625 62 9
88.750 65 0
88.875 60 7
89.125 63 10
89.250 65 0
89.312 65 0
89.375 65 0
89.500 65 0
89.625 62 9
89.750 65 0
89.875 60 7
90.125 63 10
90.250 65 0
90.312 65 0
90.375 65 0
90.500 65 0
90.625 62 9
90.750 65 0
90.875 60 7
91.125 63 10
91.250 65 0
91.312 65 0
91.375 65 0
91.500 65 0
91.625 62 9
91.750 65 0
91.875 60 7
92.125 63 10
92.250 65 0
92.312 65 0
92.375 65 0
92.500 65 0
92.625 62 9
92.750 65 0
92.875 60 7
93.125 63 10
93.250 65 0
93.312 65 0
93.375 65 0
93.500 65 0
93.625 62 9
93.750 65 0
93.875 60 7
94.125 63 10
94.250 65 0
94.312 65 0
94.375 65 0
94.500 65 0
94.625 62 9
94.750 65 0
94.875 60 7
95.125 63 10
95.250 65 0
95.312 65 0
95.375 65 0
95.500 65 0
95.625 62 9
95.750 65 0
95.875 60 7
96.125 63 10
96.250 65 0
96.312 65 0
96.375 65 0
96.500 65 0
96.625 62 9
96.750 65 0
96.875 60 7
97.125 63 10
97.250 65 0
97.312 65 0
97.375 65 0
97.500 65 0
97.625 62 9
97.750 65 0
97.875 60 7
98.125 63 10
98.250 65 0
98.312 65 0
98.375 65 0
98.500 65 0
98.625 62 9
98.750 65 0
98.875 60 7
99.125 63 10
99.250 65 0
99.312 65 0
99.375 65 0
99.500 65 0
99.625 62 9
99.750 65 0
99.875 60 7
100.125 63 10
100.250 65 0
100.312 65 0
100.375 65 0
100.500 65 0
100.625 62 9
100.750 65 0
100.875 60 7
101.125 63 10
101.250 65 0
101.312 65 0
101.375 65 0
101.500 65 0
101.625 62 9
101.750 65 0
101.875 60 7
102.125 63 10
102.250 65 0
102.312 65 0
102.375 65 0
102.500 65 0
102.625 62 9
102.750 65 0
102.875 60 7
103.125 63 10
103.250 65 0
103.312 65 0
103.375 65 0
103.500 65 0
103.625 62 9
103.750 65 0
103.875 60 7
104.125 63 10
104.250 65 0
104.312 65 0
104.375 65 0
104.500 65 0
104.625 62 9
104.750 65 0
104.875 60 7
105.125 63 10
105.250 65 0
105.312 65 0
105.375 65 0
105.500 65 0
105.625 62 9
105.750 65 0
105.875 60 7
106.125 63 10
106.250 65 0
106.312 65 0
106.375 65 0
106.500 65 0
106.625 62 9
106.750 65 0
106.875 60 7
107.125 63 10
107.250 65 0
107.312 65 0
107.375 65 0
107.500 65 0
107.625 62 9
107.750 65 0
107.875 60 7
108.125 63 10
108.250 65 0
108.312 65 0
108.375 65 0
108.500 65 0
108.625 62 9
108.750 65 0
108.875 60 7
109.125 63 10
109.250 65 0
109.312 65 0
109.375 65 0
109.500 65 0
109.625 62 9
109.750 65 0
109.875 60 7
110.125 63 10
110.250 65 0
110.312 65 0
110.375 65 0
110.500 65 0
110.625 62 9
110.750 65 0
110.875 60 7
111.125 69 4
111.250 67 2
111.312 67 2
111.375 65 0
111.500 65 0
111.625 62 9
111.750 65 0
111.875 60 7
112.125 69 4
112.250 67 2
112.312 67 2
112.375 65 0
112.500 65 0
112.625 62 9
112.750 65 0
112.875 60 7
113.125 69 4
113.250 67 2
113.312 67 2
113.375 65 0
113.500 65 0
113.625 62 9
113.750 65 0
113.875 60 7
114.125 69 4
114.250 67 2
114.312 67 2
114.375 65 0
114.500 65 0
114.625 62 9
114.750 65 0
114.875 60 7
115.125 69 4
115.250 67 2
115.312 67 2
115.375 65 0
115.500 65 0
115.625 62 9
115.750 65 0
115.875 60 7
116.250 65 0
116.500 60 7
116.750 67 2
117.000 65 0
118.250 65 0
118.500 60 7
118.750 67 2
119.000 65 0
120.250 69 4
120.500 67 2
120.750 65 0
120.875 62 9
121.000 65 0
121.062 67 2
122.250 69 4
122.500 67 2
122.750 65 0
122.875 62 9
123.000 65 0
123.062 67 2
124.000 65 0
124.250 65 0
124.375 62 9
124.562 68 3
124.750 67 2
124.875 65 0
125.000 65 0
125.250 65 0
125.375 62 9
125.562 68 3
125.750 67 2
125.875 65 0
126.000 65 0
126.250 65 0
126.375 62 9
126.562 69 4
126.750 67 2
126.875 65 0
127.000 65 0
127.250 65 0
127.375 62 9
127.562 69 4
127.750 67 2
127.875 65 0
128.000 65 0
128.250 65 0
128.375 62 9
128.562 69 4
128.750 67 2
128.875 65 0
129.000 65 0
129.250 65 0
129.375 62 9
129.562 68 3
129.688 67 2
129.750 65 0
129.875 62 9
130.000 65 0
130.250 65 0
130.375 62 9
130.562 68 3
130.688 67 2
130.750 65 0
130.875 62 9
131.000 65 0
131.250 65 0
131.375 62 9
131.562 68 3
131.688 67 2
131.750 65 0
131.875 62 9
132.000 65 0
132.250 65 0
132.500 65 0
132.750 65 0
133.000 65 0
133.250 65 0
133.625 65 0
133.812 65 0
134.000 65 0
134.250 65 0
134.625 65 0
134.812 65 0
135.000 65 0
135.250 65 0
135.625 65 0
135.812 65 0
136.000 65 0
136.250 65 0
136.625 65 0
136.812 65 0
137.000 65 0
137.250 65 0
137.562 68 3
137.688 67 2
137.750 65 0
137.875 62 9
