16.250 60 7
16.375 63 10
16.625 65 0
16.875 56 3
17.375 65 0
17.625 63 10
17.750 61 8
17.875 60 7
18.250 61 8
18.375 60 7
18.750 58 5
18.875 56 3
19.250 58 5
19.375 60 7
19.625 58 5
19.750 56 3
19.875 55 2
20.250 60 7
20.375 63 10
20.625 65 0
20.875 56 3
21.250 56 3
21.375 65 0
21.625 63 10
21.750 61 8
21.875 60 7
22.250 61 8
22.375 60 7
22.750 58 5
22.875 56 3
23.250 58 5
23.375 60 7
23.625 58 5
23.750 56 3
23.875 55 2
24.250 56 3
24.375 55 2
24.750 56 3
24.875 55 2
25.250 56 3
25.375 55 2
25.625 56 3
25.750 55 2
25.875 55 2
26.000 53 0
26.250 56 3
26.375 55 2
26.750 56 3
26.875 55 2
27.250 56 3
27.375 55 2
27.625 56 3
27.750 55 2
27.875 55 2
28.000 53 0
28.250 56 3
28.375 55 2
28.750 56 3
28.875 55 2
29.250 56 3
29.375 55 2
29.625 56 3
29.750 55 2
29.875 55 2
30.000 53 0
30.250 56 3
30.375 55 2
30.750 56 3
30.875 55 2
31.250 56 3
31.375 55 2
31.625 68 3
31.750 67 2
31.875 67 2
32.125 65 0
32.625 70 5
32.750 70 5
32.875 70 5
33.125 68 3
33.625 61 8
33.750 61 8
33.875 61 8
34.125 60 7
34.625 70 5
34.750 70 5
34.875 70 5
35.125 68 3
35.625 68 3
35.750 67 2
35.875 67 2
36.125 65 0
36.625 70 5
36.750 70 5
36.875 70 5
37.125 68 3
37.625 61 8
37.750 61 8
37.875 61 8
38.125 60 7
38.625 70 5
38.750 70 5
38.875 70 5
39.125 68 3
39.625 68 3
39.750 67 2
39.875 67 2
40.125 65 0
40.625 70 5
40.750 70 5
40.875 70 5
41.125 68 3
41.625 61 8
41.750 61 8
41.875 61 8
42.125 60 7
42.625 70 5
42.750 70 5
42.875 70 5
43.125 68 3
43.750 68 3
52.250 60 7
52.375 63 10
52.625 65 0
52.875 56 3
53.375 65 0
53.625 63 10
53.750 61 8
53.875 60 7
54.250 61 8
54.375 60 7
54.750 58 5
54.875 56 3
55.250 58 5
55.375 60 7
55.625 58 5
55.750 56 3
55.875 55 2
56.250 60 7
56.375 63 10
56.625 65 0
56.875 56 3
57.250 56 3
57.375 65 0
57.625 63 10
57.750 61 8
57.875 60 7
58.250 61 8
58.375 60 7
58.750 58 5
58.875 56 3
59.250 58 5
59.375 60 7
59.625 58 5
59.750 56 3
59.875 55 2
60.250 56 3
60.375 55 2
60.750 56 3
60.875 55 2
61.250 56 3
61.375 55 2
61.625 56 3
61.750 55 2
61.875 55 2
62.000 53 0
62.250 56 3
62.375 55 2
62.750 56 3
62.875 55 2
63.250 56 3
63.375 55 2
63.625 56 3
63.750 55 2
63.875 55 2
64.000 53 0
64.250 56 3
64.375 55 2
64.750 56 3
64.875 55 2
65.250 56 3
65.375 55 2
65.625 56 3
65.750 55 2
65.875 55 2
66.000 53 0
66.250 56 3
66.375 55 2
66.750 56 3
66.875 55 2
67.250 56 3
67.375 55 2
67.625 68 3
67.750 67 2
67.875 67 2
68.125 65 0
68.625 70 5
68.750 70 5
68.875 70 5
69.125 68 3
69.625 61 8
69.750 61 8
69.875 61 8
70.125 60 7
70.625 70 5
70.750 70 5
70.875 70 5
71.125 68 3
71.625 68 3
71.750 67 2
71.875 67 2
72.125 65 0
72.625 70 5
72.750 70 5
72.875 70 5
73.125 68 3
73.625 61 8
73.750 61 8
73.875 61 8
74.125 60 7
74.625 70 5
74.750 70 5
74.875 70 5
75.125 68 3
75.625 68 3
75.750 67 2
75.875 67 2
76.125 65 0
76.625 70 5
76.750 70 5
76.875 70 5
77.125 68 3
77.625 61 8
77.750 61 8
77.875 61 8
78.125 60 7
78.625 70 5
78.750 70 5
78.875 70 5
79.125 68 3
79.750 68 3
104.250 60 7
104.375 63 10
104.625 65 0
104.875 56 3
105.250 56 3
105.375 65 0
105.625 63 10
105.750 61 8
105.875 60 7
106.250 61 8
106.375 60 7
106.750 58 5
106.875 56 3
107.250 58 5
107.375 60 7
107.625 58 5
107.750 56 3
107.875 55 2
108.250 60 7
108.375 63 10
108.625 65 0
108.875 56 3
109.250 56 3
109.375 65 0
109.625 63 10
109.750 61 8
109.875 60 7
110.250 61 8
110.375 60 7
110.750 58 5
110.875 56 3
111.250 58 5
111.375 60 7
111.625 58 5
111.750 56 3
111.875 55 2
112.250 56 3
112.375 55 2
112.750 56 3
112.875 55 2
113.250 56 3
113.375 55 2
113.625 56 3
113.750 55 2
113.875 55 2
114.000 53 0
114.250 56 3
114.375 55 2
114.750 56 3
114.875 55 2
115.250 56 3
115.375 55 2
115.625 56 3
115.750 55 2
115.875 55 2
116.000 53 0
116.250 56 3
116.375 55 2
116.750 56 3
116.875 55 2
117.250 56 3
117.375 55 2
117.625 56 3
117.750 55 2
117.875 55 2
118.000 53 0
118.250 56 3
118.375 55 2
118.750 56 3
118.875 55 2
119.250 56 3
119.375 55 2
119.625 68 3
119.750 67 2
119.875 67 2
120.125 65 0
120.625 70 5
120.750 70 5
120.875 70 5
121.125 68 3
121.625 61 8
121.750 61 8
121.875 61 8
122.125 60 7
122.625 70 5
122.750 70 5
122.875 70 5
123.125 68 3
123.625 68 3
123.750 67 2
123.875 67 2
124.125 65 0
124.625 70 5
124.750 70 5
124.875 70 5
125.125 68 3
125.625 61 8
125.750 61 8
125.875 61 8
126.125 60 7
126.625 70 5
126.750 70 5
126.875 70 5
127.125 68 3
127.625 68 3
127.750 67 2
127.875 67 2
128.125 65 0
128.625 70 5
128.750 70 5
128.875 70 5
129.125 68 3
129.625 61 8
129.750 61 8
129.875 61 8
130.125 60 7
130.625 70 5
130.750 70 5
130.875 70 5
131.125 68 3
131.625 68 3
131.750 67 2
131.875 67 2
132.125 65 0
132.625 68 3
132.750 67 2
132.875 67 2
133.125 65 0
133.625 68 3
133.750 67 2
133.875 67 2
134.125 65 0
134.625 68 3
134.750 67 2
134.875 67 2
135.125 65 0
135.625 68 3
135.750 67 2
135.875 67 2
136.125 65 0
136.625 68 3
136.750 67 2
136.875 67 2
137.125 65 0
137.625 68 3
137.750 67 2
137.875 67 2
138.125 65 0
138.625 68 3
138.750 67 2
138.875 67 2
139.125 65 0
139.625 68 3
139.750 67 2
139.875 67 2
140.125 65 0
