15.750 57 0
15.875 59 2
15.938 60 3
16.250 59 2
16.312 57 0
16.438 59 2
16.938 57 0
17.000 59 2
17.125 60 3
17.188 60 3
17.250 62 5
17.375 60 3
17.500 59 2
17.562 57 0
17.750 60 3
17.875 62 5
18.000 62 5
18.062 64 7
18.188 62 5
18.375 60 3
18.500 59 2
18.625 57 0
18.938 55 10
19.000 55 10
19.125 57 0
19.250 57 0
19.750 57 0
19.875 59 2
20.000 60 3
20.250 59 2
20.375 57 0
20.438 59 2
20.469 60 3
20.500 59 2
20.875 57 0
20.938 59 2
21.000 60 3
21.188 60 3
21.250 62 5
21.375 60 3
21.500 59 2
21.562 57 0
21.812 60 3
21.875 62 5
21.938 62 5
22.000 64 7
22.188 62 5
22.312 60 3
22.500 59 2
22.750 55 10
22.938 55 10
23.000 55 10
23.125 57 0
23.250 57 0
24.250 60 3
24.375 64 7
24.500 62 5
25.000 62 5
25.281 60 3
25.312 59 2
25.500 60 3
25.750 57 0
25.875 59 2
26.000 60 3
26.125 62 5
26.250 64 7
26.375 62 5
26.500 62 5
26.562 60 3
26.750 59 2
26.812 55 10
26.938 55 10
27.000 55 10
27.125 57 0
27.250 57 0
27.750 57 0
27.875 59 2
28.000 60 3
28.250 59 2
28.312 57 0
28.375 57 0
28.500 59 2
28.562 57 0
28.875 57 0
28.938 59 2
29.000 60 3
29.250 62 5
29.312 60 3
29.438 59 2
29.500 57 0
29.750 60 3
29.875 62 5
30.000 64 7
30.188 62 5
30.312 60 3
30.500 59 2
30.688 57 0
30.875 55 10
31.000 55 10
31.125 57 0
31.188 57 0
31.750 57 0
31.875 59 2
32.000 60 3
32.250 62 5
32.375 60 3
32.438 59 2
32.500 57 0
32.875 57 0
32.938 59 2
33.000 60 3
33.188 62 5
33.375 60 3
33.500 59 2
33.562 57 0
33.750 60 3
33.875 62 5
34.000 62 5
34.062 64 7
34.188 62 5
34.312 60 3
34.500 59 2
34.562 57 0
34.750 57 0
34.875 55 10
35.000 55 10
35.125 57 0
35.250 57 0
41.125 60 3
41.625 60 3
41.688 59 2
41.875 60 3
41.938 59 2
42.125 57 0
44.000 60 3
45.188 60 3
45.250 59 2
45.438 60 3
45.500 59 2
45.562 57 0
45.688 57 0
46.188 55 10
46.250 57 0
46.375 55 10
46.406 57 0
46.562 55 10
46.625 57 0
47.750 57 0
47.875 59 2
48.000 60 3
48.250 59 2
48.312 57 0
48.438 59 2
48.500 57 0
48.812 57 0
48.875 59 2
49.000 60 3
49.250 62 5
49.375 60 3
49.438 59 2
49.500 57 0
49.750 60 3
49.875 62 5
50.000 64 7
50.250 62 5
50.375 60 3
50.500 59 2
50.625 57 0
50.750 55 10
50.875 55 10
51.125 57 0
51.750 57 0
51.875 59 2
52.000 60 3
52.250 62 5
52.375 60 3
52.500 59 2
52.562 57 0
52.812 57 0
52.938 59 2
53.000 60 3
53.250 62 5
53.375 60 3
53.438 59 2
53.500 57 0
53.750 60 3
53.875 62 5
54.000 62 5
54.062 64 7
54.250 62 5
54.375 60 3
54.500 59 2
54.625 57 0
54.750 55 10
54.875 55 10
55.125 57 0
57.875 60 3
58.125 60 3
58.250 59 2
58.375 60 3
58.438 59 2
58.562 57 0
61.000 60 3
62.062 60 3
62.125 60 3
62.188 60 3
62.250 59 2
62.375 60 3
62.438 59 2
62.562 57 0
64.750 57 0
64.875 59 2
65.000 60 3
65.250 60 3
65.312 62 5
65.375 60 3
65.500 59 2
65.562 57 0
65.750 57 0
65.875 59 2
66.000 59 2
66.062 60 3
66.250 60 3
66.312 62 5
66.438 60 3
66.500 59 2
66.562 57 0
66.750 60 3
66.875 62 5
67.000 62 5
67.062 64 7
67.188 62 5
67.250 60 3
67.375 60 3
67.500 59 2
67.625 57 0
67.750 55 10
67.875 55 10
68.125 57 0
68.750 57 0
68.875 59 2
69.000 60 3
69.250 62 5
69.438 60 3
69.500 59 2
69.562 57 0
69.938 59 2
70.000 60 3
70.250 62 5
70.375 60 3
70.500 59 2
70.562 57 0
70.750 60 3
70.875 62 5
71.000 62 5
71.062 64 7
71.188 62 5
71.375 60 3
71.500 64 7
71.625 62 5
71.750 60 3
71.875 55 10
72.125 57 0
79.000 60 3
79.062 62 5
79.125 60 3
79.188 62 5
79.250 60 3
79.312 62 5
79.375 60 3
79.438 62 5
79.500 60 3
79.688 59 2
79.812 57 0
82.125 64 7
82.250 62 5
82.375 60 3
82.500 62 5
82.625 60 3
82.750 57 0
82.875 55 10
83.000 57 0
83.125 60 3
83.312 57 0
83.375 57 0
83.438 55 10
83.500 57 0
83.625 52 7
84.125 60 3
84.250 60 3
84.375 64 7
84.500 62 5
84.625 60 3
84.750 57 0
84.812 55 10
84.875 60 3
85.125 57 0
86.125 64 7
86.250 62 5
86.375 60 3
86.500 62 5
86.625 60 3
86.750 57 0
86.875 55 10
87.000 57 0
87.125 60 3
87.312 57 0
87.375 57 0
87.438 55 10
87.500 57 0
87.625 52 7
88.250 60 3
88.375 64 7
88.500 62 5
88.625 60 3
88.688 62 5
88.812 55 10
88.875 60 3
89.125 57 0
89.188 57 0
92.625 62 5
92.688 62 5
92.750 62 5
92.875 62 5
92.938 60 3
93.125 60 3
96.000 62 5
96.062 64 7
96.750 62 5
96.812 60 3
99.125 64 7
99.250 62 5
99.375 60 3
99.500 62 5
99.625 60 3
99.750 57 0
99.875 55 10
100.000 57 0
100.125 60 3
100.312 57 0
100.375 57 0
100.438 55 10
100.500 57 0
100.625 52 7
101.125 57 0
101.188 60 3
101.375 64 7
101.500 62 5
101.625 60 3
101.688 57 0
101.812 55 10
101.875 60 3
102.125 57 0
103.125 64 7
103.250 62 5
103.375 60 3
103.500 62 5
103.625 60 3
103.750 57 0
103.875 55 10
103.938 57 0
104.062 60 3
104.375 57 0
104.438 55 10
104.500 57 0
104.625 52 7
105.125 60 3
105.250 60 3
105.375 64 7
105.500 62 5
105.625 60 3
105.750 57 0
105.875 60 3
106.125 57 0
106.250 55 10
106.312 57 0
107.500 59 2
108.000 59 2
108.188 57 0
137.125 69 0
137.250 69 0
137.375 69 0
137.438 72 3
137.625 71 2
137.750 69 0
137.875 67 10
137.938 69 0
139.125 69 0
139.250 69 0
139.312 69 0
139.500 72 3
139.625 71 2
139.688 69 0
139.750 71 2
139.938 71 2
140.062 69 0
141.125 69 0
141.250 69 0
141.375 69 0
141.438 76 7
141.625 74 5
141.750 72 3
141.812 71 2
141.938 71 2
142.125 72 3
142.188 71 2
142.250 69 0
143.125 69 0
143.250 69 0
143.375 69 0
143.500 76 7
143.625 74 5
143.750 72 3
143.875 71 2
144.000 71 2
144.125 69 0
145.125 69 0
145.250 69 0
145.312 69 0
145.375 69 0
145.438 72 3
145.625 71 2
145.750 69 0
145.938 71 2
146.000 71 2
146.062 69 0
147.125 69 0
147.250 69 0
147.375 69 0
147.500 72 3
147.562 71 2
147.750 69 0
147.812 71 2
147.938 71 2
148.062 69 0
149.125 69 0
149.250 69 0
149.375 69 0
149.438 72 3
149.625 71 2
149.688 71 2
149.875 67 10
150.000 71 2
150.125 69 0
151.125 69 0
151.250 69 0
151.312 69 0
151.438 76 7
151.625 74 5
151.750 72 3
151.812 74 5
151.938 76 7
152.125 74 5
152.375 72 3
152.500 71 2
153.125 69 0
153.250 69 0
153.312 69 0
153.438 72 3
153.688 69 0
153.750 72 3
153.875 71 2
154.000 71 2
154.125 72 3
162.750 72 3
162.875 74 5
163.000 76 7
163.125 74 5
163.250 72 3
163.375 71 2
163.500 72 3
163.562 71 2
163.688 69 0
163.750 67 10
163.875 67 10
164.000 72 3
164.125 67 10
164.250 69 0
