4.250 62 4
4.375 62 4
4.500 63 5
4.625 62 4
4.875 58 0
5.250 53 7
5.375 55 9
5.500 60 2
5.625 58 0
5.938 56 10
6.500 56 10
6.688 58 0
6.875 60 2
7.000 53 7
8.500 56 10
8.688 58 0
8.875 59 1
9.000 53 7
9.875 53 7
10.000 65 7
10.250 63 5
10.500 62 4
10.750 60 2
11.000 59 1
11.062 60 2
11.125 62 4
12.000 62 4
12.167 58 0
12.333 55 9
12.500 62 4
12.667 58 0
12.833 53 7
13.000 60 2
13.125 58 0
14.000 60 2
14.188 60 2
14.375 60 2
14.500 60 2
14.688 60 2
14.875 60 2
15.000 60 2
15.375 60 2
16.125 58 0
16.250 58 0
16.375 58 0
16.500 62 4
16.625 60 2
16.750 58 0
16.875 57 11
17.000 60 2
17.062 58 0
17.125 55 9
18.125 58 0
18.250 58 0
18.312 58 0
18.438 57 11
18.688 55 9
18.750 53 7
18.875 62 4
19.000 58 0
19.125 58 0
19.188 58 0
19.250 58 0
19.312 60 2
19.375 58 0
19.438 57 11
19.500 55 9
20.125 58 0
20.250 58 0
20.312 58 0
20.500 60 2
20.562 58 0
20.688 57 11
20.875 58 0
21.000 58 0
22.250 62 4
22.375 62 4
22.500 63 5
22.625 62 4
22.875 58 0
23.250 53 7
23.375 55 9
23.500 60 2
23.625 58 0
24.000 56 10
24.500 56 10
24.688 58 0
24.875 60 2
25.000 53 7
26.500 56 10
26.688 58 0
26.875 59 1
27.125 53 7
27.875 53 7
28.000 65 7
28.250 63 5
28.500 62 4
28.750 60 2
29.000 59 1
29.062 60 2
29.125 62 4
30.000 62 4
30.167 58 0
30.333 55 9
30.500 62 4
30.667 58 0
30.833 53 7
31.000 60 2
31.125 58 0
33.000 60 2
33.188 60 2
33.375 60 2
33.562 60 2
33.750 60 2
33.875 60 2
34.000 60 2
34.500 60 2
35.125 58 0
35.250 58 0
35.375 57 11
35.500 62 4
35.625 60 2
35.750 58 0
35.875 57 11
36.000 60 2
36.062 58 0
36.125 55 9
37.188 58 0
37.250 58 0
37.375 58 0
37.438 57 11
37.625 55 9
37.688 53 7
37.875 62 4
38.000 58 0
38.125 58 0
38.188 58 0
38.250 58 0
38.312 60 2
38.375 58 0
38.438 57 11
38.500 55 9
39.188 58 0
39.250 58 0
39.312 58 0
39.500 60 2
39.625 58 0
39.750 57 11
39.938 58 0
40.125 58 0
41.250 62 4
41.375 62 4
41.500 63 5
41.625 62 4
41.875 58 0
42.250 53 7
42.375 55 9
42.500 60 2
42.625 58 0
43.000 56 10
43.500 56 10
43.688 58 0
43.875 60 2
44.000 53 7
45.500 56 10
45.688 58 0
45.875 59 1
46.125 53 7
46.875 53 7
47.000 65 7
47.250 63 5
47.500 62 4
47.750 60 2
48.000 59 1
48.062 60 2
48.125 62 4
49.000 62 4
49.167 58 0
49.333 55 9
49.500 62 4
49.667 58 0
49.833 53 7
50.000 60 2
50.125 58 0
52.000 60 2
52.188 60 2
52.438 60 2
52.688 60 2
52.875 60 2
53.250 60 2
53.375 60 2
53.500 60 2
54.125 58 0
54.188 58 0
54.250 58 0
54.375 57 11
54.500 62 4
54.625 60 2
54.750 58 0
54.875 57 11
54.938 60 2
55.062 58 0
55.125 55 9
56.125 58 0
56.250 58 0
56.375 58 0
56.500 57 11
56.625 55 9
56.750 53 7
56.875 62 4
57.000 58 0
57.125 58 0
57.188 58 0
57.250 58 0
57.312 60 2
57.375 58 0
57.438 57 11
57.500 55 9
58.188 58 0
58.250 58 0
58.312 58 0
58.500 60 2
58.625 58 0
58.875 57 11
58.938 57 11
59.000 58 0
60.250 62 4
60.375 62 4
60.500 63 5
60.625 62 4
60.875 58 0
61.250 53 7
61.375 55 9
61.500 60 2
61.625 58 0
62.000 56 10
62.500 56 10
62.688 58 0
62.875 60 2
63.000 53 7
64.500 56 10
64.688 58 0
64.875 59 1
65.000 53 7
65.875 53 7
66.000 65 7
66.250 63 5
66.500 62 4
66.750 60 2
67.000 59 1
67.062 60 2
67.125 62 4
68.000 62 4
68.167 58 0
68.333 55 9
68.500 62 4
68.667 58 0
68.833 53 7
69.000 60 2
69.125 58 0
70.000 62 4
70.167 58 0
70.333 55 9
70.500 62 4
70.667 58 0
70.833 53 7
71.000 60 2
71.167 58 0
72.000 62 4
72.167 58 0
72.333 55 9
72.500 65 7
72.667 63 5
72.833 53 7
73.000 55 9
73.125 58 0
