8.000 52 2
8.375 54 4
8.500 54 4
9.125 52 2
9.250 54 4
9.375 54 4
9.438 54 4
9.625 50 0
9.750 50 0
9.875 45 7
9.938 45 7
10.250 54 4
10.312 54 4
10.375 54 4
10.438 54 4
10.562 50 0
10.750 50 0
10.875 47 9
11.000 54 4
11.125 54 4
11.250 54 4
11.312 54 4
11.375 54 4
11.438 50 0
11.750 50 0
11.875 47 9
12.000 52 2
12.375 54 4
13.125 52 2
13.250 52 2
13.375 54 4
13.500 50 0
13.562 50 0
13.812 45 7
14.125 54 4
14.250 54 4
14.375 54 4
14.500 50 0
14.750 50 0
14.875 45 7
15.000 54 4
15.125 54 4
15.250 54 4
15.375 52 2
15.438 50 0
23.875 45 7
24.000 52 2
24.375 54 4
25.125 52 2
25.188 52 2
25.312 49 11
25.500 54 4
25.625 50 0
25.750 50 0
25.875 45 7
26.000 54 4
26.125 54 4
26.188 54 4
26.250 54 4
26.375 54 4
26.500 54 4
26.625 50 0
26.750 50 0
27.062 54 4
27.125 54 4
27.188 54 4
27.250 54 4
27.375 54 4
27.500 54 4
27.625 50 0
27.750 50 0
27.875 45 7
28.000 52 2
28.375 54 4
29.125 52 2
29.250 52 2
29.375 53 3
29.500 53 3
29.562 53 3
29.688 53 3
29.812 50 0
29.875 47 9
30.000 54 4
30.125 50 0
30.250 54 4
30.375 50 0
30.500 54 4
30.625 50 0
30.750 54 4
30.875 50 0
31.000 54 4
31.125 50 0
31.250 54 4
31.375 50 0
31.500 54 4
31.625 50 0
31.750 54 4
31.875 50 0
32.250 62 0
48.375 54 4
48.438 54 4
48.500 54 4
49.250 54 4
49.375 50 0
49.500 54 4
49.625 50 0
49.750 50 0
49.875 47 9
50.375 54 4
50.625 54 4
51.125 50 0
51.250 54 4
51.500 52 2
51.625 52 2
51.750 50 0
52.375 52 2
52.500 52 2
52.562 50 0
52.625 52 2
52.688 50 0
52.875 52 2
53.250 47 9
53.375 54 4
53.625 52 2
53.750 52 2
53.875 50 0
54.250 62 0
54.375 67 5
54.500 66 4
55.375 67 5
55.625 66 4
59.500 64 2
59.875 54 4
59.938 55 5
60.000 57 7
60.125 57 7
60.250 57 7
60.312 57 7
60.375 57 7
60.562 54 4
60.750 54 4
60.875 54 4
61.062 54 4
61.875 54 4
61.938 55 5
62.000 57 7
62.125 57 7
62.250 57 7
62.312 57 7
62.375 57 7
62.625 54 4
62.750 54 4
62.875 54 4
62.938 54 4
63.125 54 4
63.875 54 4
63.938 55 5
64.000 57 7
64.125 57 7
64.250 57 7
64.312 57 7
64.375 57 7
64.625 54 4
64.750 54 4
64.875 54 4
64.938 55 5
65.000 57 7
65.125 57 7
65.250 57 7
65.312 57 7
65.375 57 7
65.625 54 4
65.750 54 4
65.875 54 4
65.938 55 5
66.000 57 7
66.125 57 7
66.188 57 7
66.250 57 7
66.375 54 4
66.438 55 5
66.500 57 7
66.625 54 4
66.688 55 5
66.750 57 7
66.875 54 4
66.938 55 5
67.000 57 7
67.125 54 4
67.188 55 5
67.250 57 7
67.375 54 4
67.438 55 5
67.500 57 7
67.625 54 4
68.500 50 0
68.625 54 4
68.875 54 4
70.500 50 0
70.625 54 4
70.875 54 4
72.500 50 0
72.625 54 4
72.875 54 4
74.500 50 0
74.625 54 4
74.875 54 4
