7.875 57 7
8.000 62 0
8.125 62 0
8.250 60 10
8.375 62 0
9.875 57 7
10.000 62 0
10.125 62 0
10.250 60 10
10.375 62 0
10.625 57 7
10.875 55 5
11.000 53 3
11.875 57 7
12.000 62 0
12.125 62 0
12.250 60 10
12.375 62 0
12.625 57 7
12.750 53 3
12.875 55 5
13.000 53 3
14.000 62 0
14.125 62 0
14.250 60 10
14.375 62 0
14.625 57 7
14.750 53 3
14.875 55 5
15.000 53 3
15.125 57 7
15.875 62 0
16.000 67 5
16.125 67 5
16.250 65 3
16.375 67 5
16.625 65 3
16.875 62 0
17.000 60 10
17.875 62 0
18.000 67 5
18.125 69 7
18.250 67 5
18.375 67 5
18.500 65 3
18.625 65 3
18.875 69 7
19.000 67 5
19.125 67 5
19.250 65 3
19.375 67 5
19.500 65 3
19.625 65 3
24.375 55 5
24.625 57 7
24.875 60 10
25.125 57 7
25.375 55 5
25.625 57 7
25.750 55 5
26.375 55 5
26.625 57 7
26.875 60 10
27.125 57 7
27.375 55 5
27.625 57 7
28.375 57 7
28.625 61 11
28.875 64 2
29.125 60 10
29.375 59 9
29.625 61 11
30.000 64 2
30.250 62 0
30.312 64 2
30.375 62 0
30.500 61 11
30.750 59 9
30.812 61 11
30.875 59 9
31.000 57 7
33.875 60 10
34.000 62 0
34.125 62 0
34.250 60 10
34.375 62 0
35.875 60 10
36.000 62 0
36.125 62 0
36.250 60 10
36.375 62 0
36.500 57 7
36.625 57 7
37.000 55 5
37.125 53 3
37.625 57 7
37.812 59 9
38.000 62 0
38.125 62 0
38.250 60 10
38.375 62 0
38.500 60 10
38.562 62 0
39.750 57 7
39.875 60 10
40.000 62 0
40.125 62 0
40.250 60 10
40.375 62 0
40.625 65 3
41.062 64 2
41.250 60 10
41.875 62 0
42.000 67 5
42.125 67 5
42.250 65 3
42.375 67 5
42.625 65 3
42.875 69 7
43.000 62 0
43.875 62 0
44.000 67 5
44.125 67 5
44.250 65 3
44.375 67 5
44.625 65 3
44.875 68 6
45.000 67 5
45.125 67 5
45.250 65 3
45.375 67 5
45.500 65 3
45.625 67 5
45.875 66 4
50.375 55 5
50.625 57 7
50.875 60 10
51.125 57 7
51.375 55 5
51.625 57 7
51.750 55 5
52.375 55 5
52.625 57 7
52.875 60 10
53.125 57 7
53.375 55 5
53.625 57 7
54.375 57 7
54.625 61 11
54.875 64 2
55.125 60 10
55.375 59 9
55.625 61 11
56.000 64 2
56.250 62 0
56.312 64 2
56.375 62 0
56.500 61 11
56.750 59 9
56.812 61 11
56.875 59 9
57.000 57 7
85.875 62 0
86.000 62 0
86.125 62 0
86.250 60 10
86.375 62 0
86.625 60 10
87.875 59 9
88.000 62 0
88.125 69 7
88.250 65 3
88.375 67 5
88.500 65 3
88.625 67 5
88.750 69 7
88.875 67 5
89.000 65 3
89.375 62 0
89.750 57 7
89.875 59 9
90.000 62 0
90.125 62 0
90.250 60 10
90.375 62 0
90.500 60 10
90.625 62 0
91.750 57 7
91.875 60 10
92.000 62 0
92.125 62 0
92.250 60 10
92.375 62 0
92.625 65 3
92.938 64 2
93.062 60 10
93.875 62 0
94.000 67 5
94.125 67 5
94.250 65 3
94.375 67 5
94.625 65 3
94.875 62 0
95.875 62 0
96.000 67 5
96.125 67 5
96.250 65 3
96.375 67 5
96.438 65 3
96.625 65 3
96.875 69 7
97.125 67 5
97.250 65 3
97.375 67 5
97.500 65 3
97.625 67 5
97.875 65 3
98.125 66 4
102.375 55 5
102.625 57 7
102.875 60 10
103.125 57 7
103.375 55 5
103.625 57 7
103.750 55 5
104.375 55 5
104.625 57 7
104.875 60 10
105.125 62 0
105.188 60 10
105.375 65 3
105.500 62 0
105.625 64 2
105.750 62 0
106.375 55 5
106.625 57 7
106.875 60 10
107.125 57 7
107.375 55 5
107.625 57 7
108.375 55 5
108.625 57 7
108.875 60 10
109.125 57 7
109.375 55 5
109.625 57 7
110.375 57 7
110.625 61 11
110.875 64 2
111.125 60 10
111.375 59 9
111.625 61 11
112.000 64 2
112.250 62 0
112.312 64 2
112.375 62 0
112.500 61 11
112.750 59 9
112.812 61 11
112.875 59 9
113.000 57 7
