2.375 59 4
2.500 59 4
2.625 60 5
2.750 57 2
2.875 59 4
4.375 60 5
4.500 60 5
4.625 60 5
4.688 62 7
4.875 60 5
6.375 62 7
6.500 62 7
6.625 62 7
6.875 62 7
6.938 60 5
7.125 60 5
7.375 60 5
7.625 60 5
7.688 62 7
7.875 60 5
8.000 59 4
8.188 59 4
8.250 57 2
8.375 59 4
8.438 57 2
8.500 55 0
10.500 59 4
10.625 60 5
10.750 57 2
10.875 59 4
12.250 60 5
12.375 60 5
12.500 60 5
12.625 62 7
12.750 59 4
12.875 60 5
14.250 62 7
14.375 62 7
14.500 62 7
14.625 62 7
14.875 62 7
15.000 60 5
15.125 60 5
15.375 60 5
15.500 59 4
15.625 59 4
15.875 59 4
16.125 57 2
16.250 55 0
16.375 54 11
18.500 64 9
18.625 66 11
18.875 67 0
19.000 67 0
19.250 62 7
19.375 62 7
19.500 59 4
19.625 59 4
20.250 59 4
20.375 59 4
20.500 62 7
20.625 57 2
20.875 55 0
22.250 64 9
22.500 66 11
22.625 67 0
22.875 67 0
22.938 62 7
23.125 62 7
23.375 62 7
23.438 59 4
24.250 55 0
24.375 55 0
24.500 55 0
24.625 57 2
25.000 59 4
25.375 60 5
25.438 59 4
25.500 57 2
26.125 59 4
26.250 59 4
26.375 57 2
26.500 59 4
26.625 60 5
26.750 57 2
26.875 59 4
28.125 60 5
28.250 60 5
28.375 60 5
28.500 60 5
28.625 62 7
28.875 60 5
30.250 62 7
30.375 62 7
30.625 62 7
30.875 62 7
31.000 60 5
31.125 60 5
31.375 60 5
31.625 60 5
31.750 62 7
31.875 60 5
32.125 59 4
32.250 57 2
32.375 59 4
32.500 57 2
32.625 59 4
32.688 57 2
32.750 55 0
34.125 59 4
34.250 59 4
34.375 59 4
34.500 59 4
34.625 60 5
34.875 59 4
36.250 60 5
36.375 60 5
36.500 60 5
36.625 62 7
36.875 60 5
38.500 62 7
38.625 62 7
38.875 62 7
39.000 62 7
39.125 62 7
39.375 60 5
39.500 60 5
39.625 59 4
39.875 59 4
40.125 57 2
40.438 55 0
40.500 54 11
42.250 64 9
42.500 66 11
42.625 67 0
42.875 67 0
43.000 62 7
43.250 62 7
43.375 62 7
43.500 59 4
43.625 59 4
44.250 59 4
44.375 59 4
44.500 62 7
44.625 57 2
44.875 55 0
46.250 64 9
46.500 66 11
46.625 67 0
46.875 67 0
46.938 62 7
47.125 62 7
47.375 62 7
47.438 59 4
48.250 55 0
48.375 55 0
48.500 55 0
48.625 57 2
49.000 59 4
49.312 60 5
49.375 59 4
49.438 57 2
50.750 64 9
50.833 66 11
50.917 67 0
51.000 66 11
51.333 64 9
51.417 62 7
51.583 64 9
51.625 62 7
51.667 59 4
52.583 64 9
52.833 62 7
52.917 64 9
53.000 59 4
53.333 57 2
53.417 55 0
53.500 57 2
53.750 59 4
53.792 57 2
53.833 55 0
54.667 59 4
54.750 62 7
54.875 62 7
54.917 59 4
55.000 64 9
55.083 66 11
55.333 62 7
55.500 64 9
55.542 62 7
55.583 59 4
56.583 52 9
56.667 55 0
56.750 52 9
57.000 55 0
57.083 59 4
57.250 57 2
57.333 55 0
57.417 59 4
57.583 62 7
58.167 57 2
58.250 55 0
58.333 55 0
59.000 59 4
59.500 57 2
59.667 55 0
60.500 59 4
60.833 60 5
61.000 59 4
61.062 57 2
61.125 55 0
62.375 59 4
62.500 59 4
62.625 60 5
62.750 57 2
62.875 59 4
64.375 60 5
64.500 60 5
64.625 60 5
64.688 62 7
64.875 60 5
66.250 62 7
66.375 62 7
66.625 62 7
66.875 62 7
66.938 60 5
67.250 60 5
67.375 60 5
67.625 60 5
67.688 62 7
67.875 60 5
68.000 59 4
68.188 59 4
68.250 57 2
68.375 59 4
68.438 57 2
68.500 55 0
70.500 59 4
70.625 60 5
70.750 57 2
70.875 59 4
72.250 60 5
72.375 60 5
72.500 60 5
72.625 62 7
72.750 60 5
72.875 60 5
74.250 62 7
74.375 62 7
74.500 62 7
74.625 62 7
74.875 62 7
75.000 60 5
75.125 60 5
75.375 60 5
75.625 62 7
75.875 60 5
76.000 59 4
76.250 57 2
76.375 55 0
77.375 50 7
77.500 52 9
77.625 55 0
77.750 55 0
77.875 52 9
78.500 59 4
78.625 60 5
78.750 57 2
78.875 59 4
80.375 60 5
80.500 60 5
80.625 60 5
80.688 62 7
80.875 60 5
82.250 62 7
82.375 62 7
82.625 62 7
82.875 62 7
82.938 60 5
83.250 60 5
83.375 60 5
83.625 60 5
83.688 62 7
83.875 60 5
84.000 59 4
84.188 59 4
84.250 57 2
84.375 59 4
84.438 57 2
84.500 55 0
85.375 50 7
85.500 52 9
85.625 55 0
85.750 55 0
85.875 52 9
86.500 59 4
86.625 60 5
86.750 57 2
86.875 59 4
88.375 60 5
88.500 60 5
88.625 60 5
88.688 62 7
88.875 60 5
90.250 62 7
90.375 62 7
90.625 62 7
90.875 62 7
90.938 60 5
91.250 60 5
91.375 60 5
91.625 60 5
91.688 62 7
91.875 60 5
92.000 59 4
92.188 59 4
92.250 57 2
92.375 59 4
92.438 57 2
92.500 55 0
93.375 50 7
93.500 52 9
93.625 55 0
93.750 55 0
93.875 52 9
94.500 59 4
94.625 60 5
94.750 57 2
94.875 59 4
96.375 60 5
96.500 60 5
96.625 60 5
96.688 62 7
96.875 60 5
98.250 62 7
98.375 62 7
98.625 62 7
98.875 62 7
98.938 60 5
99.250 60 5
99.375 60 5
99.625 60 5
99.688 62 7
99.875 60 5
100.000 59 4
100.188 59 4
100.250 57 2
100.375 59 4
100.438 57 2
100.500 55 0
101.375 50 7
101.500 52 9
101.625 55 0
101.750 55 0
101.875 52 9
102.500 59 4
102.625 60 5
102.750 57 2
102.875 59 4
104.375 60 5
104.500 60 5
104.625 60 5
104.688 62 7
104.875 60 5
106.250 62 7
106.375 62 7
106.625 62 7
106.875 62 7
106.938 60 5
107.250 60 5
107.375 60 5
107.625 60 5
107.688 62 7
107.875 60 5
108.000 59 4
108.188 59 4
108.250 57 2
108.375 59 4
108.438 57 2
108.500 55 0
109.375 50 7
109.500 52 9
109.625 55 0
109.750 55 0
109.875 52 9
110.500 59 4
110.625 60 5
110.750 57 2
110.875 59 4
112.375 60 5
112.500 60 5
112.625 60 5
112.688 62 7
112.875 60 5
114.250 62 7
114.375 62 7
114.625 62 7
114.875 62 7
114.938 60 5
115.250 60 5
115.375 60 5
115.625 60 5
115.688 62 7
115.875 60 5
116.000 59 4
116.188 59 4
116.250 57 2
116.375 59 4
116.438 57 2
116.500 55 0
117.375 50 7
117.500 52 9
117.625 55 0
117.750 55 0
117.875 52 9
118.500 59 4
118.625 60 5
118.750 57 2
118.875 59 4
120.375 60 5
120.500 60 5
120.625 60 5
120.688 62 7
120.875 60 5
122.250 62 7
122.375 62 7
122.625 62 7
122.875 62 7
122.938 60 5
123.250 60 5
123.375 60 5
123.625 60 5
123.688 62 7
123.875 60 5
124.000 59 4
124.188 59 4
124.250 57 2
124.375 59 4
124.438 57 2
124.500 55 0
125.375 50 7
125.500 52 9
125.625 55 0
125.750 55 0
125.875 52 9
