24.000 68 7
24.125 68 7
24.250 68 7
24.375 68 7
24.750 66 5
24.875 65 4
25.000 66 5
25.250 68 7
25.375 64 3
25.625 63 2
25.750 61 0
25.875 66 5
26.125 65 4
26.250 61 0
26.375 66 5
26.750 66 5
27.125 66 5
27.250 65 4
27.375 63 2
27.625 61 0
27.750 61 0
27.875 66 5
28.125 65 4
28.250 61 0
28.375 66 5
28.625 65 4
28.750 61 0
28.875 66 5
29.125 65 4
29.250 61 0
29.375 66 5
29.625 66 5
29.875 66 5
30.125 65 4
32.000 68 7
32.125 68 7
32.375 68 7
32.750 66 5
32.875 65 4
33.000 66 5
33.125 68 7
33.375 65 4
33.750 68 7
34.000 66 5
34.125 65 4
34.250 61 0
34.375 66 5
34.625 65 4
34.750 61 0
35.000 66 5
35.125 66 5
35.250 68 7
35.375 66 5
35.625 65 4
35.750 66 5
35.875 65 4
36.000 66 5
36.125 65 4
36.250 66 5
36.375 65 4
36.500 66 5
36.875 61 0
37.000 66 5
37.125 66 5
37.250 66 5
37.500 66 5
37.625 68 7
37.875 66 5
38.125 65 4
40.000 68 7
40.750 70 9
40.875 68 7
41.000 68 7
41.125 66 5
41.250 66 5
41.500 66 5
41.750 66 5
41.875 66 5
42.125 65 4
44.000 68 7
44.375 66 5
44.625 65 4
44.875 66 5
45.125 65 4
45.250 61 0
45.500 63 2
45.750 65 4
45.875 61 0
56.000 68 7
56.125 68 7
56.375 68 7
56.750 66 5
56.875 65 4
57.000 66 5
57.125 68 7
57.375 63 2
57.750 61 0
58.000 66 5
58.250 66 5
58.625 66 5
58.750 65 4
58.875 66 5
59.000 66 5
59.125 65 4
59.875 68 7
60.000 66 5
60.250 66 5
60.375 65 4
60.500 66 5
60.625 66 5
61.000 66 5
61.125 65 4
61.375 66 5
61.750 66 5
62.000 66 5
62.125 65 4
62.250 61 0
62.375 66 5
62.625 65 4
62.750 61 0
62.875 61 0
63.875 66 5
64.000 68 7
64.250 68 7
64.375 68 7
64.625 68 7
64.750 66 5
64.875 65 4
65.000 66 5
65.250 68 7
65.500 64 3
65.625 63 2
65.750 61 0
66.000 66 5
66.125 65 4
66.250 61 0
66.375 66 5
66.750 68 7
66.875 66 5
67.000 65 4
67.125 61 0
67.875 68 7
68.000 66 5
68.250 66 5
68.375 65 4
68.500 66 5
68.750 66 5
69.125 66 5
69.250 65 4
69.375 66 5
69.750 66 5
69.875 66 5
70.125 65 4
70.250 61 0
70.375 66 5
70.750 68 7
70.875 66 5
71.000 65 4
71.125 61 0
72.000 68 7
72.750 70 9
72.875 68 7
73.000 68 7
73.125 66 5
73.250 66 5
73.500 66 5
73.750 66 5
73.875 66 5
74.125 65 4
75.375 73 0
75.625 73 0
76.000 73 0
76.375 70 9
76.625 68 7
76.875 70 9
77.125 68 7
77.250 66 5
77.375 65 4
77.500 66 5
77.750 68 7
77.875 66 5
78.000 65 4
78.125 61 0
94.625 73 0
95.000 73 0
95.250 73 0
95.500 70 9
95.750 68 7
96.000 70 9
96.375 68 7
96.625 68 7
96.875 68 7
97.125 66 5
97.250 66 5
97.500 66 5
97.750 68 7
97.875 66 5
98.125 65 4
99.750 68 7
100.250 66 5
100.375 65 4
100.500 66 5
100.625 65 4
100.750 61 0
100.875 66 5
101.125 65 4
101.250 61 0
101.500 63 2
101.750 65 4
101.875 61 0
104.000 68 7
104.375 70 9
104.625 73 0
104.875 75 2
105.125 73 0
105.250 73 0
105.375 70 9
105.500 73 0
105.625 70 9
105.750 68 7
105.875 70 9
106.125 73 0
106.250 70 9
106.375 68 7
107.000 70 9
107.125 68 7
107.250 65 4
107.375 70 9
107.625 70 9
108.000 70 9
108.375 68 7
108.625 66 5
108.875 66 5
109.125 65 4
109.250 61 0
109.500 63 2
109.750 65 4
109.875 65 4
110.000 63 2
110.125 61 0
145.000 51 0
145.125 49 10
145.250 46 7
145.375 44 5
146.000 51 0
146.125 49 10
146.250 46 7
146.375 44 5
146.625 42 3
147.000 51 0
147.125 49 10
147.250 46 7
147.375 44 5
148.250 58 7
148.500 58 7
148.750 56 5
148.875 54 3
149.000 58 7
149.125 56 5
149.250 54 3
149.375 58 7
149.500 56 5
149.625 58 7
150.625 56 5
150.750 58 7
151.000 58 7
151.125 58 7
151.250 58 7
151.375 56 5
151.500 54 3
151.625 51 0
153.000 58 7
153.125 58 7
153.250 61 10
153.375 56 5
153.500 58 7
154.250 63 0
154.625 61 10
155.000 63 0
155.125 61 10
155.250 58 7
155.375 56 5
155.625 54 3
157.000 58 7
157.250 56 5
157.375 58 7
157.500 56 5
157.625 58 7
157.750 56 5
157.875 58 7
158.000 56 5
158.125 58 7
158.250 56 5
158.375 58 7
158.500 70 7
158.750 70 7
159.000 70 7
159.125 70 7
159.250 70 7
159.375 68 5
159.625 66 3
159.875 66 3
160.000 70 7
160.125 73 10
160.250 70 7
160.375 70 7
160.500 68 5
160.625 66 3
160.750 68 5
160.875 66 3
161.000 70 7
161.125 68 5
161.250 66 3
161.375 70 7
162.125 75 0
162.625 73 10
162.875 70 7
163.000 75 0
163.125 73 10
163.250 70 7
163.375 68 5
163.625 66 3
164.625 68 5
164.875 66 3
165.000 70 7
165.125 70 7
165.250 73 10
165.375 68 5
165.500 70 7
165.625 73 10
165.750 70 7
165.875 73 10
166.000 70 7
166.125 70 7
166.250 70 7
166.375 70 7
166.500 68 5
166.625 66 3
166.750 68 5
166.875 66 3
167.000 70 7
167.125 70 7
167.250 70 7
167.375 68 5
167.500 66 3
167.625 63 0
169.000 70 7
169.125 68 5
169.250 66 3
169.375 70 7
169.500 68 5
169.625 70 7
170.375 70 7
170.625 70 7
170.750 73 10
170.875 70 7
171.000 70 7
171.125 70 7
171.250 70 7
171.375 68 5
171.625 66 3
172.000 75 0
172.167 73 10
172.333 70 7
172.500 69 6
172.667 68 5
172.833 66 3
173.000 63 0
173.625 70 7
173.875 68 5
174.000 66 3
174.125 63 0
174.625 70 7
175.000 70 7
175.125 73 10
175.250 70 7
175.375 73 10
175.500 70 7
175.625 70 7
175.750 68 5
175.875 66 3
176.000 70 7
176.125 73 10
176.250 70 7
176.375 73 10
176.500 75 0
176.625 73 10
176.750 70 7
176.875 70 7
177.000 68 5
177.125 66 3
177.250 63 0
177.750 61 10
178.000 63 0
