14.125 67 3
14.250 67 3
14.375 67 3
14.500 67 3
14.875 59 7
15.000 62 10
15.062 62 10
15.125 62 10
15.250 62 10
15.375 64 0
16.125 62 10
16.188 62 10
16.375 62 10
16.500 62 10
16.625 64 0
16.875 64 0
17.000 62 10
17.125 58 6
17.250 57 5
17.375 57 5
17.500 55 3
18.125 62 10
18.250 62 10
18.375 62 10
18.500 62 10
18.625 64 0
18.875 64 0
19.000 62 10
19.125 59 7
19.188 57 5
19.250 57 5
19.375 57 5
19.500 55 3
20.125 62 10
20.188 62 10
20.250 62 10
20.375 62 10
20.500 64 0
20.750 64 0
20.875 59 7
21.000 62 10
21.125 61 9
21.250 57 5
21.375 57 5
21.500 55 3
21.625 62 10
21.750 64 0
21.812 62 10
21.875 64 0
22.625 60 8
22.750 62 10
22.875 64 0
23.125 62 10
23.250 57 5
23.375 55 3
23.875 65 1
24.062 64 0
24.094 65 1
24.125 64 0
24.250 62 10
24.375 64 0
24.750 62 10
24.875 64 0
25.375 58 6
25.500 57 5
25.625 57 5
25.750 55 3
26.125 62 10
26.250 64 0
26.625 67 3
27.000 67 3
27.250 66 2
27.500 66 2
27.750 64 0
28.000 64 0
28.125 62 10
29.500 62 10
29.625 62 10
29.750 62 10
29.875 64 0
31.125 62 10
31.250 62 10
31.375 62 10
31.500 61 9
31.625 59 7
31.750 62 10
31.875 64 0
32.125 62 10
32.188 59 7
32.250 61 9
33.125 62 10
33.250 62 10
33.375 62 10
33.625 62 10
33.750 62 10
33.875 64 0
36.125 67 3
36.250 67 3
36.375 67 3
36.500 67 3
36.875 59 7
37.000 62 10
37.062 62 10
37.125 62 10
37.250 62 10
37.375 64 0
38.125 62 10
38.188 62 10
38.375 62 10
38.500 64 0
38.875 64 0
39.000 62 10
39.125 58 6
39.250 57 5
39.375 57 5
39.500 55 3
40.125 62 10
40.250 62 10
40.375 62 10
40.500 62 10
40.625 64 0
40.875 64 0
41.000 62 10
41.125 59 7
41.188 57 5
41.250 57 5
41.375 57 5
41.500 55 3
42.125 62 10
42.250 62 10
42.375 62 10
42.500 64 0
42.750 64 0
42.875 64 0
43.000 62 10
43.125 61 9
43.250 57 5
43.375 57 5
43.500 55 3
43.625 62 10
43.750 64 0
43.812 62 10
43.875 64 0
44.625 60 8
44.750 62 10
44.875 64 0
45.125 62 10
45.250 57 5
45.375 55 3
45.875 65 1
46.000 64 0
46.062 65 1
46.125 64 0
46.250 62 10
46.375 64 0
46.750 62 10
46.875 69 5
47.125 70 6
47.188 69 5
47.375 67 3
47.562 64 0
47.875 67 3
48.750 76 0
50.000 74 10
58.375 66 2
58.625 64 0
59.375 64 0
59.625 64 0
60.375 67 3
60.500 66 2
60.625 64 0
61.375 64 0
61.625 64 0
62.375 67 3
62.500 67 3
62.625 66 2
62.875 64 0
63.000 66 2
63.625 66 2
63.750 67 3
63.875 69 5
64.625 67 3
65.000 71 7
65.125 67 3
65.375 64 0
65.625 71 7
65.875 76 0
67.500 67 3
67.625 66 2
67.750 66 2
67.875 64 0
68.000 64 0
68.125 61 9
74.125 67 3
74.250 67 3
74.375 67 3
74.500 67 3
74.875 59 7
75.000 62 10
75.125 62 10
75.188 62 10
75.250 62 10
75.375 64 0
76.125 62 10
76.188 62 10
76.375 62 10
76.500 64 0
76.875 64 0
77.000 62 10
77.125 58 6
77.250 57 5
77.375 57 5
77.500 55 3
78.125 62 10
78.250 62 10
78.375 62 10
78.500 62 10
78.625 64 0
78.875 64 0
79.000 62 10
79.125 59 7
79.188 57 5
79.250 57 5
79.375 57 5
79.500 55 3
80.125 62 10
80.188 62 10
80.375 62 10
80.500 62 10
80.625 64 0
80.875 64 0
81.000 62 10
81.125 61 9
81.250 57 5
81.375 57 5
81.500 55 3
81.625 62 10
81.750 64 0
81.812 62 10
81.875 64 0
82.625 60 8
82.750 62 10
82.875 64 0
83.125 62 10
83.250 62 10
83.875 65 1
84.062 64 0
84.094 65 1
84.125 64 0
84.250 62 10
84.375 64 0
84.750 62 10
84.875 69 5
85.000 62 10
85.125 64 0
85.375 67 3
85.875 69 5
86.375 67 3
86.750 76 0
88.125 79 3
89.625 62 10
89.750 64 0
89.812 62 10
89.875 64 0
91.500 67 3
91.625 66 2
91.750 66 2
91.875 64 0
92.000 64 0
92.125 62 10
93.625 62 10
93.750 64 0
93.812 62 10
93.875 64 0
95.125 62 10
95.250 64 0
95.375 64 0
95.500 67 3
95.625 66 2
95.750 67 3
95.875 64 0
96.000 64 0
96.125 61 9
97.625 62 10
97.750 64 0
97.812 62 10
97.875 64 0
98.125 62 10
98.188 59 7
98.250 61 9
99.125 62 10
99.250 64 0
99.375 64 0
99.500 71 7
99.625 69 5
99.750 69 5
99.875 67 3
100.000 69 5
100.125 64 0
100.250 64 0
100.375 61 9
101.500 71 7
101.625 69 5
101.750 69 5
101.875 67 3
102.000 69 5
102.125 64 0
102.250 64 0
102.375 57 5
103.500 71 7
103.625 69 5
103.750 69 5
103.875 67 3
104.000 69 5
104.125 64 0
104.250 64 0
104.375 59 7
105.125 62 10
105.250 64 0
105.375 64 0
105.500 71 7
105.625 69 5
105.750 69 5
105.875 67 3
106.000 69 5
106.125 64 0
106.250 64 0
106.375 59 7
106.750 76 0
107.125 76 0
109.875 64 0
110.000 62 10
110.062 64 0
