4.000 59 2
4.062 60 3
4.125 61 4
4.250 61 4
4.312 59 2
4.375 57 0
4.438 59 2
4.562 59 2
4.625 59 2
4.688 52 7
5.000 59 2
5.062 61 4
5.250 61 4
5.312 61 4
5.375 57 0
5.438 59 2
6.000 61 4
6.125 61 4
6.188 61 4
6.312 59 2
6.375 57 0
6.500 59 2
6.625 59 2
6.688 61 4
6.875 55 10
6.938 55 10
7.000 57 0
7.188 57 0
7.312 54 9
7.438 57 0
8.000 59 2
8.062 61 4
8.188 57 0
8.250 61 4
8.312 59 2
8.438 59 2
8.562 59 2
8.625 59 2
8.688 52 7
9.000 60 3
9.125 61 4
9.250 61 4
9.312 61 4
9.375 57 0
9.438 59 2
9.938 52 7
10.000 59 2
10.062 61 4
10.125 61 4
10.188 61 4
10.375 59 2
10.438 57 0
10.500 59 2
10.562 59 2
10.688 61 4
10.875 55 10
10.938 55 10
11.000 55 10
11.125 55 10
11.188 55 10
11.312 55 10
11.375 60 3
11.438 57 0
11.500 50 5
11.938 57 0
12.000 59 2
12.062 59 2
12.188 59 2
12.312 59 2
12.375 59 2
12.438 59 2
12.500 61 4
12.562 61 4
12.625 61 4
12.688 66 9
12.938 64 7
13.125 61 4
13.188 61 4
13.250 61 4
13.312 61 4
13.438 62 5
14.125 59 2
14.188 59 2
14.250 59 2
14.312 59 2
14.375 59 2
14.438 61 4
14.625 66 9
14.875 64 7
15.000 67 10
15.125 64 7
15.250 64 7
15.375 61 4
15.438 64 7
15.750 59 2
15.812 57 0
15.938 59 2
17.000 62 5
17.250 62 5
17.500 62 5
17.625 57 0
17.875 57 0
22.000 60 3
22.062 61 4
22.250 61 4
22.312 61 4
22.375 57 0
22.438 59 2
22.562 59 2
22.750 59 2
23.125 60 3
23.188 61 4
23.250 61 4
23.312 61 4
23.375 61 4
24.062 57 0
24.125 61 4
24.188 61 4
24.250 61 4
24.312 59 2
24.375 57 0
24.438 59 2
24.562 59 2
24.688 61 4
24.875 55 10
24.938 55 10
25.000 55 10
25.062 55 10
25.125 55 10
25.188 55 10
25.250 57 0
25.312 57 0
25.438 57 0
25.938 64 7
26.000 64 7
26.125 64 7
26.250 64 7
26.375 62 5
26.500 62 5
26.562 62 5
26.625 62 5
26.688 64 7
26.938 57 0
27.000 64 7
27.125 64 7
27.188 64 7
27.312 62 5
27.438 62 5
28.125 64 7
28.188 64 7
28.312 62 5
28.375 61 4
28.438 62 5
28.562 62 5
28.688 64 7
28.875 57 0
28.938 57 0
29.000 57 0
29.125 57 0
29.188 57 0
29.312 57 0
29.438 57 0
29.938 57 0
30.000 59 2
30.062 59 2
30.188 59 2
30.250 59 2
30.438 59 2
30.500 61 4
30.562 61 4
30.688 66 9
30.875 66 9
30.938 69 0
31.125 64 7
31.250 64 7
31.312 62 5
31.375 61 4
31.438 64 7
32.062 55 10
32.125 59 2
32.188 59 2
32.250 59 2
32.312 59 2
32.375 57 0
32.438 59 2
32.562 61 4
32.688 66 9
32.812 66 9
32.938 67 10
33.125 64 7
33.188 67 10
33.312 57 0
33.438 60 3
33.625 57 0
33.688 57 0
33.750 57 0
33.812 57 0
33.875 59 2
35.000 62 5
35.250 59 2
35.500 59 2
35.625 54 9
35.875 59 2
40.000 60 3
40.062 60 3
40.125 60 3
40.188 60 3
40.375 57 0
40.438 57 0
40.500 59 2
40.625 59 2
40.750 61 4
41.000 60 3
41.062 61 4
41.125 61 4
41.188 61 4
41.250 61 4
41.312 59 2
41.375 57 0
41.500 59 2
41.875 59 2
41.938 60 3
42.000 61 4
42.062 61 4
42.125 62 5
42.188 64 7
42.312 57 0
42.375 59 2
42.562 59 2
42.688 60 3
42.812 55 10
42.875 55 10
43.000 57 0
43.125 57 0
43.188 57 0
43.312 52 7
43.438 50 5
43.875 64 7
43.938 64 7
44.000 64 7
44.188 64 7
44.250 64 7
44.438 62 5
44.500 62 5
44.562 62 5
44.688 64 7
44.875 57 0
44.938 57 0
45.000 60 3
45.062 60 3
45.125 60 3
45.188 60 3
45.250 60 3
45.312 57 0
45.438 59 2
46.000 61 4
46.062 61 4
46.125 61 4
46.188 61 4
46.250 61 4
46.375 59 2
46.438 57 0
46.500 59 2
46.562 59 2
46.688 61 4
46.875 55 10
46.938 55 10
47.062 57 0
47.188 57 0
47.312 57 0
47.375 57 0
47.438 62 5
48.000 59 2
48.062 59 2
48.188 59 2
48.250 59 2
48.438 57 0
48.500 59 2
48.562 61 4
48.625 64 7
48.875 61 4
48.938 64 7
49.125 61 4
49.250 64 7
49.375 61 4
49.438 62 5
50.000 57 0
50.062 59 2
50.188 59 2
50.250 59 2
50.312 57 0
50.375 61 4
50.438 61 4
50.812 62 5
50.875 64 7
51.000 67 10
51.062 67 10
51.125 64 7
51.250 67 10
51.375 62 5
51.438 67 10
51.688 57 0
51.750 57 0
51.812 57 0
51.938 59 2
53.000 62 5
53.250 60 3
53.500 62 5
53.625 57 0
54.000 59 2
58.000 61 4
58.062 61 4
58.250 61 4
58.312 61 4
58.375 59 2
58.438 57 0
58.500 59 2
58.625 57 0
58.750 59 2
58.875 57 0
58.938 60 3
59.062 61 4
59.250 61 4
59.312 61 4
59.375 57 0
59.438 59 2
59.938 57 0
60.000 60 3
60.125 61 4
60.250 61 4
60.312 61 4
60.375 59 2
60.438 57 0
60.500 60 3
60.562 60 3
60.625 57 0
60.688 60 3
60.875 55 10
60.938 55 10
61.000 57 0
61.188 55 10
61.375 57 0
61.562 54 9
62.000 64 7
62.125 64 7
62.188 64 7
62.375 62 5
62.438 61 4
62.500 62 5
62.625 59 2
62.750 54 9
62.875 55 10
63.000 57 0
63.062 57 0
63.125 57 0
63.188 57 0
63.250 61 4
63.312 57 0
63.438 59 2
63.875 59 2
63.938 59 2
64.000 61 4
64.125 61 4
64.188 61 4
64.438 57 0
64.500 59 2
64.562 59 2
64.625 59 2
64.688 62 5
64.812 55 10
64.875 55 10
65.000 55 10
65.062 55 10
65.125 60 3
65.188 57 0
65.250 60 3
65.375 55 10
65.438 50 5
65.938 59 2
66.062 59 2
66.188 59 2
66.250 59 2
66.312 59 2
66.375 57 0
66.438 59 2
66.500 61 4
66.625 61 4
66.688 66 9
66.875 61 4
67.000 64 7
67.062 62 5
67.125 61 4
67.188 64 7
67.312 62 5
67.375 61 4
67.438 64 7
67.938 57 0
68.000 59 2
68.125 59 2
68.188 64 7
68.375 59 2
68.438 59 2
68.500 61 4
68.562 61 4
68.625 61 4
68.688 66 9
68.812 61 4
68.875 61 4
68.938 62 5
69.000 62 5
69.062 64 7
69.188 64 7
69.250 64 7
69.375 61 4
69.438 64 7
69.688 57 0
69.750 59 2
69.812 57 0
69.938 59 2
71.000 62 5
71.250 59 2
71.500 62 5
71.625 57 0
71.875 59 2
76.000 60 3
76.062 60 3
76.188 57 0
76.250 60 3
76.375 57 0
76.438 60 3
76.562 57 0
76.625 60 3
76.938 57 0
77.000 60 3
77.062 60 3
77.188 60 3
77.375 57 0
77.438 60 3
77.938 57 0
78.000 60 3
78.062 60 3
78.188 60 3
78.250 57 0
78.375 57 0
78.438 57 0
78.500 59 2
78.625 59 2
78.688 60 3
78.938 55 10
79.000 55 10
79.062 55 10
79.125 55 10
79.250 60 3
79.312 52 7
79.438 50 5
79.875 62 5
79.938 64 7
80.000 64 7
80.125 64 7
80.188 64 7
80.438 57 0
80.500 62 5
80.562 62 5
80.688 62 5
80.938 52 7
81.000 64 7
81.125 64 7
81.188 64 7
81.312 61 4
81.375 62 5
82.000 64 7
82.062 64 7
82.188 64 7
82.312 62 5
82.375 61 4
82.500 62 5
82.562 62 5
82.688 64 7
82.750 64 7
82.875 59 2
82.938 55 10
83.000 57 0
83.062 57 0
83.250 57 0
83.312 52 7
83.438 52 7
83.938 57 0
84.000 59 2
84.125 59 2
84.188 59 2
84.250 59 2
84.312 59 2
84.438 61 4
84.562 62 5
84.750 64 7
84.812 64 7
84.938 64 7
85.125 64 7
85.250 64 7
85.312 61 4
85.438 64 7
86.000 59 2
86.125 59 2
86.188 60 3
86.438 60 3
86.500 61 4
86.562 62 5
86.688 64 7
86.812 61 4
86.875 62 5
86.938 64 7
87.125 67 10
87.188 64 7
87.250 62 5
87.312 61 4
87.438 64 7
87.688 59 2
87.812 59 2
87.875 57 0
87.938 59 2
89.000 64 7
89.250 61 4
89.500 64 7
89.625 57 0
89.875 59 2
93.875 60 3
94.000 60 3
94.125 60 3
94.188 60 3
94.312 60 3
94.438 59 2
94.500 59 2
94.562 59 2
94.750 60 3
94.938 52 7
95.000 60 3
95.125 60 3
95.250 60 3
95.375 57 0
95.438 59 2
95.875 59 2
95.938 59 2
96.000 61 4
96.125 61 4
96.188 61 4
96.312 61 4
96.375 62 5
96.500 62 5
96.625 62 5
96.688 64 7
96.812 57 0
96.875 60 3
96.938 60 3
97.000 60 3
97.062 55 10
97.250 55 10
97.375 57 0
97.438 57 0
97.875 64 7
98.000 64 7
98.125 64 7
98.188 64 7
98.250 64 7
98.375 61 4
98.438 62 5
98.562 62 5
98.625 62 5
98.750 64 7
98.938 57 0
99.000 64 7
99.062 64 7
99.125 64 7
99.250 64 7
99.312 62 5
99.375 61 4
99.438 64 7
100.000 64 7
100.062 64 7
100.188 64 7
100.250 64 7
100.312 64 7
100.375 61 4
100.438 62 5
100.625 62 5
100.688 64 7
100.875 57 0
101.062 61 4
101.250 61 4
101.312 57 0
101.438 57 0
101.938 57 0
102.000 59 2
102.062 59 2
102.188 59 2
102.312 57 0
102.438 57 0
102.500 61 4
102.562 61 4
102.625 62 5
102.750 64 7
102.938 64 7
103.125 61 4
103.188 64 7
103.375 61 4
103.438 64 7
103.938 57 0
104.000 59 2
104.125 59 2
104.188 59 2
104.312 57 0
104.375 59 2
104.438 61 4
104.500 61 4
104.562 66 9
104.812 61 4
104.938 62 5
105.000 64 7
105.062 61 4
105.250 61 4
105.312 59 2
105.438 60 3
105.625 57 0
105.688 57 0
105.750 57 0
105.875 54 9
106.000 59 2
107.000 64 7
107.250 60 3
107.500 64 7
107.625 57 0
107.875 62 5
108.312 61 4
108.375 57 0
108.438 54 9
108.500 52 7
111.875 64 7
112.000 64 7
112.062 64 7
112.250 64 7
112.312 55 10
112.500 64 7
112.625 60 3
112.688 62 5
112.812 57 0
112.875 57 0
112.938 57 0
113.000 60 3
113.062 60 3
113.125 63 6
113.312 57 0
113.438 57 0
114.000 64 7
114.125 64 7
114.188 64 7
114.312 62 5
114.375 61 4
114.500 62 5
114.625 62 5
114.688 64 7
114.812 57 0
114.875 57 0
114.938 57 0
115.000 60 3
115.125 55 10
115.250 55 10
115.312 55 10
115.375 57 0
116.000 64 7
116.062 64 7
116.250 64 7
116.375 61 4
116.438 64 7
116.562 59 2
117.000 62 5
117.062 64 7
117.250 64 7
117.312 62 5
117.375 61 4
117.500 64 7
117.875 64 7
118.000 64 7
118.062 64 7
118.188 64 7
118.250 64 7
118.312 61 4
118.438 64 7
118.500 64 7
118.812 59 2
118.875 59 2
118.938 57 0
119.000 60 3
119.062 60 3
119.188 60 3
119.312 57 0
119.375 55 10
119.438 55 10
119.938 59 2
120.000 59 2
120.062 59 2
120.375 59 2
120.500 61 4
120.625 61 4
120.688 66 9
120.938 64 7
121.000 67 10
121.062 64 7
121.125 64 7
121.188 62 5
121.250 64 7
121.312 62 5
121.438 64 7
122.000 59 2
122.062 59 2
122.250 59 2
122.375 57 0
122.500 64 7
122.625 59 2
122.688 61 4
122.812 64 7
122.875 64 7
123.000 67 10
123.062 64 7
123.188 61 4
123.250 61 4
123.312 59 2
123.375 57 0
123.438 61 4
123.812 57 0
123.938 59 2
125.000 64 7
125.250 62 5
125.500 64 7
125.625 61 4
126.000 62 5
126.562 61 4
126.625 57 0
126.750 55 10
