4.250 61 4
4.375 57 0
4.500 64 7
4.750 64 7
4.875 61 4
5.062 59 2
5.125 57 0
6.250 62 5
6.375 62 5
6.500 61 4
6.625 59 2
6.750 57 0
6.875 61 4
7.000 59 2
8.250 61 4
8.375 57 0
8.500 64 7
8.750 59 2
8.875 61 4
9.062 59 2
9.125 57 0
10.250 62 5
10.375 62 5
10.500 61 4
10.625 59 2
10.750 57 0
10.875 61 4
11.000 59 2
12.375 57 0
12.500 57 0
12.750 59 2
12.875 56 11
14.375 55 10
14.500 55 10
14.750 57 0
14.875 54 9
15.500 59 2
15.750 61 4
15.875 62 5
16.375 59 2
16.500 59 2
16.750 57 0
16.875 54 9
17.000 52 7
17.625 61 4
17.750 59 2
17.875 59 2
18.000 57 0
22.250 61 4
22.375 57 0
22.500 64 7
22.750 64 7
22.875 61 4
23.062 59 2
23.125 57 0
24.250 62 5
24.375 62 5
24.500 61 4
24.625 59 2
24.750 57 0
24.875 61 4
25.000 59 2
26.250 61 4
26.375 57 0
26.500 64 7
26.750 66 9
26.875 61 4
28.250 62 5
28.375 62 5
28.500 61 4
28.625 59 2
28.750 57 0
28.875 61 4
29.000 59 2
30.375 57 0
30.500 57 0
30.750 59 2
30.875 56 11
32.375 55 10
32.500 55 10
32.750 57 0
32.875 54 9
33.500 59 2
33.750 61 4
33.875 62 5
34.375 59 2
34.500 59 2
34.750 57 0
34.875 56 11
34.938 54 9
35.000 52 7
35.625 61 4
35.750 59 2
35.875 59 2
36.000 57 0
40.250 64 9
40.375 64 9
40.500 62 7
40.750 62 7
40.875 60 5
40.938 59 4
41.000 57 2
41.250 60 5
41.375 57 2
41.500 62 7
41.750 57 2
41.875 59 4
41.938 57 2
42.000 59 4
44.250 64 9
44.375 64 9
44.500 62 7
44.750 62 7
44.875 60 5
44.938 59 4
45.000 57 2
45.250 60 5
45.375 57 2
45.500 62 7
45.750 62 7
45.875 59 4
46.625 59 4
46.750 62 7
46.875 64 9
48.750 62 5
48.875 61 4
56.375 57 0
56.500 57 0
56.750 59 2
56.875 56 11
58.375 55 10
58.500 55 10
58.750 57 0
58.875 54 9
59.500 59 2
59.750 61 4
59.875 62 5
60.375 59 2
60.500 59 2
60.750 57 0
60.875 56 11
60.938 54 9
61.000 52 7
61.625 61 4
61.750 59 2
61.875 59 2
62.000 57 0
66.250 61 4
66.375 57 0
66.500 64 7
66.750 64 7
66.875 61 4
67.062 59 2
67.125 57 0
68.250 62 5
68.375 62 5
68.500 61 4
68.625 59 2
68.750 57 0
68.875 61 4
69.000 59 2
69.250 61 4
70.250 61 4
70.375 57 0
70.500 64 7
70.750 59 2
70.875 61 4
71.062 62 5
71.125 61 4
71.250 59 2
71.312 57 0
72.250 62 5
72.375 62 5
72.500 61 4
72.625 59 2
72.750 57 0
72.875 61 4
73.000 59 2
74.375 57 0
74.500 57 0
74.750 59 2
74.875 56 11
76.375 55 10
76.625 55 10
76.750 57 0
76.875 54 9
77.500 59 2
77.750 61 4
77.875 62 5
78.375 59 2
78.500 59 2
78.750 57 0
78.875 56 11
78.938 54 9
79.000 52 7
79.625 61 4
79.750 59 2
79.875 59 2
80.000 57 0
