4.625 64 7
5.000 64 7
5.250 63 6
5.500 62 5
5.750 61 4
5.875 62 5
6.125 64 7
7.000 64 7
7.125 64 7
7.500 62 5
7.750 61 4
7.875 64 7
9.000 64 7
9.125 64 7
9.500 62 5
9.750 61 4
9.875 62 5
10.125 64 7
10.625 66 9
10.750 64 7
11.000 67 10
11.250 66 9
11.375 64 7
11.750 62 5
12.000 60 3
12.250 60 3
12.375 59 2
12.625 57 0
13.000 60 3
13.375 54 9
14.500 54 9
14.625 57 0
15.000 60 3
15.375 54 9
16.500 66 9
16.625 64 7
17.250 67 10
17.625 66 9
18.000 64 7
18.375 62 5
18.750 64 7
19.250 67 10
19.625 64 7
20.000 62 5
20.500 64 7
20.750 60 3
21.125 57 0
22.625 64 7
23.000 64 7
23.250 64 7
23.500 62 5
23.625 61 4
23.875 62 5
24.125 64 7
25.000 64 7
25.125 64 7
25.250 63 6
25.500 62 5
25.750 61 4
26.000 64 7
26.875 64 7
27.250 63 6
27.500 62 5
27.750 61 4
28.000 62 5
28.250 64 7
28.500 66 9
28.750 64 7
28.875 67 10
29.250 66 9
29.500 64 7
29.750 62 5
30.000 60 3
30.250 60 3
30.375 59 2
30.625 57 0
31.000 60 3
31.375 54 9
32.500 54 9
32.625 57 0
33.000 60 3
33.375 54 9
34.375 66 9
34.625 64 7
35.250 67 10
35.625 66 9
36.000 64 7
36.375 62 5
36.750 64 7
37.250 67 10
37.625 64 7
38.000 62 5
38.500 64 7
38.750 60 3
39.125 57 0
60.625 64 7
61.000 64 7
61.250 63 6
61.500 62 5
61.750 61 4
61.875 62 5
62.125 64 7
62.750 64 7
63.000 64 7
63.250 63 6
63.500 62 5
63.750 61 4
64.000 64 7
64.625 64 7
65.000 64 7
65.250 63 6
65.375 62 5
65.625 62 5
65.750 61 4
66.000 62 5
66.250 64 7
66.500 66 9
66.625 64 7
67.000 67 10
67.250 66 9
67.375 64 7
67.750 62 5
68.000 60 3
68.250 60 3
68.375 59 2
68.625 57 0
69.000 60 3
69.375 54 9
70.500 54 9
70.625 57 0
71.000 60 3
71.375 54 9
72.500 66 9
72.625 64 7
73.250 67 10
73.625 66 9
74.000 64 7
74.375 62 5
74.750 64 7
75.250 67 10
75.625 64 7
76.000 62 5
76.500 64 7
76.750 60 3
77.125 57 0
78.250 64 7
78.500 64 7
78.625 64 7
78.875 64 7
79.500 62 5
79.875 61 4
80.125 64 7
81.000 64 7
81.500 62 5
81.875 61 4
82.125 64 7
83.000 64 7
83.500 62 5
83.875 60 3
84.125 57 0
84.250 60 3
84.500 59 2
84.750 57 0
84.875 60 3
85.125 57 0
85.250 54 9
86.500 54 9
86.625 57 0
87.000 60 3
87.375 54 9
88.500 66 9
88.625 64 7
89.250 67 10
89.625 66 9
90.000 64 7
90.375 62 5
90.750 64 7
91.250 67 10
91.625 64 7
92.000 62 5
92.500 64 7
92.750 60 3
93.125 57 0
