1.667 71 2
1.917 72 3
2.000 71 2
2.167 69 0
2.250 69 0
2.417 66 9
2.500 69 0
2.917 69 0
3.000 69 0
3.167 69 0
3.417 69 0
3.500 72 3
3.667 72 3
3.833 72 3
4.000 71 2
4.167 69 0
4.250 69 0
4.417 66 9
4.500 69 0
4.917 69 0
5.000 69 0
5.167 69 0
5.417 69 0
5.500 72 3
5.667 72 3
5.917 72 3
6.000 71 2
6.167 69 0
6.250 69 0
6.417 66 9
6.500 69 0
6.917 69 0
7.000 69 0
7.167 69 0
7.250 69 0
7.417 69 0
7.500 71 2
7.667 69 0
8.000 72 3
8.167 72 3
8.250 71 2
8.417 72 3
8.500 69 0
8.667 66 9
8.917 64 7
9.167 68 11
9.250 68 11
9.417 69 0
9.667 69 0
9.917 69 0
10.000 71 2
10.167 71 2
10.250 69 0
10.417 66 9
10.500 69 0
10.667 69 0
10.750 71 2
10.917 69 0
11.167 72 3
11.250 69 0
11.417 66 9
11.500 69 0
11.667 69 0
11.917 69 0
12.000 71 2
12.167 69 0
12.250 69 0
12.417 66 9
12.500 69 0
12.667 69 0
12.750 71 2
12.917 69 0
13.167 72 3
13.250 71 2
13.417 69 0
13.667 71 2
13.750 69 0
13.917 69 0
14.167 71 2
14.250 69 0
14.417 66 9
14.500 69 0
14.667 69 0
14.750 71 2
14.917 69 0
15.167 72 3
15.250 69 0
15.417 66 9
15.500 69 0
15.667 69 0
15.750 71 2
15.917 69 0
16.000 71 2
16.250 71 2
16.500 71 2
16.750 71 2
17.000 64 7
17.250 64 7
17.500 64 7
17.750 71 2
17.917 72 3
18.000 71 2
18.167 69 0
18.250 69 0
18.417 66 9
18.500 69 0
18.917 69 0
19.000 69 0
19.167 69 0
19.417 69 0
19.500 72 3
19.667 72 3
19.750 72 3
19.917 72 3
20.000 71 2
20.167 69 0
20.250 69 0
20.417 66 9
20.500 69 0
20.917 69 0
21.000 69 0
21.167 69 0
21.417 69 0
21.500 72 3
21.667 72 3
21.917 72 3
22.000 71 2
22.167 69 0
22.250 69 0
22.417 66 9
22.500 69 0
22.917 69 0
23.000 69 0
23.167 69 0
23.250 69 0
23.417 69 0
23.500 71 2
23.667 69 0
24.000 72 3
24.167 72 3
24.250 71 2
24.417 72 3
24.500 69 0
24.667 66 9
24.917 64 7
25.167 68 11
25.250 68 11
25.417 69 0
37.667 72 3
38.000 71 2
38.167 69 0
38.250 69 0
38.417 66 9
38.500 69 0
38.917 69 0
39.000 69 0
39.167 69 0
39.417 69 0
39.500 72 3
39.667 72 3
39.833 72 3
40.000 71 2
40.167 69 0
40.250 69 0
40.417 66 9
40.500 69 0
40.917 69 0
41.000 69 0
41.167 69 0
41.417 69 0
41.500 72 3
41.667 72 3
41.917 72 3
42.000 71 2
42.167 69 0
42.250 69 0
42.417 66 9
42.500 69 0
42.917 69 0
43.000 69 0
43.167 69 0
43.250 69 0
43.417 69 0
43.500 71 2
43.667 69 0
44.000 72 3
44.167 72 3
44.250 71 2
44.417 72 3
44.500 69 0
44.667 66 9
44.917 64 7
45.167 68 11
45.250 68 11
45.417 69 0
45.667 69 0
45.917 69 0
46.167 71 2
46.250 69 0
46.417 66 9
46.500 69 0
46.667 69 0
46.750 71 2
46.833 69 0
47.167 73 4
47.250 69 0
47.417 66 9
47.500 69 0
47.667 69 0
47.750 71 2
47.833 69 0
48.167 72 3
48.250 69 0
48.417 66 9
48.500 69 0
48.583 69 0
48.667 69 0
48.750 71 2
48.917 69 0
49.000 72 3
49.250 71 2
49.500 69 0
50.167 71 2
50.250 69 0
50.417 66 9
50.500 69 0
50.667 69 0
50.750 71 2
50.917 69 0
51.167 72 3
51.250 69 0
51.417 66 9
51.500 69 0
51.667 69 0
52.000 71 2
52.250 71 2
52.500 71 2
52.750 71 2
53.000 73 4
53.250 73 4
53.500 73 4
53.750 71 2
53.833 73 4
54.000 71 2
54.167 69 0
54.250 69 0
54.417 66 9
54.500 69 0
54.917 69 0
55.000 69 0
55.167 69 0
55.417 69 0
55.500 72 3
55.667 72 3
55.833 72 3
56.000 71 2
56.167 69 0
56.250 69 0
56.417 66 9
56.500 69 0
56.917 69 0
57.000 69 0
57.167 69 0
57.333 69 0
57.500 72 3
57.667 72 3
57.833 72 3
58.000 71 2
58.167 69 0
58.250 69 0
58.417 66 9
58.500 69 0
58.917 69 0
59.000 69 0
59.167 69 0
59.250 69 0
59.417 69 0
59.500 71 2
59.667 69 0
60.000 72 3
60.167 72 3
60.250 71 2
60.417 72 3
60.500 69 0
60.667 66 9
60.917 64 7
61.167 68 11
61.250 68 11
61.417 69 0
61.667 71 2
61.917 72 3
62.000 71 2
62.167 69 0
62.250 69 0
62.417 66 9
62.500 69 0
63.417 64 7
63.500 78 9
63.667 76 7
64.000 71 2
64.167 69 0
64.250 69 0
64.417 66 9
64.500 69 0
65.417 64 7
65.500 78 9
65.667 76 7
66.000 71 2
66.167 69 0
66.250 69 0
66.417 66 9
66.500 69 0
67.417 64 7
67.500 78 9
67.667 76 7
68.000 71 2
68.167 69 0
68.250 69 0
68.417 66 9
68.500 69 0
