4.000 52 9
4.125 55 0
4.250 55 0
4.375 55 0
4.500 57 2
4.750 55 0
4.875 59 4
5.750 57 2
5.875 59 4
6.000 60 5
6.125 60 5
6.250 60 5
6.375 60 5
6.500 60 5
6.625 59 4
6.750 58 3
6.875 59 4
7.000 57 2
8.000 52 9
8.125 55 0
8.375 55 0
8.500 57 2
8.750 55 0
8.875 59 4
9.750 59 4
9.875 59 4
10.000 60 5
10.125 60 5
10.250 60 5
10.375 60 5
10.500 62 7
10.750 59 4
10.875 59 4
11.375 59 4
11.875 52 9
12.000 55 0
12.125 55 0
12.250 55 0
12.375 55 0
12.500 55 0
12.625 55 0
12.750 55 0
12.875 57 2
13.500 57 2
13.625 59 4
13.750 59 4
13.875 64 9
14.000 62 7
14.125 59 4
14.188 57 2
14.250 55 0
14.500 59 4
14.625 57 2
14.750 55 0
14.875 57 2
15.375 64 9
15.500 62 7
15.625 57 2
15.750 57 2
16.000 52 9
16.125 55 0
16.250 55 0
16.375 52 9
16.500 55 0
16.625 55 0
16.750 55 0
16.875 57 2
17.500 57 2
17.625 55 0
17.750 52 9
17.875 55 0
18.438 59 4
18.562 57 2
18.625 55 0
19.000 52 9
19.875 52 9
20.000 55 0
20.125 55 0
20.438 59 4
20.500 57 2
20.562 55 0
20.625 52 9
20.750 55 0
20.875 59 4
21.125 59 4
21.875 60 5
22.125 60 5
22.250 60 5
22.375 58 3
22.500 60 5
22.625 59 4
22.875 59 4
23.875 52 9
24.000 55 0
24.125 55 0
24.500 57 2
24.625 55 0
24.750 55 0
24.875 59 4
25.125 59 4
25.625 55 0
25.750 59 4
25.875 59 4
26.000 60 5
26.125 60 5
26.250 60 5
26.375 60 5
26.500 60 5
26.625 59 4
26.750 58 3
26.875 57 2
27.375 59 4
27.625 55 0
27.750 55 0
27.875 52 9
28.000 55 0
28.250 55 0
28.375 52 9
28.500 55 0
28.625 55 0
28.750 55 0
28.875 57 2
29.500 57 2
29.625 59 4
29.750 59 4
29.875 64 9
30.000 62 7
30.125 59 4
30.188 57 2
30.250 55 0
30.500 59 4
30.625 57 2
30.750 55 0
30.875 57 2
31.375 64 9
31.500 62 7
31.625 57 2
31.875 52 9
32.000 55 0
32.125 55 0
32.250 55 0
32.375 52 9
32.500 55 0
32.625 55 0
32.750 55 0
32.875 57 2
33.500 57 2
33.625 55 0
33.750 52 9
33.875 55 0
34.375 59 4
34.438 57 2
34.500 55 0
34.875 52 9
36.375 67 0
36.500 64 9
36.875 67 0
37.000 64 9
37.125 64 9
37.250 62 7
37.375 58 3
37.438 57 2
37.500 55 0
38.375 64 9
38.562 62 7
38.750 62 7
39.062 59 4
39.125 57 2
39.188 55 0
39.312 55 0
39.375 59 4
39.562 57 2
39.625 57 2
39.750 55 0
40.375 67 0
40.500 64 9
40.625 64 9
40.812 62 7
41.000 67 0
41.125 64 9
41.250 62 7
41.375 64 9
41.500 62 7
41.625 59 4
41.750 57 2
41.875 55 0
42.250 64 9
42.375 64 9
42.500 64 9
42.625 64 9
42.750 62 7
42.875 65 10
42.938 64 9
43.000 62 7
43.125 59 4
43.250 65 10
43.312 64 9
43.375 62 7
44.000 53 10
44.125 55 0
44.250 55 0
44.500 57 2
44.625 55 0
44.750 55 0
44.875 59 4
45.625 55 0
45.750 59 4
45.875 60 5
46.125 60 5
46.250 60 5
46.375 60 5
46.500 60 5
46.625 59 4
46.750 59 4
46.875 59 4
47.000 57 2
48.000 55 0
48.125 55 0
48.375 55 0
48.500 57 2
48.562 55 0
48.625 52 9
48.750 55 0
48.875 59 4
49.750 59 4
49.875 59 4
50.000 60 5
50.250 60 5
50.500 60 5
50.625 59 4
50.875 57 2
51.375 57 2
51.625 55 0
51.750 55 0
51.875 52 9
52.000 55 0
52.250 55 0
52.375 52 9
52.500 55 0
52.625 55 0
52.750 55 0
52.875 57 2
53.500 57 2
53.625 59 4
53.750 59 4
53.875 64 9
54.000 62 7
54.125 59 4
54.188 57 2
54.250 55 0
54.500 59 4
54.625 57 2
54.750 55 0
54.875 57 2
55.375 64 9
55.625 59 4
56.000 55 0
56.125 55 0
56.250 55 0
56.375 52 9
56.500 55 0
56.625 55 0
56.750 55 0
56.875 57 2
57.500 57 2
57.625 55 0
57.750 52 9
57.875 55 0
58.375 59 4
58.438 57 2
58.500 55 0
58.875 52 9
