3.062 54 9
3.125 57 0
3.250 57 0
3.375 57 0
3.438 61 4
3.562 61 4
3.625 61 4
3.875 61 4
4.000 59 2
4.062 57 0
4.125 57 0
4.250 57 0
4.375 57 0
4.500 57 0
5.062 54 9
5.125 57 0
5.250 57 0
5.375 57 0
5.438 61 4
5.812 61 4
6.000 59 2
6.125 57 0
6.188 57 0
6.312 57 0
6.438 66 9
6.562 61 4
6.625 64 7
7.125 66 9
7.250 66 9
7.312 66 9
7.375 66 9
7.438 64 7
7.500 66 9
7.625 61 4
7.812 61 4
7.938 59 2
8.000 59 2
8.125 57 0
8.250 57 0
8.375 54 9
8.438 57 0
9.062 54 9
9.125 57 0
9.250 57 0
9.438 57 0
9.500 61 4
9.625 61 4
9.688 61 4
10.000 59 2
10.062 57 0
10.125 57 0
10.188 57 0
10.312 57 0
10.375 57 0
11.125 64 7
11.188 64 7
11.250 64 7
11.375 61 4
11.500 57 0
11.625 57 0
12.125 64 7
12.188 64 7
12.250 64 7
12.375 57 0
12.438 61 4
13.125 64 7
13.188 64 7
13.250 64 7
13.375 61 4
13.500 57 0
13.625 57 0
14.250 57 0
14.938 54 9
15.000 57 0
15.083 54 9
15.167 57 0
15.333 57 0
15.417 57 0
15.667 61 4
18.062 54 9
18.125 57 0
18.250 57 0
18.375 57 0
18.438 61 4
18.812 59 2
18.875 61 4
19.000 59 2
19.062 57 0
19.125 57 0
19.188 54 9
19.250 57 0
19.375 54 9
19.438 57 0
20.125 57 0
20.188 54 9
20.250 57 0
20.438 61 4
20.562 61 4
20.625 61 4
20.688 61 4
20.750 61 4
20.875 61 4
20.938 59 2
21.062 57 0
21.188 57 0
21.312 57 0
21.375 64 7
21.562 59 2
21.625 61 4
22.188 57 0
22.250 66 9
22.312 66 9
22.438 66 9
22.625 61 4
22.875 61 4
22.938 60 3
23.000 57 0
23.125 57 0
23.250 57 0
23.312 57 0
23.500 57 0
24.125 57 0
24.250 57 0
24.438 61 4
24.562 61 4
24.688 61 4
24.750 61 4
24.875 61 4
24.938 57 0
25.000 59 2
25.125 57 0
25.250 57 0
25.375 59 2
25.438 57 0
26.125 64 7
26.188 64 7
26.250 64 7
26.375 57 0
26.500 61 4
26.625 57 0
27.125 64 7
27.188 64 7
27.250 66 9
27.438 57 0
27.500 61 4
28.125 64 7
28.188 64 7
28.250 64 7
28.375 66 9
28.500 57 0
28.625 57 0
29.250 57 0
29.938 54 9
30.000 57 0
30.083 54 9
30.167 57 0
30.333 57 0
30.417 57 0
30.667 61 4
33.125 57 0
33.188 57 0
33.375 57 0
33.438 61 4
33.562 61 4
33.875 61 4
34.000 59 2
34.125 57 0
34.250 57 0
34.312 57 0
34.438 57 0
35.125 57 0
35.250 57 0
35.375 57 0
35.500 61 4
35.625 64 7
35.812 64 7
35.938 66 9
36.062 66 9
36.125 66 9
36.188 64 7
36.250 66 9
36.375 64 7
36.438 66 9
36.562 64 7
36.625 61 4
37.125 66 9
37.250 66 9
37.375 64 7
37.438 66 9
37.562 61 4
37.812 60 3
37.938 61 4
38.000 59 2
38.125 57 0
38.250 57 0
38.375 57 0
38.438 57 0
39.062 57 0
39.125 57 0
39.250 57 0
39.312 57 0
39.438 57 0
39.500 61 4
39.625 61 4
39.688 61 4
39.812 61 4
39.938 57 0
40.000 59 2
40.062 57 0
40.125 57 0
40.188 57 0
40.312 57 0
40.375 59 2
40.438 61 4
40.562 59 2
40.625 57 0
41.125 64 7
41.188 64 7
41.250 64 7
41.375 61 4
41.500 57 0
41.625 57 0
42.125 64 7
42.188 64 7
42.250 66 9
42.438 57 0
42.500 61 4
43.125 64 7
43.188 64 7
43.250 64 7
43.375 66 9
43.500 57 0
43.625 57 0
44.250 57 0
44.938 54 9
45.000 57 0
45.083 54 9
45.167 57 0
45.333 57 0
45.417 57 0
45.667 61 4
48.125 57 0
48.188 57 0
48.250 57 0
48.375 57 0
48.438 61 4
48.562 61 4
48.625 61 4
48.875 61 4
48.938 61 4
49.000 59 2
49.125 57 0
49.250 57 0
49.375 57 0
49.438 57 0
49.500 54 9
49.562 52 7
50.062 57 0
50.125 57 0
50.250 57 0
50.375 57 0
50.438 61 4
50.562 61 4
50.625 61 4
50.812 61 4
51.000 59 2
51.125 57 0
51.250 57 0
51.375 57 0
51.438 66 9
51.562 61 4
51.625 64 7
52.062 64 7
52.125 66 9
52.250 66 9
52.312 61 4
52.375 64 7
52.438 61 4
52.500 66 9
52.625 66 9
52.875 61 4
53.000 59 2
53.125 57 0
53.188 57 0
53.312 57 0
53.375 57 0
54.062 57 0
54.125 57 0
54.250 57 0
54.375 57 0
54.438 61 4
54.625 61 4
54.875 61 4
54.938 61 4
55.000 59 2
55.125 57 0
55.188 57 0
55.312 59 2
55.375 57 0
55.625 66 9
56.125 66 9
56.188 64 7
56.250 66 9
56.375 66 9
56.500 57 0
56.625 57 0
57.125 64 7
57.188 64 7
57.250 66 9
57.375 64 7
57.438 61 4
58.125 64 7
58.188 64 7
58.250 64 7
58.375 61 4
58.500 57 0
58.625 57 0
59.250 57 0
59.938 54 9
60.000 57 0
60.083 54 9
60.167 57 0
60.333 57 0
60.417 57 0
60.667 61 4
65.250 57 0
65.375 57 0
65.438 61 4
65.562 61 4
65.625 61 4
65.812 61 4
65.938 61 4
66.000 59 2
66.125 57 0
66.250 57 0
66.375 54 9
66.438 57 0
67.125 57 0
67.250 57 0
67.375 57 0
67.438 61 4
67.562 61 4
67.625 61 4
67.812 61 4
67.938 61 4
68.000 59 2
68.125 57 0
68.188 57 0
68.312 57 0
68.438 66 9
68.562 61 4
68.625 64 7
69.062 57 0
69.125 66 9
69.250 66 9
69.312 64 7
69.375 66 9
69.500 66 9
69.562 61 4
69.750 61 4
69.812 61 4
70.000 62 5
70.125 62 5
70.188 64 7
70.312 64 7
70.375 61 4
70.438 57 0
71.125 57 0
71.250 57 0
71.375 57 0
71.438 61 4
71.625 61 4
71.688 61 4
71.875 61 4
71.938 57 0
72.125 57 0
72.250 57 0
72.375 59 2
72.438 57 0
73.125 64 7
73.188 64 7
73.250 64 7
73.375 61 4
73.500 57 0
73.625 57 0
74.125 64 7
74.188 64 7
74.250 66 9
74.625 57 0
74.688 61 4
75.125 64 7
75.188 64 7
75.250 64 7
75.375 66 9
75.500 57 0
75.625 57 0
76.250 57 0
76.938 54 9
77.000 57 0
77.083 54 9
77.167 57 0
77.333 57 0
77.417 57 0
77.667 61 4
