2.667 55 0
3.000 55 0
3.333 55 0
3.500 55 0
4.000 55 0
4.167 55 0
4.667 57 2
5.000 57 2
5.167 57 2
5.667 59 4
5.833 59 4
7.333 62 7
7.500 62 7
8.000 62 7
8.167 62 7
8.667 62 7
9.000 62 7
9.167 60 5
9.667 59 4
9.833 57 2
10.333 57 2
10.500 57 2
10.833 57 2
11.333 55 0
11.667 55 0
11.833 55 0
12.167 55 0
12.500 55 0
12.833 55 0
13.333 55 0
13.667 55 0
13.833 57 2
14.500 55 0
14.667 57 2
14.833 59 4
17.333 55 0
17.500 59 4
17.833 62 7
18.667 62 7
18.833 62 7
19.167 60 5
19.500 59 4
19.833 57 2
20.167 57 2
21.667 62 7
21.833 62 7
22.000 62 7
22.167 62 7
22.500 62 7
22.833 62 7
23.000 62 7
23.167 62 7
23.333 62 7
23.667 62 7
24.000 62 7
24.333 62 7
24.667 62 7
25.500 59 4
25.667 60 5
25.833 62 7
26.833 62 7
27.000 60 5
27.667 59 4
28.000 57 2
28.667 55 0
29.000 55 0
36.667 55 0
37.000 55 0
37.167 55 0
37.667 55 0
38.000 55 0
38.167 55 0
38.500 57 2
38.833 57 2
39.167 57 2
39.333 55 0
39.667 55 0
39.833 57 2
40.167 59 4
41.667 62 7
42.000 62 7
42.167 62 7
42.500 62 7
43.000 62 7
43.500 60 5
43.667 59 4
44.000 57 2
44.333 57 2
44.667 57 2
44.833 57 2
45.500 55 0
45.833 55 0
46.167 55 0
46.500 55 0
46.833 55 0
47.333 55 0
47.667 55 0
47.833 57 2
48.333 55 0
48.500 57 2
48.833 59 4
50.333 59 4
50.500 59 4
50.833 62 7
51.167 62 7
51.333 62 7
51.833 62 7
52.333 60 5
52.500 59 4
52.833 57 2
53.000 57 2
54.667 62 7
54.833 62 7
55.000 62 7
55.167 62 7
55.833 62 7
56.333 62 7
56.833 62 7
57.000 62 7
57.167 62 7
57.667 62 7
57.833 62 7
58.500 62 7
58.667 62 7
58.833 62 7
59.833 62 7
60.000 60 5
60.667 59 4
60.833 57 2
61.000 57 2
61.667 55 0
73.667 55 0
74.000 55 0
74.167 55 0
74.333 55 0
75.000 55 0
75.333 55 0
75.500 55 0
75.833 57 2
76.333 55 0
76.500 57 2
76.667 59 4
78.500 62 7
79.000 62 7
79.333 62 7
79.667 62 7
79.833 62 7
80.167 60 5
80.500 59 4
80.833 57 2
81.000 57 2
81.500 57 2
81.833 57 2
82.167 55 0
82.667 55 0
83.000 55 0
83.167 55 0
83.500 55 0
83.833 55 0
84.333 57 2
84.500 57 2
84.833 57 2
85.333 55 0
85.500 57 2
85.833 59 4
87.333 57 2
87.500 59 4
87.833 62 7
88.000 62 7
88.833 62 7
89.167 60 5
89.500 59 4
90.000 57 2
90.333 57 2
91.500 62 7
91.833 62 7
92.167 62 7
92.500 62 7
92.833 62 7
93.167 62 7
93.667 62 7
94.000 62 7
94.167 62 7
94.500 62 7
94.833 62 7
95.667 59 4
95.833 60 5
96.000 62 7
97.000 62 7
97.167 60 5
97.500 59 4
97.833 57 2
98.000 57 2
98.667 55 0
105.667 55 0
106.000 55 0
106.167 55 0
106.667 55 0
107.000 55 0
107.167 55 0
107.833 57 2
108.000 57 2
108.500 59 4
108.667 59 4
110.500 62 7
110.833 62 7
111.333 62 7
111.500 62 7
111.833 62 7
112.167 60 5
112.333 60 5
112.667 59 4
112.833 57 2
113.167 57 2
113.500 57 2
113.833 57 2
114.667 55 0
115.000 55 0
115.333 55 0
115.667 55 0
115.833 55 0
116.000 55 0
116.667 57 2
116.833 57 2
117.000 57 2
117.333 55 0
117.500 55 0
117.667 57 2
117.833 59 4
119.333 59 4
119.833 62 7
120.167 62 7
120.667 62 7
121.000 62 7
121.167 60 5
121.500 59 4
122.000 57 2
122.500 57 2
123.500 62 7
124.000 62 7
124.167 62 7
124.500 62 7
124.667 62 7
124.833 62 7
125.167 62 7
125.500 62 7
125.667 62 7
126.000 62 7
126.333 62 7
126.667 62 7
126.833 62 7
127.667 59 4
127.833 60 5
128.000 62 7
128.833 62 7
129.000 60 5
129.333 59 4
129.667 57 2
130.000 57 2
130.667 55 0
131.000 55 0
148.667 55 0
148.833 55 0
149.333 55 0
149.500 55 0
149.833 55 0
150.667 57 2
150.833 57 2
151.333 57 2
151.500 57 2
151.833 59 4
153.667 62 7
154.000 62 7
154.333 62 7
154.833 62 7
155.333 60 5
155.667 60 5
156.000 60 5
156.167 60 5
156.500 59 4
156.833 59 4
157.500 55 0
157.833 55 0
158.167 55 0
158.500 55 0
158.667 55 0
159.667 57 2
160.000 57 2
160.167 57 2
160.500 57 2
160.833 59 4
162.500 62 7
163.000 62 7
163.167 62 7
163.500 62 7
164.000 62 7
164.167 60 5
164.500 59 4
165.000 57 2
165.333 57 2
166.500 62 7
166.833 62 7
167.167 62 7
167.500 62 7
168.000 62 7
168.500 62 7
168.833 62 7
169.000 62 7
169.333 62 7
169.667 62 7
170.667 59 4
170.833 60 5
171.000 62 7
172.000 62 7
172.167 60 5
172.833 59 4
173.167 57 2
173.500 55 0
174.000 55 0
