1.875 51 7
2.000 56 0
2.250 56 0
2.500 56 0
2.750 58 2
3.000 61 5
3.125 60 4
3.250 56 0
3.500 56 0
3.875 56 0
4.000 61 5
4.125 61 5
4.250 60 4
4.500 56 0
4.750 51 7
5.000 53 9
5.375 51 7
5.500 53 9
5.625 56 0
6.000 53 9
6.125 51 7
7.875 51 7
8.000 56 0
8.250 56 0
8.500 56 0
8.750 58 2
8.875 56 0
9.000 61 5
9.125 60 4
9.250 56 0
9.500 56 0
9.875 56 0
10.000 61 5
10.250 60 4
10.500 56 0
10.750 51 7
11.000 53 9
11.375 51 7
11.500 53 9
11.625 56 0
12.000 60 4
14.000 61 5
14.250 60 4
14.500 56 0
14.750 61 5
15.000 60 4
15.250 56 0
15.500 61 5
15.750 60 4
16.000 56 0
17.750 56 0
18.000 65 9
18.250 63 7
18.500 60 4
18.750 65 9
18.875 63 7
19.000 63 7
19.250 60 4
19.500 65 9
19.625 63 7
20.000 60 4
20.125 58 2
21.250 65 9
21.375 63 7
21.500 60 4
21.625 58 2
21.750 56 0
21.875 53 9
22.000 56 0
22.250 56 0
22.500 56 0
22.750 58 2
22.875 56 0
23.000 61 5
23.125 60 4
23.250 58 2
23.500 56 0
23.875 56 0
24.000 61 5
24.250 60 4
24.500 56 0
24.750 51 7
24.875 51 7
25.000 53 9
25.375 51 7
25.500 53 9
25.625 56 0
26.000 53 9
26.125 51 7
27.875 51 7
28.000 56 0
28.250 56 0
28.500 56 0
28.750 58 2
28.875 56 0
29.000 61 5
29.250 56 0
29.500 56 0
29.875 56 0
30.000 61 5
30.250 60 4
30.500 56 0
30.750 51 7
31.000 53 9
31.500 51 7
31.625 53 9
31.750 56 0
32.000 60 4
34.000 61 5
34.250 60 4
34.500 56 0
34.750 61 5
35.000 60 4
35.250 56 0
35.500 61 5
35.750 60 4
36.250 58 2
36.375 56 0
37.750 56 0
38.000 65 9
38.250 63 7
38.500 60 4
38.750 65 9
39.000 63 7
39.250 60 4
39.500 65 9
39.625 63 7
40.000 60 4
40.125 58 2
40.750 65 9
41.000 65 9
41.250 60 4
41.500 56 0
41.750 53 9
41.875 51 7
42.000 53 9
42.125 56 0
49.750 56 0
50.000 61 5
50.250 60 4
50.500 56 0
50.750 61 5
51.000 60 4
51.250 56 0
51.500 61 5
51.875 60 4
52.125 56 0
53.750 56 0
54.000 65 9
54.250 63 7
54.500 60 4
54.750 65 9
55.000 63 7
55.125 60 4
55.250 60 4
55.500 65 9
55.875 63 7
56.000 60 4
56.125 58 2
57.125 63 7
57.250 65 9
57.375 63 7
57.500 60 4
57.625 58 2
57.750 56 0
57.875 53 9
58.000 56 0
58.250 56 0
58.500 56 0
58.750 58 2
58.875 56 0
59.000 61 5
59.125 60 4
59.250 58 2
59.500 56 0
59.875 56 0
60.000 61 5
60.250 60 4
60.500 58 2
60.625 56 0
60.750 56 0
61.000 51 7
61.125 53 9
61.375 51 7
61.500 53 9
61.625 56 0
62.000 53 9
62.125 51 7
63.875 51 7
64.000 56 0
64.250 56 0
64.500 56 0
64.750 58 2
65.000 61 5
65.125 60 4
65.250 56 0
65.500 56 0
65.875 56 0
66.000 61 5
66.250 60 4
66.500 58 2
66.750 56 0
67.000 53 9
67.500 51 7
67.625 53 9
67.875 56 0
68.000 63 7
69.500 60 4
69.625 63 7
69.875 60 4
70.000 65 9
70.375 63 7
70.500 60 4
71.125 65 9
71.500 63 7
71.625 65 9
71.750 60 4
71.875 65 9
72.125 63 7
72.625 65 9
73.125 65 9
73.500 63 7
73.625 65 9
73.875 65 9
74.250 65 9
75.000 65 9
75.375 63 7
75.500 65 9
75.750 60 4
75.875 65 9
