2.000 64 7
2.125 64 7
2.250 64 7
2.375 64 7
2.500 64 7
2.625 62 5
2.750 60 3
2.875 62 5
3.000 64 7
3.375 60 3
3.500 62 5
3.625 60 3
3.750 62 5
3.875 60 3
4.500 59 2
4.625 60 3
4.750 59 2
4.875 57 0
5.500 69 4
5.625 69 4
5.875 67 2
7.500 69 4
7.625 70 5
7.750 69 4
7.875 67 2
8.188 65 0
8.250 62 9
9.000 74 9
9.125 74 9
9.375 72 7
9.625 74 9
9.875 60 7
10.000 65 0
10.125 67 2
10.250 69 4
10.375 70 5
10.500 69 4
10.750 60 7
11.000 74 9
11.125 74 9
11.375 72 7
11.625 74 9
11.875 65 0
12.000 69 4
12.188 67 2
12.375 70 5
12.500 69 4
12.688 67 2
12.875 70 5
13.000 69 4
13.125 67 2
13.500 69 4
13.625 67 2
13.750 65 0
13.875 67 2
14.000 69 4
15.375 60 7
15.500 62 9
15.625 65 0
15.875 67 2
16.000 69 4
17.375 60 7
17.500 62 9
17.625 65 0
17.875 72 7
18.000 69 4
19.375 60 7
19.500 62 9
19.625 65 0
19.875 67 2
20.000 69 4
20.656 67 2
20.688 69 4
20.844 67 2
20.875 69 4
21.000 69 4
21.062 67 2
21.125 65 0
21.375 60 7
21.500 62 9
21.625 65 0
22.000 64 7
22.125 64 7
22.250 64 7
22.375 64 7
22.500 64 7
22.625 60 3
22.750 60 3
22.875 62 5
23.000 64 7
23.375 60 3
23.500 62 5
23.625 60 3
23.750 62 5
23.875 60 3
24.375 52 7
24.500 59 2
24.625 60 3
24.750 59 2
24.875 57 0
25.500 69 4
25.625 69 4
25.875 67 2
26.188 65 0
26.250 62 9
27.500 74 9
27.625 72 7
27.750 69 4
27.875 70 5
27.938 69 4
28.000 67 2
29.000 74 9
29.125 74 9
29.375 72 7
29.625 74 9
29.875 60 7
30.000 65 0
30.125 67 2
30.250 69 4
30.375 70 5
30.500 69 4
30.750 60 7
31.000 74 9
31.125 74 9
31.375 72 7
31.625 74 9
31.875 65 0
32.000 69 4
32.188 67 2
32.375 70 5
32.500 69 4
32.688 67 2
32.875 70 5
33.000 69 4
33.188 67 2
33.500 69 4
33.625 67 2
33.750 65 0
33.875 67 2
34.000 69 4
34.438 67 2
34.469 69 4
34.750 67 2
34.781 69 4
35.000 69 4
35.062 67 2
35.125 65 0
35.375 60 7
35.500 62 9
35.625 65 0
35.875 67 2
36.000 69 4
37.375 60 7
37.500 62 9
37.625 65 0
37.875 72 7
38.000 69 4
39.375 60 7
39.500 62 9
39.625 65 0
39.875 67 2
40.000 69 4
41.375 60 7
41.500 62 9
41.625 65 0
42.000 67 10
43.500 66 9
44.000 64 7
44.500 62 5
45.000 64 7
45.500 62 5
46.000 64 7
46.500 62 5
47.000 60 7
47.500 69 4
47.625 69 4
47.875 70 5
47.938 69 4
48.000 67 2
48.375 65 0
48.406 67 2
48.438 65 0
48.500 62 9
49.500 74 9
49.625 72 7
49.750 69 4
49.875 69 4
50.000 67 2
51.000 74 9
51.125 74 9
51.375 72 7
51.625 74 9
51.875 60 7
52.000 65 0
52.188 67 2
52.250 69 4
52.375 70 5
52.500 69 4
52.750 60 7
53.000 74 9
53.125 74 9
53.375 72 7
53.625 74 9
53.875 65 0
54.000 69 4
54.188 67 2
54.375 70 5
54.500 69 4
54.688 67 2
54.875 70 5
55.000 69 4
55.125 67 2
55.500 69 4
55.625 67 2
55.750 65 0
55.875 67 2
56.000 69 4
56.438 67 2
56.469 69 4
56.750 67 2
56.781 69 4
57.000 69 4
57.062 67 2
57.125 65 0
57.375 60 7
57.500 62 9
57.625 65 0
57.875 67 2
58.000 69 4
59.375 60 7
59.500 62 9
59.625 65 0
59.875 72 7
60.000 69 4
61.125 62 9
61.188 62 9
61.250 65 0
61.312 65 0
61.375 65 0
61.438 65 0
61.500 74 9
61.562 72 7
61.688 69 4
61.812 65 0
61.875 69 4
63.125 62 9
63.188 62 9
63.250 65 0
63.312 65 0
63.375 65 0
63.438 65 0
63.500 74 9
63.562 72 7
63.688 69 4
63.812 65 0
63.875 69 4
65.125 62 9
65.188 62 9
65.250 65 0
65.312 65 0
65.375 65 0
65.438 65 0
65.500 74 9
65.562 72 7
65.688 69 4
65.812 65 0
65.875 69 4
66.625 60 7
66.750 62 9
66.875 65 0
67.125 62 9
67.188 62 9
67.250 65 0
67.312 65 0
67.375 65 0
67.438 65 0
67.500 74 9
67.562 72 7
67.688 69 4
67.812 65 0
67.875 69 4
69.125 62 9
69.188 62 9
69.250 65 0
69.312 65 0
69.375 65 0
69.438 65 0
69.500 74 9
69.562 72 7
69.688 69 4
69.812 65 0
69.875 69 4
