7.500 61 9
7.625 59 7
7.750 64 0
7.875 61 9
8.125 59 7
8.500 56 4
8.625 54 2
8.750 59 7
8.875 56 4
9.125 54 2
9.500 49 9
9.625 47 7
9.750 56 4
9.875 54 2
10.125 52 0
10.375 49 9
11.500 61 9
11.625 59 7
11.750 64 0
11.875 61 9
12.125 59 7
12.500 56 4
12.625 54 2
12.750 59 7
12.875 56 4
13.125 54 2
13.500 49 9
13.625 47 7
13.750 56 4
13.875 54 2
14.125 52 0
14.375 49 9
15.500 57 5
15.625 59 7
15.875 61 9
17.500 68 4
17.625 66 2
17.875 61 9
19.375 59 7
19.500 61 9
19.625 59 7
19.750 64 0
19.875 61 9
20.125 59 7
20.500 56 4
20.625 54 2
20.750 59 7
20.875 56 4
21.125 54 2
21.500 49 9
21.625 47 7
21.750 56 4
21.875 54 2
22.000 52 0
22.062 49 9
24.250 66 2
24.375 66 2
24.500 66 2
24.625 64 0
25.000 64 0
25.125 63 11
25.250 63 11
25.375 63 11
25.688 61 9
25.875 63 11
26.125 61 9
26.250 59 7
28.125 49 9
28.250 66 2
28.375 66 2
28.500 66 2
28.625 64 0
28.750 64 0
28.875 63 11
29.125 64 0
29.375 63 11
29.500 61 9
30.000 59 7
30.125 59 7
30.250 59 7
30.375 61 9
30.625 63 11
30.875 61 9
31.000 59 7
31.750 73 9
32.000 71 7
33.000 69 5
33.500 61 9
33.625 59 7
33.750 64 0
33.875 61 9
34.125 59 7
34.500 56 4
34.625 54 2
34.750 59 7
34.875 56 4
35.125 54 2
35.500 49 9
35.625 47 7
35.750 56 4
35.875 54 2
36.125 52 0
36.375 49 9
37.375 59 7
37.500 61 9
37.625 59 7
37.750 64 0
37.875 61 9
38.125 59 7
38.500 56 4
38.625 54 2
38.750 59 7
38.875 56 4
39.125 54 2
39.500 49 9
39.625 47 7
39.750 56 4
39.875 54 2
40.125 52 0
40.375 49 9
41.500 57 5
41.625 59 7
41.875 61 9
43.500 68 4
43.625 66 2
43.875 61 9
45.375 59 7
45.500 61 9
45.625 59 7
45.750 64 0
45.875 61 9
46.125 59 7
46.500 56 4
46.625 54 2
46.750 59 7
46.875 56 4
47.125 54 2
47.500 49 9
47.625 47 7
47.750 56 4
47.875 54 2
48.000 52 0
48.062 49 9
50.250 66 2
50.375 66 2
50.500 66 2
50.625 64 0
51.000 64 0
51.125 63 11
51.250 63 11
51.375 63 11
51.688 61 9
51.875 63 11
52.125 61 9
52.250 59 7
54.125 49 9
54.250 66 2
54.375 66 2
54.500 66 2
54.625 64 0
54.750 64 0
54.875 63 11
55.125 64 0
55.375 63 11
55.500 61 9
56.000 59 7
56.125 59 7
56.250 59 7
56.375 61 9
56.625 63 11
56.875 61 9
57.000 59 7
57.750 73 9
58.000 71 7
59.000 69 5
59.500 61 9
59.625 59 7
59.750 64 0
59.875 61 9
60.125 59 7
60.500 56 4
60.625 54 2
60.750 59 7
60.875 56 4
61.125 54 2
61.500 49 9
61.625 47 7
61.750 56 4
61.875 54 2
62.125 52 0
62.375 49 9
63.375 59 7
63.500 61 9
63.625 59 7
63.750 64 0
63.875 61 9
64.125 59 7
64.375 54 2
64.500 56 4
64.625 54 2
64.750 59 7
64.875 56 4
65.125 54 2
65.500 49 9
65.625 47 7
65.750 56 4
65.875 54 2
66.125 52 0
66.375 49 9
67.500 57 5
67.625 59 7
67.875 61 9
69.500 68 4
69.625 66 2
69.875 61 9
71.375 59 7
71.500 61 9
71.625 59 7
71.750 64 0
71.875 61 9
72.125 59 7
72.500 56 4
72.625 54 2
72.750 59 7
72.875 56 4
73.125 54 2
73.500 49 9
73.625 47 7
73.750 56 4
73.875 54 2
74.000 52 0
74.062 49 9
81.000 59 7
81.125 59 7
81.250 59 7
81.375 61 9
81.625 63 11
81.875 61 9
82.000 59 7
