36.125 64 0
36.500 64 0
36.625 64 0
36.750 64 0
36.875 64 0
37.000 67 3
37.125 64 0
37.250 62 10
37.375 64 0
38.250 64 0
38.375 64 0
38.500 67 3
38.625 64 0
38.750 64 0
38.875 64 0
39.000 67 3
39.125 64 0
39.375 64 0
39.625 62 10
39.875 59 7
40.000 57 5
40.125 55 3
40.250 57 5
41.625 64 0
41.750 59 7
42.000 64 0
43.625 64 0
43.875 59 7
44.000 62 10
48.250 64 0
48.375 62 10
48.500 64 0
48.750 64 0
48.875 62 10
49.000 64 0
49.125 62 10
49.250 64 0
50.250 64 0
50.375 67 3
50.625 67 3
50.750 64 0
51.000 68 4
51.125 64 0
51.375 64 0
51.625 62 10
51.875 58 6
52.125 57 5
52.375 55 3
52.625 52 0
53.625 64 0
53.750 59 7
54.000 64 0
55.625 64 0
55.875 59 7
56.000 62 10
60.250 64 0
60.375 62 10
60.500 64 0
60.625 64 0
61.250 64 0
61.375 62 10
61.500 64 0
62.125 62 10
62.250 64 0
62.375 64 0
62.500 67 3
62.625 64 0
62.750 64 0
62.875 64 0
63.000 67 3
63.125 64 0
63.375 64 0
63.625 62 10
63.875 57 5
64.375 55 3
64.625 52 0
65.375 59 7
65.500 64 0
65.625 64 0
65.750 59 7
65.875 64 0
67.500 64 0
67.625 64 0
67.750 59 7
67.875 62 10
84.250 64 0
84.375 64 0
84.500 67 3
84.625 64 0
84.750 64 0
85.000 67 3
85.125 62 10
85.250 64 0
86.250 64 0
86.375 67 3
86.625 69 5
86.750 67 3
87.000 70 6
87.125 70 6
87.250 69 5
87.500 67 3
87.625 64 0
87.875 57 5
89.625 64 0
89.750 59 7
90.000 64 0
91.625 64 0
91.875 59 7
92.000 62 10
96.250 64 0
96.375 62 10
96.500 64 0
96.750 64 0
96.875 64 0
97.000 67 3
97.125 64 0
97.375 64 0
98.250 64 0
98.375 64 0
98.500 67 3
98.625 64 0
98.750 67 3
99.000 64 0
99.125 67 3
99.375 64 0
99.625 64 0
100.125 57 5
100.500 52 0
101.500 64 0
101.625 64 0
101.875 64 0
103.625 64 0
103.875 59 7
104.000 62 10
106.500 64 0
107.250 64 0
107.375 64 0
107.500 67 3
107.625 64 0
107.875 64 0
108.250 64 0
109.250 64 0
109.375 64 0
109.500 67 3
109.625 64 0
109.875 67 3
110.000 64 0
110.125 64 0
111.250 64 0
111.375 64 0
111.500 67 3
111.625 64 0
111.875 61 9
112.125 64 0
113.250 64 0
113.375 64 0
113.500 67 3
113.625 69 5
113.875 67 3
114.000 64 0
114.125 64 0
115.250 64 0
115.375 64 0
115.500 67 3
115.625 64 0
115.875 62 10
117.250 64 0
117.375 64 0
117.500 67 3
117.625 64 0
117.875 64 0
118.125 62 10
118.250 64 0
118.875 64 0
119.375 64 0
119.625 64 0
119.750 62 10
119.875 64 0
121.250 64 0
121.375 64 0
121.500 67 3
121.625 69 5
121.750 71 7
121.875 67 3
122.000 64 0
122.125 64 0
123.250 64 0
123.375 64 0
123.500 67 3
123.625 64 0
123.750 59 7
123.875 61 9
124.125 64 0
125.250 64 0
125.375 64 0
125.500 67 3
125.625 69 5
125.750 71 7
125.875 67 3
126.000 64 0
126.125 64 0
126.500 64 0
127.250 64 0
127.375 64 0
127.500 67 3
127.625 64 0
127.750 59 7
127.875 62 10
129.250 64 0
129.500 67 3
129.625 64 0
129.750 62 10
129.875 64 0
130.250 64 0
