7.750 52 7
7.875 57 0
8.375 59 2
8.625 60 3
8.875 57 0
9.500 59 2
9.625 60 3
9.875 57 0
10.375 59 2
10.625 60 3
10.875 62 5
11.125 60 3
12.250 64 7
12.500 60 3
12.750 57 0
12.875 59 2
13.375 57 0
13.625 55 10
13.875 57 0
15.750 52 7
15.875 57 0
16.375 59 2
16.625 60 3
16.875 57 0
17.500 59 2
17.625 60 3
17.875 57 0
18.375 59 2
18.625 60 3
18.875 62 5
19.125 60 3
20.250 64 7
20.500 60 3
20.750 57 0
20.875 59 2
21.375 57 0
21.625 55 10
21.875 60 3
24.375 61 4
24.500 59 2
24.750 61 4
25.000 68 11
25.375 66 9
25.625 64 7
26.375 61 4
26.625 59 2
26.750 61 4
26.875 64 7
27.125 61 4
28.375 59 2
28.625 57 0
28.875 59 2
29.000 64 7
29.625 61 4
30.000 59 2
32.375 61 4
32.500 59 2
32.625 61 4
32.875 68 11
33.375 66 9
33.625 64 7
34.375 61 4
34.625 59 2
34.875 61 4
35.000 64 7
35.250 61 4
36.375 59 2
36.625 57 0
36.875 59 2
37.000 64 7
37.625 61 4
38.000 59 2
39.625 52 7
39.875 57 0
40.375 59 2
40.625 60 3
40.875 57 0
41.375 59 2
41.625 60 3
41.875 57 0
42.375 59 2
42.625 60 3
42.875 62 5
43.125 60 3
44.250 64 7
44.500 60 3
44.750 57 0
44.875 59 2
45.375 57 0
45.625 55 10
45.875 57 0
47.875 57 0
48.375 59 2
48.625 60 3
48.875 57 0
49.500 59 2
49.625 60 3
49.875 57 0
50.375 59 2
50.625 60 3
50.875 62 5
51.125 60 3
52.250 64 7
52.500 60 3
52.750 57 0
52.875 59 2
53.375 57 0
53.625 55 10
53.875 60 3
54.875 64 7
55.375 62 5
55.625 60 3
72.375 61 4
72.625 59 2
72.875 61 4
73.000 68 11
73.375 66 9
73.625 64 7
74.375 61 4
74.625 59 2
74.875 61 4
75.000 64 7
75.250 61 4
76.375 59 2
76.625 57 0
76.875 59 2
77.000 64 7
77.125 62 5
77.375 61 4
77.750 59 2
80.375 61 4
80.500 59 2
80.625 61 4
80.875 68 11
81.375 66 9
81.625 64 7
82.375 61 4
82.625 59 2
82.750 61 4
82.875 64 7
83.125 61 4
84.375 59 2
84.625 57 0
84.875 59 2
85.000 64 7
85.375 61 4
85.750 59 2
87.750 52 7
87.875 57 0
88.375 59 2
88.625 60 3
88.875 57 0
89.375 59 2
89.625 60 3
89.875 57 0
90.375 59 2
90.625 60 3
90.875 62 5
91.125 60 3
92.250 64 7
92.500 60 3
92.750 57 0
92.875 59 2
93.375 57 0
93.625 55 10
93.750 57 0
96.250 57 0
96.375 59 2
96.625 60 3
96.875 57 0
100.250 64 7
100.500 60 3
100.750 57 0
100.875 59 2
101.375 57 0
101.625 55 10
101.875 60 3
102.875 64 7
103.875 69 0
