19.625 51 7
19.750 53 9
20.000 56 0
20.125 56 0
20.250 56 0
20.375 56 0
20.500 56 0
20.625 56 0
20.750 53 9
20.875 56 0
21.125 53 9
21.625 51 7
21.750 53 9
21.875 53 9
22.000 56 0
22.250 53 9
22.375 56 0
22.625 56 0
22.750 53 9
22.875 56 0
23.125 53 9
23.625 51 7
23.750 53 9
23.875 53 9
24.000 56 0
24.250 56 0
24.500 56 0
24.750 56 0
24.875 53 9
25.000 56 0
25.375 53 9
26.000 56 0
26.250 53 9
26.375 56 0
26.500 56 0
26.750 53 9
27.000 51 7
27.625 51 7
27.750 53 9
27.875 53 9
28.000 56 0
28.250 56 0
28.500 56 0
28.750 53 9
29.000 56 0
29.125 53 9
29.375 53 9
30.000 56 0
30.125 56 0
30.250 56 0
30.375 53 9
30.500 56 0
30.750 54 10
31.000 56 0
31.750 53 9
32.000 56 0
32.125 56 0
32.500 56 0
32.625 56 0
32.750 56 0
32.875 56 0
33.000 56 0
33.125 56 0
33.375 56 0
33.500 56 0
33.750 56 0
33.875 56 0
34.000 59 3
34.125 59 3
34.375 59 3
34.625 56 0
34.875 53 9
35.000 51 7
36.000 59 3
36.500 58 2
36.750 56 0
36.875 56 0
38.000 59 3
38.500 58 2
38.750 56 0
38.875 56 0
40.000 59 3
40.500 58 2
40.750 56 0
40.875 56 0
42.000 59 3
42.500 58 2
42.750 56 0
42.875 56 0
44.000 59 3
44.500 58 2
44.750 56 0
44.875 56 0
46.000 56 0
46.250 56 0
46.500 56 0
46.750 56 0
46.875 56 0
47.000 56 0
47.250 56 0
47.500 56 0
48.000 56 0
48.250 56 0
48.375 56 0
48.500 56 0
48.625 56 0
48.750 56 0
48.875 59 3
49.125 53 9
49.500 51 7
50.000 59 3
50.500 58 2
50.750 56 0
50.875 56 0
52.000 59 3
52.500 58 2
52.750 56 0
52.875 56 0
54.000 59 3
54.500 58 2
54.750 56 0
54.875 56 0
56.000 59 3
56.500 58 2
56.750 56 0
56.875 56 0
57.625 51 7
57.750 53 9
57.875 53 9
58.000 56 0
58.250 53 9
58.375 56 0
58.750 53 9
58.875 53 9
59.000 56 0
59.125 56 0
59.250 56 0
59.500 56 0
60.000 56 0
60.125 56 0
60.250 56 0
60.375 56 0
60.500 56 0
60.625 56 0
60.750 56 0
61.000 59 3
61.125 59 3
61.250 53 9
61.375 51 7
62.000 59 3
62.500 58 2
62.750 56 0
62.875 56 0
64.000 59 3
64.500 58 2
64.750 56 0
64.875 56 0
66.000 59 3
66.500 58 2
66.750 56 0
66.875 56 0
68.000 59 3
68.500 58 2
68.750 56 0
68.875 56 0
98.000 56 0
98.250 54 10
98.375 56 0
98.750 54 10
98.875 51 7
99.000 56 0
99.250 56 0
99.375 54 10
100.000 56 0
100.250 54 10
100.375 56 0
100.625 56 0
100.875 59 3
101.250 53 9
101.375 53 9
101.500 51 7
102.000 56 0
102.125 56 0
102.375 56 0
102.625 53 9
103.000 56 0
103.250 56 0
103.375 56 0
103.500 53 9
104.000 56 0
104.250 56 0
104.375 56 0
104.500 56 0
104.750 56 0
105.000 56 0
105.125 56 0
105.375 53 9
106.000 59 3
106.500 58 2
106.750 56 0
106.875 56 0
108.000 59 3
108.500 58 2
108.750 56 0
108.875 56 0
110.000 59 3
110.500 58 2
110.750 56 0
110.875 56 0
112.000 59 3
112.500 58 2
112.750 56 0
112.875 56 0
114.000 56 0
114.250 56 0
114.500 56 0
114.750 56 0
115.000 56 0
115.125 56 0
115.375 56 0
115.625 56 0
115.750 56 0
115.875 56 0
116.250 56 0
116.500 56 0
116.625 56 0
116.750 54 10
116.875 53 9
117.000 56 0
117.250 56 0
117.375 56 0
118.000 59 3
118.500 58 2
118.750 56 0
118.875 56 0
120.000 59 3
120.500 58 2
120.750 56 0
120.875 56 0
122.000 59 3
122.500 58 2
122.750 56 0
122.875 56 0
124.000 59 3
124.500 58 2
124.750 56 0
124.875 56 0
