3.917 63 3
4.167 63 3
4.250 62 2
4.417 60 0
4.500 64 4
4.667 60 0
4.917 63 3
5.250 62 2
5.333 60 0
5.500 63 3
5.667 57 9
5.750 60 0
5.917 60 0
6.000 60 0
7.667 55 7
7.750 57 9
7.917 60 0
8.000 63 3
8.167 63 3
8.250 63 3
8.417 60 0
8.500 63 3
8.667 60 0
9.000 63 3
9.167 63 3
9.250 63 3
9.417 63 3
9.667 60 0
9.917 58 10
10.000 60 0
11.667 62 2
11.750 62 2
11.917 62 2
12.167 63 3
12.917 63 3
13.167 60 0
13.250 62 2
13.417 60 0
13.500 63 3
13.667 57 9
13.750 60 0
13.917 60 0
14.000 60 0
15.667 62 2
15.750 63 3
15.917 63 3
16.000 63 3
16.167 63 3
16.250 62 2
16.417 60 0
16.500 63 3
16.667 60 0
17.000 63 3
17.167 62 2
17.417 63 3
17.667 57 9
17.750 60 0
17.917 60 0
18.000 60 0
18.250 63 3
19.167 70 10
19.500 65 5
19.917 65 5
20.167 65 5
20.250 60 0
20.417 60 0
20.500 63 3
20.667 60 0
21.000 63 3
21.167 63 3
21.250 62 2
21.417 60 0
21.500 63 3
21.750 60 0
21.917 57 9
22.000 60 0
22.250 55 7
23.667 63 3
23.750 62 2
23.917 63 3
24.167 63 3
24.917 63 3
25.250 62 2
25.333 60 0
25.500 62 2
25.667 57 9
25.750 60 0
25.917 60 0
26.000 60 0
27.167 60 0
27.667 60 0
27.750 60 0
28.000 60 0
28.500 60 0
28.750 58 10
28.917 60 0
29.000 63 3
29.167 60 0
29.667 60 0
29.750 60 0
30.000 60 0
30.500 60 0
30.750 58 10
30.917 60 0
31.000 63 3
31.167 60 0
31.667 60 0
31.750 60 0
32.000 60 0
32.250 60 0
32.500 60 0
32.750 58 10
32.917 63 3
33.167 57 9
33.667 57 9
33.750 60 0
34.000 60 0
34.500 60 0
34.750 60 0
34.917 60 0
35.667 62 2
35.750 62 2
35.917 63 3
36.167 63 3
36.917 63 3
37.167 60 0
37.250 62 2
37.333 60 0
37.500 63 3
37.667 57 9
37.750 60 0
37.917 60 0
38.000 60 0
38.667 62 2
39.167 65 5
39.417 65 5
62.667 63 3
63.667 63 3
63.750 63 3
63.917 63 3
64.167 63 3
64.250 62 2
64.417 60 0
64.500 63 3
64.667 60 0
64.917 63 3
65.167 63 3
65.417 62 2
65.667 57 9
65.750 60 0
65.917 60 0
66.000 60 0
66.250 60 0
66.500 60 0
66.750 60 0
67.000 60 0
67.250 60 0
67.500 60 0
67.917 62 2
68.167 63 3
68.250 62 2
68.417 60 0
68.500 63 3
68.667 60 0
69.000 67 7
69.167 67 7
69.250 67 7
69.417 60 0
69.500 63 3
69.667 65 5
69.750 63 3
69.917 65 5
70.000 62 2
70.167 60 0
71.667 63 3
71.750 63 3
71.917 63 3
72.167 63 3
72.250 62 2
72.917 63 3
73.167 60 0
73.250 63 3
73.333 63 3
73.500 63 3
73.667 57 9
73.750 60 0
73.917 60 0
74.000 60 0
74.917 62 2
75.167 57 9
75.417 57 9
75.500 60 0
76.000 60 0
76.250 60 0
77.167 67 7
77.667 55 7
77.917 67 7
78.000 60 0
78.167 63 3
79.417 63 3
80.833 60 0
80.917 60 0
81.000 63 3
81.167 63 3
81.250 64 4
81.417 65 5
81.750 63 3
81.833 60 0
83.250 52 4
83.417 52 4
83.500 53 5
83.667 53 5
83.750 55 7
83.917 55 7
84.000 58 10
84.167 58 10
84.250 57 9
84.417 55 7
84.500 55 7
84.667 55 7
84.917 60 0
85.250 55 7
85.417 48 0
85.500 51 3
85.667 48 0
85.750 51 3
85.917 51 3
86.000 48 0
88.000 60 0
88.500 60 0
88.750 57 9
88.917 63 3
92.500 63 3
92.667 63 3
92.750 60 0
96.417 55 7
96.500 55 7
96.667 55 7
96.917 60 0
97.250 57 9
97.417 48 0
97.500 51 3
97.667 48 0
97.750 51 3
97.917 51 3
98.000 48 0
99.917 67 7
100.250 63 3
100.500 60 0
100.750 57 9
100.917 60 0
101.167 60 0
101.917 67 7
102.250 63 3
102.500 60 0
102.750 57 9
102.917 60 0
103.000 63 3
103.500 72 0
104.250 69 9
104.500 67 7
104.667 63 3
105.167 63 3
105.250 60 0
105.417 67 7
105.917 62 2
106.167 60 0
106.500 60 0
106.750 57 9
106.917 60 0
107.667 65 5
107.750 66 6
107.917 67 7
108.167 67 7
108.917 65 5
109.000 63 3
109.083 60 0
109.250 57 9
109.500 63 3
109.583 60 0
109.917 67 7
110.167 63 3
110.250 60 0
110.500 63 3
110.750 63 3
110.917 63 3
111.167 62 2
111.250 60 0
