2.000 55 2
2.125 53 0
2.188 53 0
3.250 57 4
3.375 59 6
3.500 61 8
3.562 62 9
3.750 64 11
3.875 65 0
4.000 64 11
4.375 62 9
4.438 62 9
5.250 62 9
5.375 62 9
5.438 60 7
5.625 58 5
5.688 57 4
5.750 55 2
5.875 55 2
6.000 58 5
6.250 57 4
6.375 57 4
6.812 55 2
7.000 53 0
7.250 57 4
7.375 55 2
7.875 50 9
8.000 53 0
8.250 57 4
8.375 57 4
9.000 55 2
9.062 53 0
9.188 53 0
10.250 57 4
10.375 59 6
10.500 61 8
10.625 62 9
10.688 64 11
10.875 65 0
11.000 64 11
11.188 62 9
11.250 62 9
12.250 62 9
12.312 62 9
12.438 60 7
12.500 58 5
12.750 57 4
12.875 55 2
12.938 58 5
13.250 57 4
13.375 57 4
13.875 55 2
14.000 53 0
14.250 57 4
14.375 55 2
14.875 50 9
15.000 53 0
15.250 57 4
15.375 57 4
16.000 57 4
16.500 57 4
17.000 62 9
17.250 64 11
17.500 65 0
17.750 64 11
17.875 62 9
18.125 64 11
18.375 62 9
18.500 60 7
18.750 62 9
18.875 57 4
20.000 57 4
20.500 57 4
21.000 62 9
21.250 64 11
21.500 65 0
21.750 64 11
21.875 62 9
22.062 64 11
22.375 62 9
22.500 60 7
22.750 64 11
23.000 65 0
24.000 57 4
24.125 53 0
24.188 53 0
25.250 57 4
25.375 59 6
25.500 61 8
25.625 62 9
25.688 64 11
25.875 65 0
26.000 64 11
26.312 62 9
26.500 62 9
27.250 62 9
27.312 62 9
27.438 60 7
27.625 58 5
27.688 57 4
27.750 55 2
27.875 55 2
28.000 58 5
28.250 57 4
28.375 57 4
28.750 55 2
28.875 53 0
29.000 53 0
29.250 57 4
29.438 55 2
29.875 50 9
30.000 53 0
30.250 57 4
30.375 57 4
31.000 57 4
31.500 57 4
32.000 62 9
32.250 64 11
32.500 65 0
32.750 64 11
32.875 62 9
33.125 64 11
33.375 62 9
33.500 60 7
33.750 62 9
33.875 57 4
35.000 57 4
35.500 57 4
36.000 62 9
36.250 64 11
36.500 65 0
36.750 64 11
36.875 62 9
37.000 64 11
37.375 62 9
37.438 60 7
37.500 60 7
37.750 64 11
38.000 65 0
38.250 60 7
38.500 58 5
38.750 57 4
39.000 55 2
39.125 53 0
39.188 53 0
40.250 57 4
40.375 59 6
40.500 61 8
40.625 62 9
40.688 64 11
40.875 65 0
41.000 64 11
41.250 62 9
41.375 62 9
42.250 62 9
42.312 62 9
42.438 60 7
42.625 58 5
42.688 57 4
42.750 55 2
42.875 55 2
43.000 58 5
43.250 57 4
43.375 57 4
43.500 55 2
43.875 55 2
44.000 53 0
44.250 57 4
44.375 55 2
44.875 50 9
45.000 53 0
45.250 57 4
45.375 57 4
46.000 53 0
46.250 57 4
46.500 55 2
46.750 50 9
47.000 53 0
47.250 57 4
47.375 57 4
