4.000 56 0
4.625 56 0
4.750 60 4
4.875 61 5
5.000 60 4
5.125 56 0
5.250 54 10
5.375 56 0
5.625 56 0
5.750 60 4
5.875 61 5
6.000 62 6
6.125 61 5
6.250 59 3
6.375 56 0
6.500 60 4
6.625 56 0
6.750 54 10
6.875 56 0
7.062 56 0
8.000 56 0
8.062 54 10
8.125 56 0
8.625 56 0
8.750 59 3
8.875 56 0
9.000 59 3
9.125 56 0
9.250 54 10
9.625 56 0
9.750 60 4
9.875 61 5
10.000 63 7
10.125 61 5
10.250 59 3
10.375 56 0
10.500 59 3
10.625 56 0
10.688 54 10
10.750 56 0
12.000 58 2
12.625 58 2
12.750 62 6
12.875 63 7
13.000 62 6
13.125 58 2
13.250 56 0
13.625 58 2
13.750 62 6
13.875 63 7
14.000 64 8
14.125 63 7
14.250 61 5
14.375 58 2
14.500 62 6
14.625 58 2
14.750 56 0
14.875 58 2
15.125 58 2
15.562 58 2
16.000 63 7
16.625 63 7
16.750 66 10
16.875 63 7
17.000 66 10
17.125 63 7
17.250 61 5
17.625 63 7
17.750 66 10
17.875 63 7
18.000 66 10
18.125 63 7
18.250 66 10
18.375 63 7
18.500 66 10
18.625 63 7
18.875 61 5
19.000 63 7
19.125 63 7
19.250 61 5
19.375 63 7
19.875 61 5
20.000 63 7
20.125 63 7
20.250 61 5
20.375 63 7
20.875 61 5
21.000 63 7
21.125 63 7
21.250 61 5
21.375 63 7
24.000 56 0
24.625 56 0
24.750 59 3
24.875 56 0
25.000 59 3
25.125 56 0
25.250 54 10
25.625 56 0
25.750 59 3
25.875 61 5
26.000 63 7
26.125 61 5
26.250 59 3
26.375 56 0
26.500 60 4
26.625 56 0
26.688 54 10
26.750 56 0
28.000 56 0
28.625 56 0
28.750 59 3
28.875 56 0
29.000 59 3
29.125 56 0
29.250 54 10
29.625 56 0
29.750 59 3
29.875 61 5
30.000 63 7
30.125 61 5
30.250 59 3
30.375 56 0
30.500 59 3
30.625 56 0
30.688 54 10
30.750 56 0
32.000 58 2
32.625 58 2
32.750 62 6
32.875 63 7
33.000 61 5
33.125 58 2
33.250 56 0
33.625 58 2
33.750 62 6
33.875 63 7
34.000 64 8
34.125 63 7
34.250 61 5
34.375 58 2
34.500 62 6
34.625 58 2
34.750 56 0
34.875 58 2
35.125 58 2
35.562 58 2
36.000 63 7
36.625 63 7
36.750 66 10
36.875 63 7
37.000 66 10
37.125 63 7
37.250 61 5
37.625 63 7
37.750 66 10
37.875 63 7
38.000 66 10
38.125 63 7
38.250 66 10
38.375 63 7
38.500 66 10
38.625 63 7
38.875 61 5
39.000 63 7
39.125 63 7
39.250 61 5
39.375 63 7
39.875 61 5
40.000 63 7
40.125 63 7
40.250 61 5
40.375 63 7
40.875 61 5
41.000 63 7
41.125 63 7
41.250 61 5
41.375 63 7
54.000 63 7
54.625 56 0
54.750 59 3
54.875 56 0
55.000 59 3
55.125 56 0
55.250 54 10
55.625 56 0
55.750 60 4
55.875 61 5
56.000 63 7
56.125 61 5
56.250 59 3
56.375 56 0
56.500 60 4
56.625 56 0
56.688 54 10
56.750 56 0
58.000 56 0
58.625 56 0
58.750 59 3
58.875 56 0
59.000 59 3
59.125 56 0
59.250 54 10
59.625 56 0
59.750 59 3
59.875 61 5
60.000 63 7
60.125 61 5
60.250 59 3
60.375 56 0
60.500 59 3
60.625 56 0
62.000 58 2
62.625 58 2
62.750 61 5
62.875 63 7
63.000 61 5
63.125 58 2
63.250 56 0
63.625 58 2
63.750 62 6
63.875 63 7
64.000 64 8
64.125 63 7
64.250 61 5
64.375 58 2
64.500 62 6
64.625 58 2
64.750 56 0
64.875 58 2
65.125 58 2
65.562 58 2
66.000 63 7
66.625 63 7
66.750 67 11
66.875 63 7
67.000 66 10
67.125 63 7
67.250 61 5
67.625 63 7
67.750 66 10
67.875 63 7
68.000 66 10
68.125 63 7
68.250 66 10
68.375 63 7
68.500 66 10
68.625 63 7
68.875 61 5
69.000 63 7
69.125 63 7
69.250 61 5
69.375 63 7
69.875 61 5
70.000 63 7
70.125 63 7
70.250 61 5
70.375 63 7
70.875 61 5
71.000 63 7
71.125 63 7
71.250 61 5
71.375 63 7
