22.750 60 7
22.875 60 7
23.000 69 4
23.125 69 4
23.250 69 4
23.375 69 4
23.500 70 5
23.625 70 5
23.875 70 5
24.000 67 2
24.125 67 2
24.250 67 2
24.375 67 2
24.500 67 2
24.625 65 0
24.750 69 4
26.625 48 7
26.750 48 7
26.875 48 7
27.000 53 0
27.125 53 0
27.250 53 0
27.500 55 2
27.625 55 2
27.750 55 2
27.875 55 2
28.000 50 9
28.125 50 9
28.250 50 9
28.500 50 9
28.625 48 7
28.750 53 0
31.000 60 7
31.125 60 7
31.250 60 7
31.500 62 9
31.625 62 9
31.750 62 9
31.875 58 5
32.000 58 5
32.125 58 5
32.250 58 5
32.375 58 5
32.500 58 5
32.625 57 4
32.750 60 7
33.000 62 9
34.750 60 7
34.875 60 7
35.000 69 4
35.125 69 4
35.250 69 4
35.375 69 4
35.500 70 5
35.625 70 5
35.875 70 5
36.000 67 2
36.125 67 2
36.250 67 2
36.375 67 2
36.500 67 2
36.625 65 0
36.750 69 4
38.250 62 9
38.500 62 9
38.750 62 9
39.000 58 5
39.125 58 5
39.250 58 5
39.375 58 5
39.500 58 5
39.625 58 5
39.750 58 5
39.875 58 5
40.000 60 7
40.125 60 7
40.250 60 7
40.500 60 7
40.625 60 7
40.750 60 7
42.500 62 9
42.750 62 9
43.000 58 5
43.125 58 5
43.250 58 5
43.375 58 5
43.500 58 5
43.625 58 5
43.750 58 5
43.875 58 5
44.000 60 7
44.250 60 7
44.500 60 7
44.750 60 7
44.875 57 4
46.750 60 7
46.875 60 7
47.000 69 4
47.125 69 4
47.250 69 4
47.375 69 4
47.500 70 5
47.625 70 5
47.875 70 5
48.000 67 2
48.125 67 2
48.250 67 2
48.375 67 2
48.500 67 2
48.625 65 0
48.750 69 4
50.875 48 7
51.000 53 0
51.125 53 0
51.250 53 0
51.375 53 0
51.500 55 2
51.625 55 2
51.750 55 2
52.000 50 9
52.125 50 9
52.250 50 9
52.500 50 9
52.750 48 7
52.875 53 0
55.000 60 7
55.125 60 7
55.250 60 7
55.375 60 7
55.500 62 9
55.625 62 9
55.875 62 9
56.000 58 5
56.250 58 5
56.375 58 5
56.500 58 5
56.625 57 4
56.750 60 7
58.875 60 7
59.000 69 4
59.125 69 4
59.250 69 4
59.375 69 4
59.500 70 5
59.750 70 5
59.875 70 5
60.000 67 2
60.125 67 2
60.250 67 2
60.375 67 2
60.500 67 2
60.625 67 2
60.750 65 0
60.875 69 4
61.500 62 9
61.625 60 7
61.688 58 5
61.750 62 9
61.875 60 7
61.938 62 9
62.250 62 9
62.500 62 9
62.625 60 7
62.750 60 7
62.875 58 5
63.000 58 5
63.125 58 5
63.250 58 5
63.375 58 5
63.500 58 5
63.625 58 5
63.750 58 5
63.875 58 5
64.000 60 7
64.125 60 7
64.250 60 7
64.500 60 7
64.625 60 7
64.750 57 4
66.500 62 9
66.750 62 9
66.875 60 7
67.000 62 9
67.062 60 7
67.125 58 5
67.250 58 5
67.375 58 5
67.500 58 5
67.625 58 5
67.750 58 5
67.875 58 5
68.000 60 7
68.250 60 7
68.500 58 5
68.750 58 5
68.875 53 0
70.250 62 9
70.500 62 9
70.750 60 7
74.250 60 7
74.312 60 7
74.375 60 7
74.438 60 7
74.500 60 7
74.750 60 7
74.875 60 7
75.000 72 7
75.125 72 7
75.250 70 5
75.375 69 4
75.500 72 7
75.625 72 7
75.875 60 7
76.000 72 7
76.125 72 7
76.250 70 5
76.375 68 3
76.500 70 5
76.625 68 3
76.750 72 7
78.625 65 0
78.750 60 7
78.875 60 7
79.000 72 7
79.250 70 5
79.375 68 3
79.500 70 5
79.625 72 7
79.875 60 7
80.000 72 7
80.125 72 7
80.250 70 5
80.375 68 3
80.500 70 5
80.625 70 5
80.750 68 3
80.875 72 7
81.500 60 7
81.688 60 7
81.750 58 5
81.875 56 3
82.000 53 0
82.500 56 3
82.750 58 5
83.000 60 7
83.125 60 7
83.250 60 7
83.375 60 7
83.500 62 9
83.875 60 7
84.000 58 5
84.250 58 5
84.500 58 5
84.625 57 4
84.750 60 7
85.000 62 9
86.500 58 5
86.750 58 5
87.000 72 7
87.125 72 7
87.250 70 5
87.375 68 3
87.500 72 7
87.625 72 7
87.875 60 7
88.000 72 7
88.250 70 5
88.375 68 3
88.500 70 5
88.625 69 4
88.750 69 4
89.500 60 7
89.688 58 5
89.875 56 3
90.250 60 7
90.500 60 7
90.750 60 7
91.000 58 5
91.125 58 5
91.250 58 5
91.375 58 5
91.500 58 5
91.625 58 5
91.750 58 5
91.875 58 5
92.000 60 7
92.125 60 7
92.250 60 7
92.500 58 5
92.625 56 3
92.750 56 3
93.750 53 0
93.812 53 0
93.875 53 0
93.938 53 0
94.000 53 0
94.500 60 7
94.750 60 7
95.000 58 5
95.125 58 5
95.250 58 5
95.375 58 5
95.500 58 5
95.625 58 5
95.750 58 5
95.875 58 5
96.000 60 7
96.250 60 7
96.500 60 7
96.750 60 7
96.875 57 4
98.000 60 7
98.125 60 7
98.188 58 5
98.312 56 3
98.500 53 0
98.875 53 0
99.000 58 5
99.125 58 5
99.250 58 5
99.375 58 5
99.500 58 5
99.625 58 5
99.750 58 5
99.875 58 5
100.000 60 7
100.125 60 7
100.250 60 7
100.500 60 7
100.625 60 7
100.750 57 4
102.500 63 10
102.750 63 10
102.875 62 9
103.000 62 9
103.125 62 9
103.250 58 5
103.375 58 5
103.500 58 5
103.625 58 5
103.750 58 5
103.875 58 5
104.000 60 7
104.250 60 7
104.500 60 7
104.750 60 7
104.875 57 4
106.438 60 7
106.562 60 7
106.688 58 5
106.875 56 3
106.938 58 5
107.062 56 3
107.125 53 0
107.875 60 7
108.000 53 0
108.438 60 7
108.562 58 5
108.688 58 5
108.812 58 5
108.938 57 4
110.438 60 7
110.562 58 5
110.688 58 5
110.812 58 5
110.938 57 4
112.875 60 7
113.000 60 7
114.000 65 0
114.062 65 0
114.188 65 0
114.312 65 0
114.500 63 10
114.625 60 7
114.875 48 7
115.000 53 0
115.125 53 0
115.250 53 0
115.375 53 0
115.500 53 0
115.625 53 0
115.750 57 4
115.875 58 5
116.000 60 7
116.125 60 7
116.250 60 7
116.500 58 5
116.625 56 3
116.750 58 5
116.875 56 3
117.812 60 7
118.000 60 7
118.062 58 5
118.125 56 3
118.500 60 7
118.750 60 7
119.000 65 0
119.125 65 0
119.250 65 0
119.375 65 0
119.500 65 0
119.625 65 0
119.750 65 0
119.875 67 2
120.000 69 4
120.250 69 4
120.500 69 4
120.750 69 4
120.875 65 0
121.438 62 9
121.562 60 7
121.688 58 5
121.812 56 3
121.938 58 5
122.062 56 3
122.125 53 0
123.688 65 0
123.812 60 7
123.875 60 7
123.938 60 7
124.000 62 9
124.438 65 0
124.562 62 9
124.688 65 0
124.812 62 9
124.938 65 0
125.688 65 0
125.812 60 7
125.875 60 7
125.938 60 7
126.000 62 9
127.875 65 0
127.938 65 0
128.000 65 0
128.125 60 7
128.250 60 7
128.375 60 7
128.438 62 9
129.250 60 7
129.312 60 7
129.375 60 7
129.438 60 7
129.500 62 9
129.812 60 7
129.875 60 7
129.938 60 7
130.000 60 7
130.125 60 7
130.250 60 7
130.375 60 7
130.438 62 9
132.000 63 10
132.125 63 10
132.188 63 10
132.312 63 10
132.438 63 10
132.562 63 10
132.688 63 10
132.812 63 10
132.875 63 10
133.000 65 0
134.125 63 10
134.188 63 10
134.312 63 10
134.625 63 10
134.750 63 10
135.000 65 0
135.375 69 4
136.125 63 10
136.250 63 10
136.500 63 10
136.625 63 10
136.688 63 10
136.812 63 10
136.875 63 10
137.000 67 2
137.375 69 4
137.875 63 10
138.000 65 0
138.125 63 10
138.250 65 0
138.375 63 10
138.438 65 0
138.562 63 10
139.000 67 2
139.375 69 4
140.000 65 0
140.062 63 10
140.188 65 0
140.312 63 10
140.438 65 0
140.562 63 10
140.688 63 10
141.000 67 2
141.375 69 4
142.000 65 0
142.062 63 10
142.188 65 0
142.312 65 0
142.438 65 0
142.562 63 10
142.688 63 10
143.000 67 2
143.375 69 4
144.000 65 0
144.125 60 7
144.188 65 0
144.312 65 0
144.438 69 4
144.562 65 0
144.688 65 0
144.812 62 9
145.000 67 2
145.375 69 4
145.875 65 0
145.938 65 0
146.375 65 0
146.438 65 0
146.625 65 0
146.750 65 0
147.000 67 2
147.375 69 4
148.000 65 0
148.125 63 10
148.188 65 0
148.312 65 0
149.000 67 2
149.375 69 4
150.000 65 0
150.125 63 10
150.250 65 0
150.312 65 0
150.375 65 0
150.438 65 0
150.500 65 0
150.625 60 7
150.750 63 10
151.000 67 2
151.375 69 4
152.062 75 10
152.188 77 0
152.312 79 2
152.438 81 4
153.000 67 2
153.375 69 4
155.000 67 2
155.375 69 4
156.125 65 0
156.188 65 0
156.500 65 0
156.625 60 7
156.688 62 9
157.000 67 2
157.375 69 4
158.125 72 7
158.188 74 9
158.500 72 7
158.750 68 3
158.875 67 2
159.000 67 2
159.375 69 4
159.625 63 10
159.750 63 10
161.000 67 2
161.375 69 4
161.875 63 10
161.938 63 10
162.000 63 10
162.125 63 10
162.188 63 10
162.312 63 10
162.438 65 0
162.562 63 10
162.688 63 10
162.812 63 10
162.875 63 10
163.000 67 2
163.375 69 4
164.062 60 7
164.125 62 9
164.250 65 0
164.312 65 0
164.375 65 0
164.438 62 9
165.000 67 2
165.375 69 4
165.625 77 0
