8.250 59 4
8.500 62 7
8.750 59 4
8.875 64 9
9.250 59 4
9.375 62 7
9.750 64 9
10.250 59 4
12.250 55 0
12.375 59 4
12.750 60 5
13.000 59 4
13.125 57 2
13.250 55 0
13.750 57 2
14.000 52 9
14.250 59 4
14.375 59 4
16.250 59 4
16.500 62 7
16.750 62 7
16.875 64 9
17.250 59 4
17.500 62 7
17.750 64 9
18.000 59 4
20.250 55 0
20.500 59 4
20.750 60 5
21.000 59 4
21.250 57 2
21.375 55 0
21.625 57 2
21.750 55 0
24.250 55 0
24.500 59 4
24.750 60 5
25.000 59 4
25.250 57 2
25.375 55 0
25.625 57 2
25.750 55 0
28.250 62 7
28.500 62 7
28.625 62 7
28.875 64 9
29.250 59 4
29.500 62 7
29.625 64 9
29.875 59 4
32.250 55 0
32.500 59 4
32.625 60 5
32.875 59 4
33.125 57 2
33.500 55 0
33.750 57 2
33.875 52 9
34.250 59 4
34.500 59 4
36.250 59 4
36.500 62 7
36.750 59 4
37.000 64 9
37.125 59 4
37.500 62 7
37.625 64 9
38.000 59 4
40.250 55 0
40.500 59 4
40.750 60 5
41.000 59 4
41.250 57 2
41.375 55 0
42.000 59 4
42.125 58 3
42.250 59 4
42.375 58 3
42.500 59 4
42.625 58 3
42.750 59 4
42.875 58 3
43.000 59 4
43.125 58 3
43.250 59 4
43.375 58 3
43.500 59 4
43.750 64 9
44.000 67 0
46.250 59 4
46.500 62 7
46.750 59 4
47.000 64 9
47.250 59 4
47.375 62 7
47.750 64 9
48.250 59 4
50.250 55 0
50.500 59 4
50.750 60 5
50.875 59 4
51.250 57 2
51.500 55 0
51.750 57 2
52.000 52 9
52.250 59 4
52.375 59 4
54.250 59 4
54.500 62 7
54.750 59 4
55.000 64 9
55.125 59 4
55.500 62 7
55.750 64 9
55.875 59 4
58.250 55 0
58.375 59 4
58.750 60 5
59.000 59 4
59.250 57 2
59.375 55 0
60.500 59 4
60.750 60 5
61.000 59 4
61.500 64 9
62.000 67 0
63.750 64 9
64.000 67 0
64.500 64 9
65.000 59 4
65.125 60 5
65.250 59 4
65.375 60 5
65.500 59 4
65.625 60 5
65.750 59 4
65.875 60 5
66.000 59 4
66.125 60 5
66.250 59 4
66.375 60 5
66.500 59 4
66.625 60 5
66.750 59 4
66.875 60 5
67.000 59 4
67.125 60 5
67.250 59 4
67.375 60 5
67.500 59 4
67.625 60 5
67.750 59 4
67.875 60 5
91.750 56 4
91.875 59 7
92.625 56 4
92.750 59 7
92.875 58 6
93.000 59 7
93.750 59 7
93.875 56 4
94.000 59 7
94.375 56 4
94.500 50 10
94.750 50 10
94.875 52 0
96.750 56 4
96.875 57 5
97.000 59 7
97.125 59 7
97.500 59 7
97.750 56 4
98.000 57 5
98.125 54 2
98.250 54 2
98.875 47 7
99.000 56 4
99.125 59 7
99.375 59 7
99.875 49 9
100.000 57 5
100.125 54 2
100.250 54 2
100.375 53 1
100.500 54 2
101.750 59 7
101.875 57 5
102.000 59 7
102.375 52 0
102.500 59 7
102.750 56 4
102.875 59 7
103.750 59 7
103.875 56 4
104.000 59 7
104.375 50 10
104.500 52 0
104.625 50 10
105.000 52 0
106.750 56 4
106.875 57 5
107.000 59 7
107.125 59 7
107.500 59 7
107.750 56 4
108.000 57 5
108.125 54 2
108.500 54 2
108.875 52 0
109.000 59 7
109.083 59 7
109.167 59 7
109.375 59 7
109.625 56 4
109.750 56 4
109.875 57 5
110.000 54 2
110.125 54 2
110.250 54 2
110.375 54 2
111.000 64 9
112.500 62 7
112.750 60 5
113.000 59 4
114.500 62 7
114.750 64 9
115.000 66 11
116.500 67 0
116.750 66 11
117.000 66 11
117.250 64 9
118.500 64 9
118.750 64 9
119.000 64 9
121.000 64 9
122.500 65 10
122.750 64 9
123.000 62 7
124.500 62 7
124.750 64 9
125.000 66 11
126.500 67 0
126.750 66 11
127.000 66 11
127.250 64 9
131.250 59 4
131.500 62 7
131.750 59 4
131.875 64 9
132.250 59 4
132.375 62 7
132.750 64 9
133.000 59 4
135.250 55 0
135.500 59 4
135.750 60 5
135.875 59 4
136.250 57 2
136.500 55 0
136.750 57 2
137.000 52 9
137.250 59 4
137.375 59 4
139.250 59 4
139.500 62 7
139.750 59 4
139.875 64 9
140.250 59 4
140.375 62 7
140.750 64 9
141.000 59 4
143.250 55 0
143.500 59 4
143.750 60 5
143.875 59 4
144.250 57 2
144.375 55 0
145.000 59 4
145.125 58 3
145.250 59 4
145.375 58 3
145.500 59 4
145.625 58 3
145.750 59 4
145.875 58 3
146.000 59 4
146.125 58 3
146.250 59 4
146.375 58 3
146.500 59 4
146.750 64 9
147.000 67 0
148.750 64 9
149.000 67 0
149.500 64 9
150.000 59 4
150.125 60 5
150.250 59 4
150.375 60 5
150.500 59 4
150.625 60 5
150.750 59 4
150.875 60 5
151.000 59 4
151.125 60 5
151.250 59 4
151.375 60 5
151.500 59 4
151.625 60 5
151.750 59 4
151.875 60 5
152.000 59 4
152.125 60 5
152.250 59 4
152.375 60 5
152.500 59 4
152.625 60 5
152.750 59 4
152.875 60 5
