0.625 60 5
0.750 60 5
0.875 59 4
1.000 62 7
1.500 62 7
1.875 62 7
2.625 62 7
2.750 62 7
2.875 60 5
3.000 62 7
3.125 65 10
3.625 62 7
3.750 60 5
3.875 62 7
4.000 60 5
4.125 59 4
4.625 60 5
4.750 60 5
4.875 59 4
5.000 62 7
5.500 62 7
5.875 62 7
6.625 62 7
6.750 62 7
6.875 60 5
7.000 62 7
7.125 65 10
7.625 62 7
7.750 60 5
7.875 62 7
8.000 60 5
8.125 59 4
8.625 60 5
8.750 62 7
8.875 62 7
9.000 64 9
9.125 63 8
9.250 62 7
9.375 60 5
9.625 63 8
9.750 64 9
9.875 65 10
10.000 66 11
10.125 65 10
10.250 64 9
10.375 62 7
10.625 59 4
10.750 60 5
10.875 59 4
11.000 62 7
11.125 55 0
11.500 58 3
11.625 60 5
11.875 58 3
12.625 60 5
12.750 60 5
12.875 59 4
13.000 62 7
13.500 62 7
13.875 62 7
14.625 60 5
14.750 62 7
14.875 60 5
15.000 62 7
15.125 65 10
15.625 61 6
15.750 62 7
15.875 60 5
16.000 62 7
16.062 60 5
16.125 59 4
16.750 60 5
16.875 59 4
17.000 62 7
17.125 62 7
17.250 62 7
17.375 62 7
17.500 62 7
17.625 62 7
17.875 62 7
18.625 60 5
18.750 62 7
18.875 60 5
19.000 62 7
19.125 65 10
19.625 62 7
19.750 60 5
19.875 62 7
20.000 60 5
20.125 59 4
20.625 62 7
20.750 62 7
20.875 62 7
21.000 64 9
21.125 63 8
21.250 62 7
21.375 60 5
21.625 63 8
21.750 64 9
21.875 65 10
22.000 66 11
22.125 65 10
22.250 64 9
22.375 62 7
22.625 59 4
22.750 60 5
22.875 59 4
23.000 62 7
23.125 55 0
23.500 58 3
23.625 60 5
23.875 58 3
24.500 62 7
24.625 67 0
24.875 64 9
25.000 66 11
26.000 67 0
26.125 66 11
26.250 64 9
26.375 64 9
26.625 66 11
26.750 67 0
26.875 64 9
27.000 66 11
28.500 62 7
28.625 66 11
28.875 67 0
30.000 67 0
30.125 66 11
30.250 64 9
30.375 64 9
30.625 66 11
30.750 67 0
31.000 69 2
31.875 69 2
32.375 69 2
32.625 59 4
32.750 60 5
32.875 59 4
33.000 62 7
33.500 62 7
33.875 62 7
34.625 60 5
34.750 62 7
34.875 60 5
35.000 62 7
35.125 65 10
35.625 62 7
35.750 60 5
35.875 62 7
36.000 60 5
36.125 59 4
36.625 59 4
36.750 60 5
36.875 59 4
37.000 62 7
37.500 62 7
37.875 62 7
38.625 62 7
38.750 62 7
38.875 60 5
39.000 62 7
39.125 65 10
39.625 62 7
39.750 60 5
39.875 62 7
40.000 60 5
40.125 59 4
40.625 60 5
40.750 62 7
40.875 62 7
41.000 64 9
41.125 63 8
41.250 62 7
41.375 60 5
41.625 63 8
41.750 64 9
41.875 65 10
42.000 66 11
42.125 65 10
42.250 64 9
42.375 62 7
42.625 59 4
42.750 60 5
42.875 59 4
43.000 62 7
43.125 55 0
43.500 58 3
43.625 60 5
43.875 58 3
52.625 62 7
52.750 62 7
52.875 63 8
53.000 64 9
53.125 63 8
53.250 62 7
53.375 60 5
53.625 63 8
53.750 64 9
53.875 65 10
54.000 66 11
54.125 65 10
54.250 64 9
54.375 62 7
54.625 59 4
54.750 60 5
54.875 59 4
55.000 62 7
55.125 55 0
55.500 58 3
55.625 60 5
55.875 58 3
56.500 62 7
56.625 67 0
56.875 66 11
58.000 67 0
58.125 66 11
58.250 64 9
58.375 64 9
58.625 66 11
58.750 67 0
58.875 64 9
59.000 66 11
59.375 62 7
60.500 62 7
60.625 66 11
60.875 67 0
62.000 67 0
62.125 66 11
62.250 64 9
62.375 64 9
62.625 66 11
62.750 67 0
63.000 69 2
63.875 69 2
64.375 69 2
64.625 59 4
64.750 60 5
64.875 59 4
65.000 62 7
65.500 62 7
65.875 62 7
66.625 60 5
66.750 62 7
66.875 60 5
67.000 62 7
67.125 65 10
67.625 62 7
67.750 60 5
67.875 62 7
68.000 60 5
68.125 59 4
68.625 60 5
68.750 60 5
68.875 59 4
69.000 62 7
69.500 62 7
69.875 62 7
70.000 60 5
70.062 59 4
70.625 60 5
70.750 62 7
70.875 60 5
71.000 62 7
71.125 65 10
71.625 62 7
71.750 60 5
71.875 62 7
72.000 60 5
72.125 59 4
72.625 62 7
72.750 62 7
72.875 62 7
73.000 64 9
73.125 63 8
73.250 62 7
73.375 60 5
73.625 63 8
73.750 64 9
73.875 65 10
74.000 66 11
74.125 65 10
74.250 64 9
74.375 62 7
74.625 59 4
74.750 60 5
74.875 59 4
75.000 62 7
75.125 55 0
75.500 58 3
75.625 60 5
75.875 58 3
76.625 59 4
76.750 60 5
76.875 59 4
77.000 62 7
77.125 55 0
77.500 58 3
77.625 60 5
77.875 58 3
78.625 59 4
78.750 60 5
78.875 59 4
79.000 62 7
79.500 62 7
79.875 62 7
