8.438 55 7
8.500 64 4
8.625 62 2
8.688 64 4
8.812 62 2
8.938 62 2
9.062 62 2
9.125 60 0
9.188 60 0
9.562 57 9
9.625 55 7
10.438 60 0
10.562 57 9
10.625 62 2
10.688 62 2
10.750 57 9
10.938 60 0
11.000 57 9
11.062 60 0
11.125 57 9
12.375 59 11
12.438 57 9
12.500 59 11
12.562 59 11
12.688 57 9
12.812 57 9
12.875 57 9
13.000 55 7
13.125 55 7
13.188 57 9
14.438 55 7
14.500 64 4
14.750 62 2
14.812 60 0
14.875 60 0
15.062 57 9
15.125 64 4
16.438 60 0
16.500 62 2
16.625 60 0
16.688 60 0
16.750 60 0
16.875 57 9
16.938 60 0
17.062 60 0
17.125 62 2
18.438 57 9
18.469 57 9
18.500 59 11
18.625 59 11
18.750 57 9
18.812 57 9
18.875 57 9
18.938 57 9
19.062 55 7
20.375 62 2
20.438 64 4
20.562 67 7
20.688 67 7
20.812 67 7
20.875 64 4
20.938 67 7
21.000 69 9
21.344 64 4
21.594 62 2
21.625 64 4
21.750 64 4
21.812 62 2
21.875 60 0
22.375 60 0
22.438 62 2
22.625 60 0
22.688 62 2
22.875 57 9
22.938 60 0
23.062 57 9
23.500 64 4
23.688 64 4
23.875 67 7
24.000 69 9
24.375 67 7
24.750 62 2
24.875 64 4
25.062 62 2
25.125 60 0
25.250 60 0
25.562 62 2
25.625 64 4
26.375 60 0
26.438 60 0
26.562 62 2
26.625 60 0
26.750 60 0
26.875 57 9
27.062 60 0
27.125 57 9
28.438 59 11
28.500 57 9
28.562 59 11
28.688 57 9
28.750 59 11
28.938 57 9
29.062 57 9
29.188 55 7
29.250 57 9
29.875 57 9
30.062 60 0
30.125 60 0
30.250 60 0
30.312 57 9
30.375 55 7
30.875 57 9
30.938 60 0
31.062 64 4
31.188 62 2
31.250 60 0
40.562 55 7
40.625 64 4
40.688 62 2
40.750 64 4
40.875 62 2
41.000 62 2
41.062 60 0
41.125 60 0
41.375 57 9
41.438 55 7
42.438 60 0
42.469 60 0
42.500 62 2
42.625 57 9
42.688 57 9
42.750 60 0
42.875 57 9
42.938 60 0
43.062 57 9
44.406 57 9
44.438 57 9
44.500 59 11
44.625 57 9
44.688 59 11
44.812 57 9
44.938 57 9
45.042 55 7
45.083 55 7
45.125 57 9
46.438 64 4
46.562 64 4
46.688 62 2
46.750 60 0
46.875 60 0
46.938 64 4
47.125 62 2
47.188 60 0
48.375 60 0
48.438 60 0
48.500 62 2
48.625 62 2
48.812 60 0
48.938 57 9
49.000 60 0
49.125 62 2
50.375 57 9
50.406 57 9
50.438 59 11
50.562 59 11
50.750 57 9
50.812 57 9
50.875 57 9
51.000 55 7
52.375 62 2
52.438 64 4
52.562 69 9
52.750 67 7
52.875 64 4
53.000 62 2
53.188 60 0
53.250 62 2
53.375 64 4
54.375 57 9
54.438 60 0
54.562 62 2
54.688 60 0
54.750 62 2
54.938 57 9
55.062 60 0
55.188 57 9
55.500 64 4
55.688 64 4
55.875 67 7
56.000 69 9
56.375 67 7
56.750 62 2
56.875 64 4
57.125 62 2
57.167 64 4
57.375 62 2
57.417 64 4
57.542 62 2
57.583 60 0
57.625 60 0
57.833 57 9
57.875 55 7
58.375 60 0
58.438 60 0
58.562 62 2
58.625 60 0
58.688 62 2
58.875 57 9
59.000 60 0
59.125 57 9
60.438 59 11
60.469 57 9
60.562 59 11
60.688 57 9
60.750 59 11
60.938 57 9
61.062 57 9
61.188 55 7
61.250 57 9
61.875 57 9
62.000 60 0
62.125 60 0
62.438 57 9
62.500 55 7
62.812 57 9
62.938 60 0
63.062 64 4
63.188 62 2
63.250 60 0
71.500 64 4
71.688 64 4
71.875 67 7
