8.000 53 4
8.125 53 4
8.500 53 4
8.625 54 5
8.875 56 7
10.000 65 4
10.250 63 2
10.375 61 0
10.750 59 10
10.875 56 7
12.000 53 4
12.125 53 4
12.500 53 4
12.625 54 5
12.875 56 7
14.000 65 4
14.250 63 2
14.375 61 0
14.750 59 10
14.875 56 7
16.000 53 4
16.125 53 4
16.500 53 4
16.625 54 5
16.875 56 7
18.000 65 4
18.250 63 2
18.375 61 0
18.750 59 10
18.875 56 7
20.000 53 4
20.125 53 4
20.500 53 4
20.625 54 5
20.875 56 7
22.000 65 4
22.250 63 2
22.375 61 0
22.750 59 10
22.875 56 7
24.500 58 9
24.625 59 10
24.875 61 0
25.500 58 9
25.625 61 0
25.875 65 4
26.250 63 2
26.375 61 0
26.750 59 10
26.875 56 7
27.500 56 7
27.625 58 9
27.875 59 10
28.000 56 7
28.500 58 9
28.625 56 7
28.875 65 4
30.000 65 4
30.250 63 2
30.375 63 2
32.000 65 4
32.250 63 2
32.375 63 2
34.000 53 4
34.125 53 4
34.500 53 4
34.625 53 4
34.750 54 5
34.875 56 7
36.000 65 4
36.250 63 2
36.375 61 0
36.750 59 10
36.875 56 7
38.000 53 4
38.125 53 4
38.500 53 4
38.750 54 5
38.875 56 7
40.000 65 4
40.250 63 2
40.375 61 0
40.750 59 10
40.875 56 7
42.000 53 4
42.125 53 4
42.500 53 4
42.750 54 5
42.875 56 7
44.000 65 4
44.250 63 2
44.375 61 0
44.750 59 10
44.875 56 7
46.000 53 4
46.125 53 4
46.500 53 4
46.750 54 5
46.875 56 7
48.000 65 4
48.250 63 2
48.375 61 0
48.750 59 10
48.875 56 7
49.125 56 7
49.250 56 7
49.375 54 5
49.500 53 4
49.625 51 2
49.750 49 0
50.500 58 9
50.625 59 10
50.875 61 0
51.500 58 9
51.625 61 0
51.875 65 4
52.250 63 2
52.375 61 0
52.750 59 10
52.875 56 7
53.500 56 7
53.625 58 9
53.875 59 10
54.000 56 7
54.500 58 9
54.625 56 7
54.875 65 4
56.000 65 4
56.250 63 2
56.375 63 2
58.000 65 4
58.250 63 2
58.375 63 2
60.000 65 4
60.250 63 2
60.375 63 2
62.000 65 4
62.250 63 2
62.375 63 2
63.000 65 4
63.250 63 2
63.500 61 0
63.750 58 9
63.875 56 7
68.000 56 7
68.250 56 7
68.375 56 7
68.750 54 5
68.875 53 4
69.250 51 2
69.375 49 0
70.000 56 7
70.250 56 7
70.375 56 7
70.750 54 5
70.875 53 4
71.250 51 2
71.375 49 0
72.000 56 7
72.250 56 7
72.375 56 7
72.750 54 5
72.875 53 4
73.250 51 2
73.375 49 0
74.000 56 7
74.250 56 7
74.375 56 7
74.750 54 5
74.875 53 4
75.250 51 2
75.375 49 0
76.000 56 7
76.250 56 7
76.375 56 7
76.750 54 5
76.875 53 4
77.250 51 2
77.375 49 0
78.000 56 7
78.250 56 7
78.375 56 7
78.750 54 5
78.875 53 4
79.250 51 2
79.375 49 0
80.000 56 7
80.250 56 7
80.375 56 7
80.750 54 5
80.875 53 4
81.250 51 2
81.375 49 0
82.000 56 7
82.250 56 7
82.375 56 7
82.750 54 5
82.875 53 4
83.250 51 2
83.375 49 0
84.000 56 7
84.250 56 7
84.375 56 7
84.750 54 5
84.875 53 4
85.250 51 2
85.375 49 0
86.000 56 7
86.250 56 7
86.375 56 7
86.750 54 5
86.875 53 4
87.250 51 2
87.375 49 0
88.000 56 7
88.250 56 7
88.375 56 7
88.750 54 5
88.875 53 4
89.250 51 2
89.375 49 0
90.000 56 7
90.250 56 7
90.375 56 7
90.750 54 5
90.875 53 4
91.250 51 2
91.375 49 0
92.000 56 7
92.250 56 7
92.375 56 7
92.750 54 5
92.875 53 4
93.250 51 2
93.375 49 0
94.000 56 7
94.250 56 7
94.375 56 7
94.750 54 5
94.875 53 4
95.250 51 2
95.375 49 0
96.000 56 7
96.250 56 7
96.375 56 7
96.750 54 5
96.875 53 4
97.250 51 2
97.375 49 0
98.000 56 7
98.250 56 7
98.375 56 7
98.750 54 5
98.875 53 4
99.250 51 2
99.375 49 0
100.000 56 7
100.250 56 7
100.375 56 7
100.750 54 5
100.875 53 4
101.250 51 2
101.375 49 0
102.000 56 7
102.250 56 7
102.375 56 7
102.750 54 5
102.875 53 4
103.250 51 2
103.375 49 0
104.000 56 7
104.250 56 7
104.375 56 7
104.750 54 5
104.875 53 4
105.250 51 2
105.375 49 0
106.000 56 7
106.250 56 7
106.375 56 7
106.750 54 5
106.875 53 4
107.250 51 2
107.375 49 0
