1.000 56 4
1.125 54 2
1.250 52 0
1.375 47 7
1.500 49 9
2.000 61 9
2.250 61 9
2.500 59 7
2.750 57 5
3.000 56 4
3.125 54 2
3.250 52 0
3.375 47 7
3.500 49 9
4.000 61 9
4.250 61 9
4.500 59 7
4.875 57 5
5.000 56 4
5.250 56 4
5.500 56 4
6.250 57 5
6.375 57 5
6.500 59 7
6.875 57 5
7.000 56 4
7.250 56 4
7.500 56 4
8.125 57 5
8.250 57 5
8.375 57 5
8.500 57 5
8.625 59 7
8.875 57 5
9.000 56 4
9.125 54 2
9.250 56 4
9.500 61 9
9.750 56 4
9.875 54 2
10.000 52 0
10.125 52 0
10.250 52 0
10.375 52 0
10.500 54 2
10.875 54 2
11.000 56 4
11.125 54 2
11.250 52 0
11.375 47 7
11.500 49 9
12.000 61 9
12.250 61 9
12.500 59 7
12.875 57 5
13.000 56 4
13.250 56 4
13.500 56 4
14.250 57 5
14.375 57 5
14.500 59 7
14.875 57 5
15.000 56 4
15.250 56 4
15.500 56 4
16.125 57 5
16.250 57 5
16.375 57 5
16.500 59 7
16.875 57 5
17.000 56 4
17.125 56 4
17.250 56 4
17.500 61 9
17.750 56 4
17.875 54 2
18.000 52 0
18.125 52 0
18.250 52 0
18.375 52 0
18.500 54 2
18.875 54 2
19.000 56 4
19.125 54 2
19.250 52 0
21.000 61 9
21.125 61 9
21.250 61 9
21.375 61 9
21.500 61 9
22.000 59 7
22.125 59 7
22.250 59 7
22.375 59 7
22.500 59 7
23.000 57 5
23.125 57 5
23.250 57 5
23.750 59 7
23.875 57 5
24.000 56 4
25.000 61 9
25.125 61 9
25.250 61 9
25.375 61 9
25.500 61 9
26.250 63 11
26.500 59 7
26.875 59 7
27.000 61 9
27.167 61 9
27.333 61 9
27.500 61 9
27.667 59 7
27.833 58 6
28.000 59 7
28.750 57 5
28.875 56 4
29.000 56 4
29.250 56 4
29.500 56 4
30.125 57 5
30.250 57 5
30.375 57 5
30.500 59 7
30.875 57 5
31.000 56 4
31.250 56 4
31.500 56 4
32.125 57 5
32.250 57 5
32.375 57 5
32.500 59 7
32.875 57 5
33.000 56 4
33.125 54 2
33.250 56 4
33.500 61 9
33.750 56 4
33.875 54 2
34.000 52 0
34.125 52 0
34.250 52 0
34.375 52 0
34.500 54 2
34.875 54 2
35.000 56 4
35.125 54 2
35.250 52 0
35.375 47 7
35.500 49 9
36.000 61 9
36.250 61 9
36.500 59 7
36.750 57 5
37.000 56 4
37.125 54 2
37.250 52 0
37.375 47 7
37.500 49 9
37.875 52 0
38.000 52 0
39.000 61 9
39.125 61 9
39.250 61 9
39.375 61 9
39.500 61 9
40.000 59 7
40.125 59 7
40.250 59 7
40.375 59 7
40.500 59 7
41.000 57 5
41.125 57 5
41.250 57 5
41.750 59 7
41.875 57 5
42.000 56 4
43.000 61 9
43.125 61 9
43.250 61 9
43.375 61 9
43.500 61 9
44.250 63 11
44.500 59 7
44.875 59 7
45.000 61 9
45.167 61 9
45.333 61 9
45.500 61 9
45.667 59 7
45.833 58 6
46.000 59 7
46.750 57 5
46.875 56 4
47.000 56 4
47.250 56 4
47.500 56 4
48.125 57 5
48.250 57 5
48.375 57 5
48.500 59 7
48.875 57 5
49.000 56 4
49.250 56 4
49.500 56 4
50.125 57 5
50.250 57 5
50.375 57 5
50.500 59 7
50.875 57 5
51.000 56 4
51.125 55 3
51.250 56 4
51.500 61 9
51.750 56 4
51.875 54 2
52.000 52 0
52.125 52 0
52.250 52 0
52.375 52 0
52.500 54 2
52.875 54 2
53.000 56 4
53.125 54 2
53.250 52 0
53.375 47 7
53.500 49 9
54.000 61 9
54.250 61 9
54.500 59 7
54.750 57 5
55.000 56 4
55.125 54 2
55.250 52 0
55.375 47 7
55.500 49 9
56.000 61 9
56.250 61 9
56.500 59 7
56.750 57 5
57.000 56 4
57.125 54 2
57.250 52 0
57.375 47 7
57.500 49 9
58.000 61 9
58.250 61 9
58.500 59 7
58.750 57 5
