8.000 60 0
8.375 60 0
8.625 60 0
9.000 60 0
9.250 60 0
9.375 65 5
9.625 60 0
9.875 60 0
10.375 60 0
10.625 60 0
11.000 60 0
11.125 60 0
11.375 65 5
11.875 60 0
12.000 60 0
12.125 60 0
12.250 60 0
12.375 60 0
12.625 60 0
12.875 60 0
13.000 60 0
13.125 60 0
13.250 60 0
13.375 64 4
13.625 65 5
13.875 60 0
14.000 60 0
14.125 60 0
14.250 62 2
14.500 64 4
15.000 62 2
15.250 64 4
15.500 62 2
15.750 64 4
15.875 62 2
16.000 62 2
17.500 62 2
17.750 62 2
18.000 60 0
18.750 57 9
19.000 64 4
19.375 60 0
19.750 60 0
20.000 60 0
22.125 60 0
22.375 60 0
22.625 55 7
22.750 64 4
22.875 62 2
24.000 60 0
24.250 60 0
24.375 60 0
24.625 60 0
24.875 60 0
25.000 60 0
25.375 65 5
25.625 60 0
25.875 60 0
26.000 60 0
26.125 60 0
26.250 60 0
26.500 60 0
26.875 60 0
27.000 60 0
27.375 65 5
27.625 60 0
27.875 60 0
28.000 60 0
28.125 60 0
28.250 60 0
28.500 60 0
28.750 60 0
28.875 60 0
29.000 60 0
29.125 60 0
29.375 65 5
29.625 60 0
29.875 60 0
30.000 60 0
30.250 60 0
30.375 60 0
30.625 60 0
30.875 60 0
31.000 64 4
31.250 64 4
31.500 64 4
31.750 64 4
32.000 64 4
32.125 62 2
32.250 64 4
33.375 62 2
33.500 62 2
33.750 62 2
34.000 65 5
35.000 64 4
35.375 60 0
35.750 60 0
36.000 60 0
38.500 63 3
38.625 63 3
38.875 65 5
39.000 62 2
39.125 64 4
50.875 59 11
51.000 60 0
51.125 60 0
51.375 60 0
51.625 60 0
52.000 60 0
52.125 60 0
52.250 60 0
52.500 65 5
52.875 60 0
53.000 60 0
53.125 60 0
53.250 62 2
53.500 63 3
53.875 64 4
54.125 66 6
54.250 66 6
54.375 60 0
54.625 60 0
54.875 60 0
55.375 60 0
55.625 60 0
56.000 60 0
56.125 60 0
56.375 65 5
56.625 60 0
56.875 60 0
57.375 64 4
58.000 64 4
58.125 63 3
58.250 65 5
58.375 64 4
58.500 65 5
58.625 62 2
58.750 63 3
58.875 62 2
59.000 62 2
60.500 62 2
60.750 62 2
61.000 60 0
61.750 57 9
62.000 64 4
62.375 60 0
62.750 60 0
63.000 60 0
65.875 64 4
66.000 65 5
66.125 65 5
66.250 65 5
66.375 66 6
66.500 67 7
75.000 60 0
75.250 60 0
75.375 60 0
75.625 60 0
75.750 60 0
76.000 60 0
76.125 60 0
76.375 65 5
76.625 60 0
76.875 60 0
77.000 60 0
77.375 60 0
77.625 60 0
78.000 60 0
78.125 60 0
78.375 62 2
78.625 60 0
78.875 60 0
79.000 60 0
79.375 60 0
79.625 60 0
80.000 60 0
80.125 60 0
80.375 65 5
80.625 60 0
80.875 60 0
81.375 60 0
81.625 60 0
81.750 60 0
81.875 60 0
82.000 60 0
82.375 62 2
82.750 62 2
83.000 62 2
84.500 62 2
85.000 60 0
85.125 60 0
85.875 57 9
86.500 60 0
87.000 60 0
89.125 60 0
89.375 60 0
89.500 60 0
89.667 60 0
89.833 60 0
90.000 63 3
90.125 60 0
90.375 60 0
91.000 62 2
92.500 62 2
92.750 62 2
93.000 60 0
93.750 57 9
94.000 64 4
94.375 60 0
94.750 60 0
95.000 60 0
98.750 60 0
99.000 62 2
100.500 62 2
100.750 62 2
101.000 60 0
101.750 57 9
102.000 64 4
102.375 60 0
102.750 60 0
103.000 60 0
105.500 62 2
105.625 57 9
105.750 55 7
105.875 60 0
106.000 60 0
106.750 63 3
106.875 62 2
107.000 62 2
108.500 62 2
108.750 62 2
109.000 60 0
109.750 57 9
110.000 64 4
110.375 60 0
110.750 60 0
111.000 60 0
112.375 60 0
112.500 60 0
113.000 60 0
113.750 60 0
114.000 60 0
