10.000 76 0
10.062 76 0
10.188 76 0
10.562 74 10
10.625 74 10
10.688 74 10
10.750 74 10
11.062 74 10
11.125 74 10
11.188 74 10
11.250 76 0
11.375 71 7
11.438 69 5
11.562 67 3
11.625 71 7
11.750 69 5
11.812 67 3
11.875 69 5
11.938 67 3
12.125 74 10
12.250 74 10
12.625 74 10
12.688 74 10
12.750 74 10
13.125 71 7
13.250 71 7
13.375 71 7
13.500 74 10
13.562 71 7
13.625 69 5
13.688 71 7
13.812 71 7
13.875 71 7
14.000 75 11
14.062 75 11
14.125 75 11
14.188 71 7
14.250 75 11
14.375 71 7
14.438 67 3
14.500 69 5
14.562 67 3
14.625 71 7
14.750 67 3
15.062 71 7
15.125 71 7
15.188 71 7
15.250 71 7
15.375 71 7
15.438 71 7
15.500 74 10
15.562 74 10
15.625 74 10
15.812 76 0
15.875 76 0
16.125 76 0
16.250 76 0
16.625 74 10
16.750 74 10
17.000 71 7
17.062 71 7
17.125 71 7
17.188 71 7
17.250 71 7
17.312 71 7
17.375 71 7
17.438 71 7
17.500 74 10
17.562 74 10
17.625 71 7
17.812 71 7
17.875 75 11
18.000 71 7
18.750 75 11
18.812 71 7
19.000 75 11
19.062 71 7
19.750 76 0
19.812 76 0
20.062 71 7
20.812 71 7
20.875 71 7
21.062 74 10
21.750 74 10
21.812 74 10
21.875 71 7
22.125 69 5
22.312 71 7
22.500 75 11
22.688 71 7
22.875 75 11
23.125 69 5
23.312 71 7
23.500 74 10
23.688 71 7
23.812 74 10
23.875 74 10
24.000 74 10
24.062 74 10
24.188 74 10
24.812 74 10
24.875 74 10
25.000 78 2
25.188 74 10
25.375 74 10
25.750 78 2
26.000 78 2
26.062 76 0
26.125 76 0
26.188 76 0
26.375 69 5
26.438 67 3
26.625 69 5
26.688 67 3
26.750 71 7
26.875 69 5
26.938 67 3
27.000 69 5
27.125 69 5
27.188 67 3
27.250 69 5
27.312 71 7
27.375 69 5
27.438 67 3
27.500 71 7
27.562 71 7
27.625 67 3
27.812 76 0
27.875 76 0
28.125 76 0
28.188 76 0
28.250 76 0
28.625 71 7
28.688 71 7
28.750 71 7
29.062 71 7
29.125 71 7
29.188 71 7
29.250 71 7
29.312 71 7
29.375 71 7
29.438 71 7
29.500 74 10
29.562 71 7
29.625 71 7
29.688 71 7
29.812 71 7
29.875 71 7
30.000 76 0
30.062 62 10
30.125 62 10
30.188 64 0
30.312 64 0
30.375 64 0
30.500 67 3
30.562 69 5
30.625 71 7
30.688 71 7
30.938 67 3
31.000 69 5
31.062 67 3
31.125 69 5
31.188 67 3
31.250 69 5
31.312 67 3
31.375 69 5
31.438 67 3
31.500 71 7
31.562 71 7
31.625 71 7
31.875 71 7
32.000 76 0
32.062 76 0
32.125 74 10
32.188 76 0
32.312 71 7
32.375 69 5
32.500 69 5
32.562 67 3
32.625 71 7
32.750 67 3
32.938 71 7
33.000 76 0
33.062 76 0
33.125 76 0
33.188 74 10
33.250 76 0
33.312 74 10
33.375 76 0
33.438 79 3
33.562 76 0
33.625 76 0
33.688 76 0
33.812 71 7
33.875 74 10
34.000 71 7
34.750 75 11
34.812 75 11
35.000 75 11
35.812 74 10
35.875 74 10
36.000 74 10
36.125 71 7
36.875 76 0
37.000 76 0
37.125 76 0
37.750 76 0
37.812 76 0
38.125 69 5
38.312 71 7
38.500 75 11
38.688 71 7
38.875 75 11
39.125 69 5
39.312 71 7
39.500 74 10
39.688 71 7
39.812 74 10
39.875 74 10
40.000 74 10
40.062 74 10
40.188 74 10
40.812 74 10
40.875 74 10
41.000 78 2
41.188 74 10
41.375 74 10
57.812 74 10
57.875 74 10
58.125 74 10
58.188 71 7
58.812 74 10
58.875 74 10
59.062 74 10
59.750 74 10
59.812 74 10
60.000 74 10
60.750 76 0
60.812 76 0
61.062 76 0
61.750 74 10
61.812 74 10
61.938 71 7
62.125 69 5
62.312 71 7
62.500 75 11
62.688 71 7
62.875 75 11
63.125 69 5
63.312 71 7
63.500 74 10
63.688 71 7
63.812 74 10
63.875 74 10
64.000 74 10
64.062 74 10
64.188 74 10
64.812 78 2
64.875 78 2
65.000 78 2
65.188 78 2
65.375 78 2
73.750 76 0
73.812 76 0
74.125 69 5
74.312 71 7
74.500 74 10
74.688 71 7
74.875 75 11
75.125 69 5
75.312 71 7
75.500 74 10
75.688 71 7
76.125 79 3
76.312 76 0
76.500 76 0
76.688 76 0
77.125 79 3
77.312 76 0
77.500 76 0
77.688 76 0
78.125 69 5
78.312 71 7
78.500 75 11
78.688 71 7
78.875 75 11
79.125 69 5
79.312 71 7
79.500 74 10
79.688 71 7
80.000 74 10
80.062 74 10
80.188 74 10
80.812 78 2
80.875 78 2
81.000 78 2
81.188 78 2
81.375 77 1
