4.375 64 0
4.500 64 0
4.750 63 11
5.000 63 11
5.250 61 9
5.500 63 11
5.750 64 0
6.500 66 2
6.625 66 2
6.750 64 0
7.000 63 11
8.375 64 0
8.500 64 0
8.625 63 11
9.000 63 11
9.250 61 9
9.375 63 11
9.750 64 0
10.250 66 2
10.375 64 0
10.500 66 2
10.750 64 0
11.000 63 11
12.375 68 4
12.500 67 3
12.750 68 4
13.000 69 5
13.125 68 4
13.375 66 2
13.625 68 4
14.375 68 4
14.625 67 3
14.750 68 4
15.000 69 5
15.375 68 4
15.500 65 1
15.750 61 9
16.375 66 2
16.500 65 1
16.750 66 2
17.000 67 3
17.250 66 2
17.500 61 9
18.000 63 11
18.250 63 11
18.500 64 0
18.750 64 0
18.875 66 2
19.250 63 11
19.500 64 0
19.750 66 2
19.875 66 2
20.000 68 4
21.500 68 4
21.625 66 2
21.750 64 0
21.812 66 2
21.875 68 4
22.125 64 0
23.375 68 4
23.500 66 2
23.625 64 0
23.750 66 2
23.875 66 2
24.000 68 4
24.062 66 2
24.125 64 0
24.250 66 2
24.375 64 0
25.375 69 5
25.500 69 5
25.667 68 4
25.833 66 2
26.000 69 5
26.375 68 4
26.500 66 2
26.875 66 2
27.000 71 7
27.250 69 5
27.500 68 4
27.750 66 2
28.625 64 0
28.750 64 0
28.875 63 11
29.000 63 11
29.125 61 9
29.375 63 11
29.625 64 0
30.375 66 2
30.625 66 2
30.750 64 0
31.000 63 11
32.375 64 0
32.500 64 0
32.625 63 11
32.875 63 11
33.375 61 9
33.500 63 11
33.625 64 0
34.375 66 2
34.625 66 2
34.750 64 0
35.000 63 11
36.375 68 4
36.625 67 3
36.750 68 4
36.875 69 5
37.125 68 4
37.375 66 2
37.625 68 4
38.375 68 4
38.625 67 3
38.750 68 4
38.875 69 5
39.125 68 4
39.375 65 1
39.500 61 9
39.625 61 9
40.375 66 2
40.500 65 1
40.625 66 2
40.875 67 3
41.125 66 2
41.375 61 9
41.625 61 9
42.000 63 11
42.250 63 11
42.500 64 0
42.625 64 0
42.875 66 2
43.250 68 4
43.500 71 7
43.750 68 4
44.000 66 2
44.125 64 0
45.375 68 4
45.562 66 2
45.750 64 0
45.812 66 2
45.875 68 4
46.125 64 0
47.375 68 4
47.500 66 2
47.625 64 0
47.750 66 2
47.875 66 2
48.000 68 4
48.062 66 2
48.125 64 0
48.250 66 2
48.375 64 0
49.375 69 5
49.500 69 5
49.667 68 4
49.833 66 2
50.000 69 5
50.375 68 4
50.500 66 2
50.875 66 2
51.000 71 7
51.250 69 5
51.500 68 4
51.750 68 4
51.812 66 2
52.000 64 0
59.375 68 4
59.500 71 7
59.625 68 4
59.875 66 2
60.000 66 2
60.125 64 0
61.375 68 4
61.562 66 2
61.750 64 0
61.812 66 2
61.875 68 4
62.125 64 0
63.375 68 4
63.500 66 2
63.625 64 0
63.750 66 2
63.875 66 2
64.000 68 4
64.062 66 2
64.125 64 0
64.250 66 2
64.375 64 0
65.375 69 5
65.500 69 5
65.667 68 4
65.833 66 2
66.000 69 5
66.375 68 4
66.500 66 2
67.000 71 7
67.250 69 5
67.500 68 4
67.750 66 2
71.375 68 4
71.562 66 2
71.750 64 0
71.812 66 2
71.875 68 4
72.125 64 0
73.375 68 4
73.500 66 2
73.562 64 0
73.750 66 2
73.875 68 4
74.000 66 2
74.062 64 0
74.125 66 2
74.250 64 0
75.375 69 5
75.500 68 4
75.625 66 2
75.875 69 5
77.000 71 7
77.250 69 5
77.500 68 4
77.750 66 2
