14.250 62 7
14.375 62 7
14.500 62 7
14.625 60 5
14.750 58 3
14.875 60 5
15.000 58 3
15.125 62 7
15.375 60 5
15.438 58 3
15.500 60 5
15.625 58 3
15.750 62 7
16.250 62 7
16.375 62 7
16.500 62 7
16.625 60 5
16.750 58 3
16.875 60 5
17.000 58 3
17.125 62 7
17.375 60 5
17.625 58 3
17.750 57 2
17.875 55 0
18.750 55 0
18.812 58 3
18.875 57 2
18.938 55 0
19.250 55 0
19.312 58 3
19.375 57 2
19.438 55 0
19.750 55 0
19.812 57 2
19.875 55 0
21.125 55 0
21.250 58 3
21.375 60 5
21.625 58 3
21.750 57 2
21.875 55 0
22.750 55 0
22.812 58 3
22.875 57 2
22.938 55 0
23.250 55 0
23.312 58 3
23.375 57 2
23.438 55 0
23.750 55 0
23.812 57 2
23.875 55 0
26.125 62 7
26.250 62 7
26.375 62 7
26.500 62 7
26.625 60 5
26.750 58 3
26.875 60 5
27.000 58 3
27.125 62 7
27.375 60 5
27.438 58 3
27.500 60 5
27.625 58 3
27.750 62 7
28.125 62 7
28.250 62 7
28.375 62 7
28.500 62 7
28.625 60 5
28.750 58 3
28.875 60 5
29.000 58 3
29.125 62 7
29.375 60 5
29.625 58 3
29.750 57 2
29.875 55 0
30.750 55 0
30.812 58 3
30.875 57 2
30.938 55 0
31.250 55 0
31.312 58 3
31.375 57 2
31.438 55 0
31.750 55 0
31.812 58 3
31.875 57 2
31.938 55 0
34.000 67 0
34.125 65 10
34.188 67 0
34.312 65 10
34.375 67 0
34.562 70 3
34.875 67 0
35.000 70 3
35.125 67 0
35.188 67 0
35.312 65 10
35.375 67 0
35.438 65 10
35.500 62 7
35.875 67 0
36.000 65 10
36.062 67 0
36.125 67 0
36.312 67 0
36.438 65 10
36.500 67 0
36.625 69 2
36.812 69 2
36.875 67 0
37.000 62 7
37.875 65 10
38.000 67 0
38.125 65 10
38.188 67 0
38.312 65 10
38.375 67 0
38.562 65 10
38.875 67 0
39.000 70 3
39.125 67 0
39.188 67 0
39.312 65 10
39.375 67 0
39.438 65 10
39.500 62 7
39.875 67 0
40.000 63 8
40.125 63 8
40.188 63 8
40.312 65 10
40.375 67 0
40.875 67 0
40.938 67 0
41.000 66 11
41.125 66 11
41.188 66 11
41.312 67 0
41.375 69 2
41.625 67 0
41.750 69 2
42.250 67 0
42.375 67 0
42.500 65 10
42.750 62 7
43.000 67 0
43.125 67 0
43.375 65 10
43.625 62 7
44.125 67 0
44.250 67 0
44.375 67 0
44.500 65 10
44.750 62 7
45.000 67 0
45.125 70 3
45.375 72 5
45.625 70 3
45.750 69 2
45.875 67 0
46.625 67 0
46.875 67 0
47.000 74 7
47.250 72 5
47.500 67 0
47.625 63 8
47.875 62 7
49.125 67 0
49.250 70 3
49.375 72 5
49.625 70 3
49.750 69 2
49.875 67 0
50.625 67 0
50.875 67 0
51.000 74 7
51.250 72 5
51.500 67 0
51.625 63 8
51.875 62 7
54.250 62 7
54.375 62 7
54.500 62 7
54.625 60 5
54.750 58 3
54.875 60 5
55.000 58 3
55.125 62 7
55.375 60 5
55.438 58 3
55.500 60 5
55.625 58 3
55.750 62 7
56.250 62 7
56.375 62 7
56.500 62 7
56.625 60 5
56.750 58 3
56.875 60 5
57.000 58 3
57.125 62 7
57.375 60 5
57.625 58 3
57.812 57 2
58.000 57 2
58.125 55 0
58.750 55 0
58.812 58 3
58.875 57 2
58.938 55 0
59.250 55 0
59.312 58 3
59.375 57 2
59.438 55 0
59.750 55 0
59.812 58 3
59.875 57 2
59.938 55 0
61.125 55 0
61.250 58 3
61.375 60 5
61.625 58 3
61.812 57 2
62.000 55 0
62.625 55 0
62.875 55 0
63.000 63 8
63.188 62 7
63.375 58 3
63.500 57 2
63.688 55 0
63.875 51 8
64.000 50 7
65.125 72 5
65.312 70 3
65.500 67 0
65.562 70 3
66.125 62 7
66.250 62 7
66.375 62 7
66.500 62 7
66.625 60 5
66.750 58 3
66.875 60 5
67.000 58 3
67.125 62 7
67.375 60 5
67.438 58 3
67.500 60 5
67.625 58 3
67.750 62 7
68.125 62 7
68.250 62 7
68.375 62 7
68.500 62 7
68.625 60 5
68.750 58 3
68.875 60 5
69.000 58 3
69.125 62 7
69.375 60 5
69.625 58 3
69.812 57 2
70.000 57 2
70.125 55 0
70.750 62 7
70.812 62 7
70.875 60 5
70.938 58 3
71.250 62 7
71.312 62 7
71.375 60 5
71.438 58 3
71.750 61 6
71.812 62 7
71.875 60 5
72.062 58 3
72.125 55 0
72.250 55 0
72.438 55 0
74.000 67 0
74.125 65 10
74.188 67 0
74.312 65 10
74.375 67 0
74.562 70 3
74.875 67 0
75.000 70 3
75.125 67 0
75.188 67 0
75.312 65 10
75.375 67 0
75.438 65 10
75.500 62 7
75.875 67 0
76.000 65 10
76.062 67 0
76.125 67 0
76.312 67 0
76.438 65 10
76.500 67 0
76.625 69 2
76.812 69 2
76.875 67 0
77.000 62 7
77.875 67 0
77.938 65 10
78.000 67 0
78.125 65 10
78.188 67 0
78.312 65 10
78.375 67 0
78.562 65 10
78.875 67 0
78.938 67 0
79.000 70 3
79.125 67 0
79.188 67 0
79.312 65 10
79.375 67 0
79.438 65 10
79.500 62 7
79.875 67 0
80.000 63 8
80.125 63 8
80.188 63 8
80.312 65 10
80.375 67 0
80.875 67 0
81.000 66 11
81.125 66 11
81.188 66 11
81.312 66 11
81.375 67 0
81.625 67 0
81.750 69 2
82.250 67 0
82.375 67 0
82.500 65 10
82.750 62 7
83.000 67 0
83.125 67 0
83.375 65 10
83.625 62 7
84.125 67 0
84.250 67 0
84.375 67 0
84.500 65 10
84.750 62 7
85.000 67 0
85.125 70 3
85.375 72 5
85.625 70 3
85.750 69 2
85.875 67 0
86.625 67 0
86.875 67 0
87.000 74 7
87.250 72 5
87.500 67 0
87.625 63 8
87.875 62 7
90.250 67 0
90.375 67 0
90.500 65 10
90.750 62 7
91.000 67 0
91.125 67 0
91.375 65 10
91.625 62 7
92.125 67 0
92.250 67 0
92.375 67 0
92.500 65 10
92.750 62 7
93.000 67 0
93.125 70 3
93.375 72 5
93.625 70 3
93.750 69 2
93.875 67 0
94.625 67 0
94.875 67 0
95.000 74 7
95.250 72 5
95.500 67 0
95.625 63 8
95.875 62 7
97.125 67 0
97.250 70 3
97.375 72 5
97.625 70 3
97.750 69 2
97.875 67 0
98.625 67 0
98.875 67 0
99.000 74 7
99.250 72 5
99.500 67 0
99.625 63 8
99.875 62 7
109.125 67 0
109.250 70 3
109.375 72 5
109.625 70 3
109.750 69 2
109.875 67 0
110.625 67 0
110.875 67 0
111.000 74 7
111.250 72 5
111.500 67 0
111.625 63 8
111.875 62 7
114.250 67 0
114.375 67 0
114.500 65 10
114.750 62 7
115.000 67 0
115.125 67 0
115.375 65 10
115.625 62 7
116.125 67 0
116.250 67 0
116.375 67 0
116.500 65 10
116.750 62 7
117.000 67 0
117.125 70 3
117.375 72 5
117.625 70 3
117.750 69 2
117.875 67 0
118.625 67 0
118.875 67 0
119.000 74 7
119.250 72 5
119.500 67 0
119.625 63 8
119.875 62 7
121.125 67 0
121.250 70 3
121.375 72 5
121.625 70 3
121.750 69 2
121.875 67 0
122.625 67 0
122.875 67 0
123.000 74 7
123.250 72 5
123.500 67 0
123.625 63 8
123.875 62 7
125.125 67 0
125.250 70 3
125.375 72 5
125.625 70 3
125.750 69 2
125.875 67 0
127.125 67 0
127.250 70 3
127.375 72 5
127.625 70 3
127.750 69 2
127.875 67 0
129.125 67 0
129.250 70 3
129.375 72 5
129.625 70 3
129.750 69 2
129.875 67 0
130.250 67 0
130.375 67 0
130.500 65 10
130.750 62 7
131.000 67 0
131.125 67 0
131.375 65 10
131.625 62 7
132.250 67 0
132.375 67 0
132.500 65 10
132.750 62 7
133.000 67 0
133.125 67 0
133.375 65 10
133.625 62 7
134.250 67 0
134.375 67 0
134.500 65 10
134.750 62 7
135.000 67 0
135.125 67 0
135.375 65 10
135.625 62 7
136.250 67 0
136.375 67 0
136.500 65 10
136.750 62 7
137.000 67 0
137.125 67 0
137.375 65 10
137.625 62 7
138.250 67 0
138.375 67 0
138.500 65 10
138.750 62 7
139.000 67 0
139.125 67 0
139.375 65 10
139.625 62 7
140.250 67 0
140.375 67 0
140.500 65 10
140.750 62 7
141.000 67 0
141.125 67 0
141.375 65 10
141.625 62 7
