23.625 56 4
23.750 57 5
23.875 57 5
24.000 56 4
24.125 56 4
24.375 57 5
25.000 62 10
25.125 62 10
25.375 62 10
25.625 61 9
25.875 61 9
26.125 59 7
26.188 61 9
27.625 57 5
27.750 57 5
27.875 56 4
28.125 56 4
28.375 57 5
28.625 57 5
28.750 57 5
28.875 62 10
29.125 62 10
29.250 62 10
29.375 62 10
29.500 61 9
29.625 61 9
29.750 61 9
29.875 61 9
30.125 59 7
30.188 61 9
31.625 57 5
31.750 57 5
31.875 57 5
32.000 56 4
32.250 56 4
32.500 57 5
32.750 57 5
33.000 62 10
33.250 62 10
33.375 64 0
33.500 62 10
33.625 61 9
33.875 61 9
34.125 61 9
35.625 56 4
35.750 57 5
35.875 57 5
36.000 56 4
36.250 56 4
36.500 57 5
36.625 57 5
36.750 57 5
36.875 57 5
37.000 62 10
37.125 62 10
37.250 62 10
37.375 62 10
37.625 61 9
37.688 61 9
37.875 61 9
38.125 59 7
38.188 61 9
40.000 59 7
40.125 59 7
40.250 59 7
40.375 59 7
40.500 59 7
40.625 59 7
40.750 59 7
40.875 59 7
41.125 57 5
41.250 56 4
41.375 59 7
41.625 59 7
41.750 59 7
41.875 62 10
42.000 56 4
42.125 56 4
42.250 56 4
42.375 57 5
42.625 57 5
42.750 57 5
42.875 62 10
43.125 56 4
43.250 56 4
43.375 57 5
43.625 57 5
43.750 57 5
43.875 57 5
44.000 62 10
44.125 59 7
44.250 62 10
44.375 59 7
44.500 62 10
44.625 59 7
44.750 59 7
44.875 62 10
45.125 62 10
45.250 62 10
45.375 62 10
45.500 61 9
45.625 61 9
45.750 61 9
45.875 59 7
46.125 62 10
46.250 59 7
46.500 57 5
46.625 59 7
46.875 57 5
47.125 59 7
47.375 55 3
47.625 52 0
51.625 57 5
51.750 57 5
51.875 56 4
52.125 56 4
52.375 57 5
52.625 57 5
52.750 57 5
52.875 62 10
53.125 62 10
53.375 62 10
53.500 61 9
53.625 61 9
53.875 61 9
54.125 59 7
54.188 61 9
55.625 57 5
55.750 57 5
55.875 57 5
56.000 56 4
56.250 56 4
56.500 57 5
56.750 57 5
57.000 62 10
57.125 62 10
57.250 62 10
57.375 62 10
57.500 62 10
57.625 61 9
57.875 61 9
58.125 59 7
58.188 61 9
59.625 57 5
59.750 57 5
59.875 57 5
60.000 56 4
60.125 56 4
60.250 56 4
60.375 57 5
60.625 57 5
60.750 57 5
60.875 62 10
61.125 62 10
61.375 62 10
61.500 61 9
61.625 61 9
61.750 61 9
61.875 61 9
62.125 61 9
63.625 57 5
63.750 57 5
63.875 56 4
64.125 56 4
64.250 56 4
64.375 57 5
64.625 57 5
64.750 57 5
64.875 62 10
65.125 62 10
65.250 62 10
65.375 62 10
65.500 61 9
65.625 61 9
65.750 61 9
65.875 61 9
66.125 61 9
68.000 59 7
68.125 59 7
68.250 59 7
68.375 59 7
68.500 59 7
68.625 59 7
68.750 59 7
68.875 59 7
69.125 57 5
69.250 55 3
69.375 59 7
69.625 59 7
69.750 59 7
69.875 62 10
70.000 56 4
70.125 56 4
70.250 56 4
70.375 57 5
70.625 57 5
70.750 57 5
70.875 62 10
71.125 56 4
71.250 56 4
71.375 57 5
71.625 57 5
71.750 57 5
71.875 57 5
72.000 62 10
72.125 59 7
72.250 62 10
72.375 59 7
72.500 62 10
72.625 59 7
72.750 59 7
72.875 62 10
73.125 62 10
73.250 62 10
73.375 62 10
73.500 61 9
73.625 61 9
73.750 61 9
73.875 59 7
74.125 62 10
74.250 59 7
74.500 57 5
74.625 59 7
74.875 57 5
75.125 59 7
75.375 55 3
75.625 52 0
76.125 59 7
76.250 59 7
76.375 59 7
76.625 59 7
76.750 59 7
76.875 59 7
77.125 59 7
77.250 57 5
77.375 59 7
77.625 59 7
79.625 55 3
79.750 57 5
79.875 57 5
80.000 56 4
80.125 56 4
80.375 57 5
81.000 62 10
81.125 62 10
81.375 62 10
81.500 61 9
81.625 61 9
81.875 61 9
82.125 59 7
82.188 61 9
83.625 57 5
83.750 57 5
83.875 56 4
84.125 56 4
84.375 57 5
84.625 57 5
84.750 57 5
84.875 62 10
85.125 62 10
85.375 62 10
85.500 61 9
85.625 61 9
85.750 61 9
85.875 61 9
86.125 59 7
86.188 61 9
87.625 57 5
87.750 56 4
87.875 57 5
88.000 56 4
88.250 56 4
88.500 57 5
88.750 57 5
89.000 62 10
89.250 62 10
89.375 64 0
89.500 62 10
89.625 61 9
89.875 61 9
90.125 59 7
90.188 61 9
91.625 56 4
91.750 57 5
91.875 57 5
92.000 56 4
92.250 56 4
92.500 57 5
92.625 57 5
92.750 57 5
92.875 57 5
93.000 62 10
93.125 62 10
93.250 62 10
93.375 62 10
93.625 61 9
93.688 61 9
93.875 61 9
94.125 59 7
94.188 61 9
95.625 59 7
95.750 59 7
95.875 59 7
96.000 59 7
96.125 59 7
96.250 59 7
96.375 59 7
96.500 59 7
96.625 59 7
96.750 59 7
96.875 59 7
97.125 59 7
97.250 59 7
97.375 59 7
97.625 59 7
97.750 59 7
97.875 62 10
98.000 56 4
98.125 56 4
98.250 56 4
98.375 57 5
98.625 57 5
98.750 57 5
98.875 62 10
99.125 56 4
99.250 56 4
99.375 57 5
99.625 57 5
99.750 57 5
99.875 57 5
100.000 62 10
100.125 59 7
100.250 62 10
100.375 59 7
100.500 62 10
100.625 59 7
100.750 59 7
100.875 62 10
101.125 62 10
101.250 62 10
101.375 62 10
101.500 61 9
101.625 61 9
101.750 61 9
101.875 59 7
102.125 61 9
102.250 59 7
102.500 57 5
102.625 59 7
102.875 57 5
103.125 59 7
103.375 55 3
103.438 54 2
103.625 59 7
103.750 59 7
103.875 59 7
104.125 59 7
104.250 59 7
104.500 57 5
104.625 59 7
104.875 57 5
105.125 59 7
105.375 55 3
105.625 59 7
105.750 59 7
106.125 59 7
106.250 59 7
106.500 57 5
106.625 59 7
106.875 57 5
107.125 59 7
107.375 55 3
107.625 59 7
107.750 59 7
107.875 57 5
108.125 59 7
108.250 59 7
108.500 57 5
108.625 59 7
108.875 57 5
109.125 59 7
109.375 55 3
109.625 59 7
109.750 59 7
109.875 59 7
110.125 59 7
110.250 59 7
110.500 57 5
110.625 59 7
110.875 57 5
111.125 59 7
111.375 55 3
111.625 64 0
111.750 64 0
111.875 62 10
112.000 67 3
112.125 64 0
112.250 64 0
112.500 62 10
113.000 67 3
113.125 64 0
113.250 64 0
113.500 62 10
113.875 67 3
114.125 64 0
115.625 64 0
115.750 64 0
115.875 62 10
116.000 66 2
116.125 64 0
116.250 64 0
116.500 62 10
117.000 62 10
117.062 64 0
117.250 64 0
117.500 64 0
117.625 62 10
117.875 67 3
118.125 64 0
118.875 67 3
119.125 64 0
119.625 64 0
119.750 62 10
119.875 67 3
120.125 64 0
120.625 64 0
120.750 62 10
120.875 67 3
121.125 64 0
121.625 64 0
121.750 62 10
121.875 67 3
122.125 64 0
122.625 64 0
122.750 62 10
122.875 67 3
123.125 64 0
123.625 64 0
123.688 64 0
123.750 64 0
123.812 62 10
123.938 67 3
124.125 64 0
124.375 62 10
124.625 64 0
124.688 64 0
124.750 64 0
124.875 62 10
125.000 67 3
125.125 64 0
125.375 62 10
