37.250 62 4
37.375 62 4
37.625 62 4
37.875 62 4
38.250 60 2
38.375 58 0
38.500 57 11
38.625 57 11
38.750 57 11
38.875 58 0
39.000 58 0
39.250 60 2
39.500 60 2
39.750 60 2
39.875 62 4
40.000 58 0
40.125 57 11
40.375 55 9
40.750 58 0
40.875 55 9
41.000 58 0
41.125 58 0
41.250 58 0
41.375 58 0
41.625 58 0
41.750 55 9
41.875 58 0
42.000 58 0
42.125 60 2
42.250 58 0
42.375 62 4
43.000 57 11
43.125 57 11
43.250 57 11
43.375 57 11
43.625 57 11
43.750 55 9
43.875 57 11
44.125 58 0
44.250 57 11
44.375 55 9
45.250 62 4
45.375 62 4
45.625 62 4
45.875 62 4
46.250 65 7
46.312 63 5
46.500 62 4
46.562 60 2
46.875 57 11
47.000 60 2
47.125 58 0
47.250 60 2
47.375 58 0
47.500 60 2
47.750 62 4
48.000 58 0
48.125 57 11
48.375 55 9
48.625 55 9
48.750 58 0
48.875 55 9
49.000 58 0
49.125 58 0
49.250 55 9
49.375 58 0
49.625 58 0
49.750 55 9
49.875 58 0
50.000 58 0
50.125 60 2
50.250 60 2
50.375 62 4
50.875 57 11
51.000 57 11
51.125 57 11
51.375 57 11
51.625 55 9
51.875 57 11
52.125 58 0
52.250 57 11
52.375 55 9
61.000 55 9
61.250 57 11
61.500 58 0
61.625 60 2
61.875 62 4
62.125 60 2
62.375 58 0
62.625 60 2
62.875 53 7
63.000 65 7
63.250 63 5
63.500 62 4
63.625 60 2
63.875 58 0
64.125 60 2
64.375 55 9
64.875 53 7
65.000 55 9
65.250 57 11
65.500 58 0
65.625 60 2
65.875 62 4
66.125 60 2
66.375 58 0
66.625 57 11
66.875 53 7
67.250 65 7
67.375 63 5
67.500 62 4
67.625 60 2
67.875 58 0
68.125 60 2
68.375 55 9
77.250 62 4
77.375 62 4
77.625 62 4
77.875 62 4
78.125 65 7
78.375 63 5
78.500 62 4
78.625 60 2
79.125 55 9
79.250 60 2
79.375 58 0
79.500 60 2
79.750 62 4
80.000 58 0
80.125 57 11
80.375 55 9
80.625 55 9
80.750 58 0
80.875 55 9
81.000 58 0
81.125 58 0
81.250 55 9
81.375 58 0
81.625 58 0
81.750 55 9
81.875 58 0
82.000 58 0
82.125 60 2
82.250 58 0
82.375 62 4
82.625 62 4
82.750 62 4
82.875 60 2
83.000 57 11
83.125 57 11
83.375 57 11
83.625 57 11
83.750 55 9
83.875 57 11
84.125 58 0
84.375 57 11
84.500 55 9
85.250 62 4
85.375 62 4
85.625 62 4
85.875 62 4
86.000 65 7
86.250 63 5
86.375 62 4
86.500 60 2
87.125 55 9
87.250 60 2
87.500 60 2
87.750 62 4
88.000 58 0
88.125 57 11
88.375 55 9
88.625 55 9
88.750 58 0
88.875 55 9
89.000 58 0
89.125 58 0
89.250 58 0
89.375 58 0
89.625 58 0
89.750 55 9
89.875 58 0
90.000 58 0
90.125 60 2
90.250 58 0
90.375 62 4
90.625 62 4
90.750 58 0
90.875 58 0
91.000 57 11
91.125 57 11
91.375 57 11
91.625 57 11
91.750 55 9
91.875 57 11
92.125 58 0
92.375 57 11
92.500 55 9
101.000 55 9
101.250 57 11
101.500 58 0
101.625 60 2
101.875 62 4
102.125 60 2
102.375 58 0
102.625 60 2
102.875 53 7
103.000 65 7
103.250 63 5
103.500 62 4
103.625 60 2
103.875 58 0
104.125 60 2
104.375 55 9
104.875 53 7
105.000 55 9
105.250 57 11
105.500 58 0
105.625 60 2
105.875 62 4
106.125 60 2
106.375 58 0
106.625 57 11
106.875 53 7
107.250 65 7
107.375 63 5
107.500 62 4
107.625 60 2
107.875 58 0
108.125 60 2
108.375 55 9
179.000 55 9
179.250 57 11
179.500 58 0
179.625 60 2
179.875 62 4
180.250 60 2
180.375 58 0
180.625 57 11
180.875 53 7
181.250 65 7
181.375 63 5
181.500 62 4
181.625 60 2
181.875 58 0
182.125 60 2
182.375 55 9
182.875 51 5
183.000 55 9
183.250 57 11
183.500 58 0
183.625 60 2
183.875 62 4
184.125 60 2
184.375 58 0
184.625 60 2
184.875 53 7
185.250 65 7
185.375 63 5
185.500 62 4
185.625 60 2
185.875 58 0
186.125 60 2
186.375 55 9
