1.000 57 7
1.250 57 7
1.312 57 7
1.438 59 9
1.750 59 9
1.875 57 7
1.938 57 7
2.250 54 4
2.312 52 2
2.438 50 0
2.875 55 5
2.938 57 7
3.375 57 7
3.438 59 9
3.750 57 7
3.812 55 5
3.938 57 7
5.000 57 7
5.250 57 7
5.312 57 7
5.438 59 9
5.750 59 9
5.875 57 7
5.938 57 7
6.250 54 4
6.312 52 2
6.438 50 0
6.875 50 0
6.938 57 7
7.312 55 5
7.438 55 5
7.750 54 4
7.812 54 4
7.875 52 2
8.750 57 7
8.812 57 7
8.938 57 7
9.250 57 7
9.312 57 7
9.438 59 9
9.750 59 9
9.875 57 7
9.938 57 7
10.000 57 7
10.188 54 4
10.250 52 2
10.375 50 0
10.875 54 4
10.938 57 7
11.250 57 7
11.438 59 9
11.750 55 5
11.812 55 5
11.938 57 7
12.875 54 4
12.938 55 5
13.250 54 4
13.312 54 4
13.438 52 2
13.875 55 5
14.000 54 4
14.062 54 4
14.250 54 4
14.375 52 2
14.438 50 0
14.875 50 0
14.938 55 5
15.250 54 4
15.312 54 4
15.500 52 2
15.562 52 2
15.750 50 0
15.812 49 11
15.875 50 0
20.750 57 7
20.812 57 7
20.938 57 7
21.250 57 7
21.312 57 7
21.438 59 9
21.750 57 7
21.812 57 7
21.875 57 7
22.125 54 4
22.188 50 0
22.312 50 0
22.875 57 7
22.938 57 7
23.250 57 7
23.312 57 7
23.438 59 9
23.750 55 5
23.812 55 5
23.938 57 7
24.750 57 7
24.812 57 7
24.938 57 7
25.250 57 7
25.312 57 7
25.438 59 9
25.750 57 7
25.875 57 7
25.938 57 7
26.188 54 4
26.250 50 0
26.375 50 0
26.875 50 0
26.938 57 7
27.250 57 7
27.375 55 5
27.438 55 5
27.750 52 2
27.812 52 2
27.938 52 2
28.750 55 5
28.812 57 7
28.938 57 7
29.250 57 7
29.312 57 7
29.438 59 9
29.750 55 5
29.812 55 5
29.875 57 7
30.250 54 4
30.312 50 0
30.438 50 0
30.812 50 0
30.875 55 5
30.938 57 7
31.250 57 7
31.312 57 7
31.438 59 9
31.750 55 5
31.812 55 5
31.938 57 7
32.875 54 4
32.938 55 5
33.250 54 4
33.312 54 4
33.438 52 2
33.875 55 5
34.000 54 4
34.062 54 4
34.188 54 4
34.375 52 2
34.438 50 0
34.875 50 0
34.938 55 5
35.250 54 4
35.312 54 4
35.500 52 2
35.562 52 2
35.750 50 0
35.875 49 11
35.938 50 0
40.750 50 0
40.812 57 7
40.938 57 7
41.250 57 7
41.312 57 7
41.625 59 9
42.000 59 9
42.062 57 7
42.125 57 7
42.312 54 4
42.375 52 2
42.438 50 0
42.875 50 0
42.938 57 7
43.250 54 4
43.312 57 7
43.438 59 9
43.875 59 9
43.938 57 7
44.750 54 4
44.812 55 5
44.938 57 7
45.250 57 7
45.312 57 7
45.375 59 9
45.875 59 9
46.000 57 7
46.250 54 4
46.312 52 2
46.438 50 0
46.875 50 0
46.938 57 7
47.250 54 4
47.312 54 4
47.375 55 5
47.750 54 4
47.812 54 4
47.938 52 2
48.750 57 7
48.812 57 7
48.938 57 7
49.250 57 7
49.312 57 7
49.438 59 9
49.750 59 9
49.812 59 9
49.938 57 7
50.250 54 4
50.312 50 0
50.438 50 0
50.812 54 4
50.938 57 7
51.188 57 7
51.250 57 7
51.375 59 9
51.562 55 5
51.625 52 2
51.750 57 7
52.875 50 0
52.938 55 5
53.250 54 4
53.312 54 4
53.438 52 2
53.875 55 5
54.000 54 4
54.062 54 4
54.188 54 4
54.375 52 2
54.438 50 0
54.875 54 4
54.938 55 5
55.250 54 4
55.312 54 4
55.500 52 2
55.562 52 2
55.750 50 0
55.875 49 11
55.938 50 0
