3.250 47 0
3.500 51 4
3.750 54 7
3.917 59 0
4.000 56 9
5.167 56 9
5.583 52 5
5.667 47 0
5.750 56 9
5.917 54 7
6.000 56 9
6.083 54 7
7.250 56 9
7.500 56 9
7.667 54 7
7.750 51 4
7.917 51 4
8.000 49 2
9.250 56 9
9.417 56 9
9.750 56 9
9.917 56 9
10.000 54 7
11.250 47 0
11.500 51 4
11.750 54 7
11.917 59 0
12.000 56 9
13.167 56 9
13.583 52 5
13.667 47 0
13.750 56 9
13.917 54 7
14.000 56 9
14.083 54 7
15.250 56 9
15.500 56 9
15.667 54 7
15.750 51 4
15.917 51 4
16.000 49 2
17.250 56 9
17.500 56 9
17.667 54 7
17.750 50 3
17.917 49 2
18.000 47 0
19.250 54 7
19.500 49 2
19.667 51 4
19.833 52 5
20.000 54 7
20.417 54 7
20.500 54 7
21.250 54 7
21.500 49 2
21.667 51 4
21.833 52 5
22.000 54 7
23.250 54 7
23.500 53 6
23.667 54 7
23.833 56 9
24.000 58 11
24.417 58 11
24.500 58 11
25.250 58 11
25.500 53 6
25.667 54 7
25.833 56 9
25.917 58 11
27.250 47 0
27.500 51 4
27.750 54 7
27.917 59 0
28.000 56 9
29.167 56 9
29.583 52 5
29.667 47 0
29.750 56 9
29.917 54 7
30.000 56 9
30.083 54 7
31.250 56 9
31.500 56 9
31.667 54 7
31.750 51 4
31.917 51 4
32.000 49 2
33.250 56 9
33.500 56 9
33.667 54 7
33.750 50 3
33.917 50 3
34.000 47 0
35.333 54 7
35.500 49 2
35.667 51 4
35.833 52 5
36.000 54 7
36.417 54 7
36.500 54 7
37.333 54 7
37.500 49 2
37.667 51 4
37.833 52 5
38.000 54 7
39.250 54 7
39.500 53 6
39.667 54 7
39.833 56 9
40.000 58 11
40.417 58 11
40.500 58 11
41.417 54 7
41.500 53 6
41.667 54 7
41.833 56 9
41.917 58 11
43.250 47 0
43.500 51 4
43.750 54 7
43.917 59 0
44.000 56 9
45.167 56 9
45.583 52 5
45.667 47 0
45.750 56 9
45.917 54 7
46.000 56 9
46.083 54 7
47.250 56 9
47.500 56 9
47.667 54 7
47.750 51 4
47.917 51 4
48.000 49 2
49.250 56 9
49.500 56 9
49.667 54 7
49.750 50 3
49.917 50 3
50.000 47 0
