4.000 59 4
4.062 59 4
4.125 59 4
4.188 59 4
4.250 62 7
4.375 59 4
4.438 59 4
4.500 55 0
4.625 55 0
4.688 55 0
4.812 57 2
4.875 59 4
6.000 59 4
6.125 58 3
6.250 57 2
6.375 55 0
6.438 55 0
6.562 55 0
6.750 52 9
6.875 50 7
8.000 55 0
8.062 55 0
8.188 55 0
8.250 55 0
8.312 55 0
8.375 55 0
8.438 55 0
8.500 50 7
8.562 52 9
8.625 55 0
8.688 55 0
10.000 59 4
10.125 59 4
10.250 62 7
10.375 59 4
10.438 57 2
10.562 55 0
10.750 59 4
11.938 57 2
12.062 55 0
12.125 55 0
12.250 55 0
12.375 50 7
12.438 50 7
12.562 52 9
12.625 55 0
12.750 55 0
20.938 59 4
21.062 59 4
21.188 59 4
21.250 62 7
21.375 59 4
21.500 57 2
21.625 55 0
21.688 55 0
21.812 57 2
21.875 59 4
22.938 55 0
23.000 59 4
23.062 59 4
23.125 59 4
23.188 59 4
23.250 57 2
23.312 57 2
23.375 55 0
23.500 55 0
23.625 55 0
23.688 52 9
25.000 59 4
25.125 59 4
25.188 59 4
25.250 62 7
25.375 59 4
25.500 57 2
25.625 55 0
25.688 55 0
26.938 55 0
27.000 59 4
27.062 59 4
27.125 59 4
27.188 59 4
27.250 57 2
27.312 57 2
27.375 55 0
27.500 55 0
27.625 55 0
27.688 52 9
44.938 58 3
45.062 58 3
45.125 58 3
45.188 58 3
45.250 57 2
45.312 55 0
45.438 52 9
45.500 55 0
45.625 55 0
45.750 55 0
45.812 57 2
45.875 59 4
46.938 55 0
47.000 58 3
47.125 58 3
47.250 57 2
47.312 55 0
47.375 55 0
47.438 55 0
47.500 55 0
47.625 55 0
47.688 55 0
50.000 59 4
50.062 59 4
50.125 59 4
50.250 57 2
50.312 55 0
50.438 52 9
50.500 55 0
50.625 55 0
50.688 55 0
50.812 57 2
50.875 59 4
52.000 58 3
52.125 55 0
52.250 55 0
52.375 55 0
52.500 52 9
52.625 55 0
52.688 55 0
54.000 59 4
54.062 59 4
54.188 59 4
54.250 62 7
54.375 59 4
54.438 59 4
54.500 57 2
54.625 55 0
54.688 55 0
54.812 50 7
54.875 52 9
55.938 57 2
56.000 59 4
56.062 57 2
56.188 57 2
56.250 59 4
56.312 55 0
56.375 55 0
56.500 55 0
56.562 55 0
56.688 55 0
