0.000 65 7
0.125 65 7
0.250 65 7
0.375 65 7
0.625 65 7
1.000 64 6
1.125 64 6
1.250 65 7
1.375 64 6
1.500 62 4
1.562 60 2
2.000 63 5
2.125 63 5
2.250 63 5
2.375 63 5
2.625 53 7
2.750 53 7
2.875 53 7
3.000 62 4
3.125 62 4
3.250 63 5
3.375 62 4
3.500 60 2
3.625 58 0
4.000 62 4
4.125 62 4
4.250 62 4
4.375 62 4
4.875 62 4
5.000 62 11
5.125 62 11
5.250 63 0
5.375 63 0
5.438 65 2
5.625 58 7
5.875 67 4
7.000 67 4
7.125 67 4
7.250 67 4
7.375 65 2
7.438 67 4
7.625 65 2
7.688 67 4
8.000 65 2
8.125 65 2
8.250 67 4
8.375 65 2
8.500 63 0
8.562 60 9
8.625 55 4
8.750 56 5
8.875 58 7
9.000 63 0
9.125 63 0
9.250 62 11
9.500 61 10
9.625 61 10
9.750 62 11
10.000 63 0
10.125 63 0
10.250 62 11
10.500 61 10
10.625 61 10
10.750 62 11
11.000 67 9
11.125 67 9
11.250 67 9
11.375 67 9
11.500 65 7
11.750 70 0
12.000 64 6
12.125 64 6
12.250 64 6
12.375 65 7
12.500 65 7
12.625 53 7
12.750 53 7
12.875 57 11
13.000 60 2
13.750 57 11
13.875 58 0
14.000 58 0
16.000 62 4
16.094 60 2
16.125 62 4
16.875 58 0
17.000 60 2
17.125 62 4
17.188 62 4
17.875 62 4
17.938 62 4
18.000 63 5
18.062 65 7
18.188 63 5
18.312 62 4
18.438 60 2
18.750 60 2
18.875 62 4
19.000 63 5
19.062 65 7
19.188 63 5
19.312 62 4
19.438 60 2
20.000 62 4
20.094 60 2
20.125 62 4
20.750 62 4
20.875 65 7
21.000 69 11
21.188 67 9
21.250 67 9
21.875 67 9
22.000 70 0
22.125 70 0
22.250 70 0
22.375 70 0
22.500 70 0
22.688 67 9
22.750 63 5
22.812 62 4
23.062 60 2
23.125 60 2
24.000 67 4
24.094 65 2
24.125 67 4
24.750 65 2
24.875 67 4
24.938 68 5
25.000 67 4
25.875 67 4
25.938 67 4
26.000 68 5
26.188 67 4
26.250 67 4
26.375 65 2
26.500 65 2
26.938 58 7
27.000 58 7
27.125 65 2
27.250 65 2
27.375 67 4
27.438 67 4
27.625 68 5
27.750 68 5
27.875 70 7
28.000 68 5
28.062 67 4
28.125 67 4
28.375 65 2
28.438 67 4
28.500 70 7
28.875 65 2
28.938 67 4
29.000 63 0
29.375 58 7
29.438 58 7
29.500 59 8
29.562 61 10
29.688 59 8
29.750 61 10
29.875 58 7
30.000 58 7
34.000 62 4
34.125 60 2
34.156 62 4
34.875 58 0
35.000 60 2
35.125 62 4
35.188 62 4
35.875 62 4
36.000 63 5
36.062 65 7
36.188 63 5
36.312 62 4
36.438 60 2
36.750 60 2
36.812 62 4
37.000 63 5
37.062 65 7
37.125 63 5
37.250 62 4
37.375 62 4
37.438 60 2
38.000 62 4
38.094 60 2
38.125 62 4
38.375 60 2
38.438 58 0
38.500 60 2
38.562 62 4
38.875 65 7
39.000 69 11
39.188 67 9
39.250 67 9
39.875 65 7
39.938 67 9
40.000 70 0
40.125 70 0
40.250 70 0
40.375 70 0
40.500 70 0
40.688 67 9
40.750 63 5
40.812 62 4
41.062 60 2
41.125 60 2
42.000 67 4
42.062 65 2
42.125 67 4
42.750 65 2
42.875 67 4
42.938 68 5
43.000 67 4
44.000 68 5
44.188 67 4
44.250 67 4
44.312 65 2
44.438 65 2
44.938 58 7
45.000 58 7
45.125 65 2
45.250 65 2
45.375 67 4
45.500 67 4
45.562 68 5
45.625 68 5
45.750 68 5
45.875 70 7
45.938 68 5
46.062 67 4
56.000 62 5
56.250 61 4
56.375 61 4
56.500 60 3
56.625 60 3
56.750 61 4
56.875 61 4
57.000 62 5
57.125 62 5
57.250 61 4
57.375 61 4
57.500 60 3
57.750 64 7
57.875 64 7
58.000 69 0
58.250 64 7
58.375 64 7
58.500 69 0
58.750 64 7
58.875 64 7
59.000 63 6
59.125 63 6
59.250 64 7
59.500 66 9
59.750 64 7
60.000 65 8
60.125 65 8
60.250 65 8
60.375 65 8
60.500 66 9
60.750 66 9
61.000 67 10
61.125 67 10
61.250 67 10
61.375 67 10
61.500 68 11
61.750 68 11
62.000 69 0
62.250 76 7
62.375 76 7
62.500 77 8
62.625 76 7
62.750 57 0
62.875 57 0
63.000 58 1
63.125 57 0
63.250 76 7
63.375 76 7
63.500 77 8
63.625 76 7
63.750 57 0
63.875 57 0
64.000 58 1
64.125 57 0
64.250 76 7
64.375 76 7
64.500 77 8
64.625 76 7
64.750 74 5
64.875 72 3
65.000 71 2
65.250 58 1
65.500 70 1
65.750 70 1
66.000 70 7
66.125 67 4
66.375 63 0
66.625 60 9
66.750 58 7
67.000 59 8
67.250 58 7
67.375 58 7
67.500 57 6
67.750 58 7
68.000 59 8
68.250 58 7
68.375 58 7
68.500 57 6
68.750 58 7
69.000 75 0
69.250 75 0
69.375 75 0
69.500 75 0
69.750 75 0
70.000 75 0
70.125 75 0
70.250 75 0
70.500 75 0
70.625 75 0
70.750 75 0
71.000 72 9
71.250 72 9
71.375 75 0
71.500 70 7
71.750 70 7
71.875 70 7
72.000 69 6
72.250 69 6
72.375 69 6
72.500 70 7
74.000 59 8
74.125 59 8
74.250 58 7
74.500 57 6
74.625 57 6
74.750 58 7
75.000 59 8
75.125 59 8
75.250 58 7
75.375 58 7
75.500 57 6
75.750 58 7
76.000 63 0
76.250 58 7
76.500 75 0
76.875 65 2
77.000 65 2
77.125 67 4
77.250 68 5
77.375 67 4
77.500 65 2
77.625 75 0
77.750 75 0
77.875 75 0
78.250 58 7
78.500 63 0
78.750 58 7
78.875 65 2
79.000 65 2
79.125 67 4
79.250 68 5
79.375 67 4
79.500 65 2
79.625 75 0
79.750 75 0
79.875 75 0
80.250 58 7
80.500 63 0
80.750 58 7
80.875 65 2
81.000 65 2
81.125 67 4
81.250 68 5
81.375 67 4
81.500 65 2
81.625 75 0
81.750 75 0
81.875 75 0
82.000 65 2
82.125 67 4
82.250 68 5
82.375 67 4
82.500 65 2
82.625 75 0
82.750 75 0
82.875 75 0
83.000 65 2
83.125 67 4
83.250 68 5
83.375 67 4
83.500 58 7
83.625 58 7
83.750 63 0
83.875 63 0
84.000 61 10
84.125 70 7
84.375 66 3
84.625 64 1
84.750 61 10
85.000 63 0
85.250 64 1
85.500 66 3
85.750 68 5
86.000 70 7
86.250 74 11
86.500 75 0
86.625 58 7
86.750 58 7
86.875 58 7
87.000 60 9
87.125 58 7
87.250 58 7
87.375 58 7
87.500 60 9
87.625 58 7
87.750 67 4
87.875 67 4
88.000 68 5
88.125 67 4
88.250 65 2
88.375 63 0
88.500 65 2
88.750 58 7
89.000 75 0
89.375 75 0
89.500 75 0
89.750 75 0
89.875 75 0
90.000 74 11
90.125 74 11
90.250 74 11
90.375 74 11
90.500 79 4
90.750 79 4
91.000 68 5
91.375 67 4
91.500 65 2
91.750 67 4
92.000 72 9
92.375 70 7
92.500 68 5
92.750 67 4
93.000 82 7
99.167 68 5
99.333 68 5
99.500 67 4
99.667 67 4
99.833 67 4
100.000 65 2
100.167 65 2
100.333 65 2
100.500 63 0
100.667 63 0
100.750 63 0
101.000 62 11
101.167 63 0
101.250 65 2
103.167 68 5
103.333 68 5
103.500 67 4
103.667 67 4
103.833 67 4
104.000 65 2
104.167 65 2
104.333 65 2
104.500 63 0
104.667 63 0
104.833 63 0
105.000 68 5
105.167 70 7
105.250 72 9
105.667 68 5
106.000 67 4
106.167 68 5
107.000 67 4
107.167 65 2
107.250 65 2
107.667 67 4
108.167 68 5
108.333 68 5
108.500 68 5
108.667 68 5
108.833 67 4
109.000 67 4
109.167 65 2
109.250 65 2
109.667 67 4
110.000 63 0
110.167 63 0
110.250 63 0
110.333 63 0
110.417 65 2
111.000 63 0
111.167 63 0
111.250 63 0
111.333 63 0
111.500 65 2
111.667 63 0
111.833 62 11
112.000 63 0
112.167 58 7
122.000 67 4
122.500 65 2
123.000 63 0
123.500 62 11
123.750 63 0
124.000 62 11
124.250 63 0
127.000 68 5
127.125 67 4
127.250 63 0
127.312 55 4
127.438 58 7
127.562 58 7
128.000 67 4
128.062 65 2
128.188 63 0
128.312 62 11
128.500 58 7
129.000 67 4
129.125 63 0
129.250 65 2
129.312 67 4
129.438 63 0
129.562 59 8
130.000 67 4
130.125 65 2
130.250 65 2
130.312 63 0
130.438 63 0
130.562 60 9
130.938 62 11
131.000 63 0
136.000 58 5
136.125 58 5
136.250 57 4
136.375 57 4
136.500 56 3
136.750 65 0
