8.000 50 10
8.125 52 0
8.250 52 0
8.375 52 0
8.500 55 3
8.750 52 0
10.000 61 9
10.125 62 10
10.250 62 10
10.375 62 10
10.500 64 0
10.750 64 0
12.000 50 10
12.125 52 0
12.250 55 3
12.375 52 0
12.500 57 5
12.750 55 3
13.750 59 7
13.875 62 10
14.000 64 0
14.125 64 0
14.250 64 0
14.438 64 0
14.625 59 7
14.688 57 5
14.750 55 3
16.250 67 3
16.500 66 2
16.625 64 0
16.750 64 0
16.875 64 0
17.000 64 0
17.250 62 10
17.375 62 10
17.625 64 0
18.250 62 10
18.375 62 10
18.500 61 9
18.750 61 9
18.875 59 7
19.000 61 9
19.125 59 7
19.375 59 7
20.250 62 10
20.500 61 9
20.625 59 7
20.750 57 5
20.875 59 7
21.250 57 5
21.375 55 3
21.750 59 7
22.250 62 10
22.500 61 9
22.625 59 7
22.750 57 5
22.875 58 6
23.250 59 7
24.000 52 0
24.125 52 0
24.250 52 0
24.375 52 0
24.500 55 3
24.750 52 0
26.000 61 9
26.125 62 10
26.250 62 10
26.375 62 10
26.500 64 0
26.750 64 0
28.000 50 10
28.125 52 0
28.250 55 3
28.375 52 0
28.500 57 5
28.750 55 3
29.750 59 7
29.875 61 9
30.000 64 0
30.125 64 0
30.250 64 0
30.375 64 0
30.500 55 3
30.750 52 0
32.250 67 3
32.500 66 2
32.625 64 0
32.750 64 0
32.875 64 0
33.000 64 0
33.250 62 10
33.375 62 10
33.625 64 0
34.250 61 9
34.375 62 10
34.500 61 9
34.750 61 9
34.875 59 7
35.000 61 9
35.125 59 7
35.375 59 7
36.250 62 10
36.500 61 9
36.625 59 7
36.750 57 5
36.875 59 7
37.250 52 0
37.375 56 4
37.625 59 7
38.250 62 10
38.500 61 9
38.625 59 7
38.750 57 5
38.875 59 7
39.125 58 6
39.250 59 7
39.750 59 7
39.875 62 10
40.000 64 0
40.500 64 0
40.750 64 0
40.875 64 0
41.062 62 10
41.125 59 7
41.750 59 7
41.875 62 10
42.000 64 0
42.500 64 0
42.625 64 0
42.750 64 0
42.875 64 0
43.750 59 7
43.875 62 10
44.000 64 0
44.250 61 9
44.375 64 0
44.625 61 9
45.125 59 7
45.250 67 3
45.375 66 2
45.750 64 0
45.875 64 0
46.000 66 2
46.125 61 9
46.500 62 10
48.000 64 0
48.500 64 0
48.625 64 0
49.000 62 10
49.375 64 0
49.438 62 10
49.500 61 9
49.750 62 10
52.000 64 0
52.500 64 0
52.625 64 0
53.000 62 10
53.375 64 0
53.438 62 10
53.500 61 9
53.750 62 10
78.000 50 10
78.125 52 0
78.250 52 0
78.375 52 0
78.500 55 3
78.750 52 0
80.000 62 10
80.125 62 10
80.250 62 10
80.375 62 10
80.500 64 0
80.750 64 0
82.000 52 0
82.125 52 0
82.250 55 3
82.375 52 0
82.500 57 5
82.750 55 3
83.750 59 7
83.875 62 10
84.000 64 0
84.125 64 0
84.250 64 0
84.438 64 0
84.625 59 7
84.688 57 5
84.750 55 3
86.250 67 3
86.500 66 2
86.625 64 0
86.750 64 0
86.875 64 0
87.000 64 0
87.250 62 10
87.375 62 10
87.625 64 0
88.250 62 10
88.375 62 10
88.500 61 9
88.750 61 9
88.875 59 7
89.000 61 9
89.125 59 7
89.375 59 7
90.250 62 10
90.500 61 9
90.625 59 7
90.750 57 5
90.875 59 7
91.250 52 0
91.375 55 3
91.750 59 7
92.250 62 10
92.500 61 9
92.625 59 7
92.750 57 5
92.875 59 7
93.125 58 6
93.250 59 7
93.750 59 7
93.875 61 9
94.000 64 0
94.500 64 0
94.750 62 10
94.875 64 0
95.062 62 10
95.125 59 7
95.750 59 7
95.875 62 10
96.000 64 0
96.500 64 0
96.625 64 0
96.750 64 0
96.875 64 0
97.750 59 7
97.875 62 10
98.000 64 0
98.250 61 9
98.375 64 0
98.625 61 9
99.125 59 7
99.250 67 3
99.375 66 2
99.750 62 10
99.875 64 0
100.000 66 2
100.125 61 9
102.000 64 0
102.500 64 0
102.625 64 0
103.000 62 10
103.375 64 0
103.438 62 10
103.500 61 9
103.750 62 10
106.000 64 0
106.500 64 0
106.625 64 0
107.000 62 10
107.375 64 0
107.438 62 10
107.500 61 9
107.750 62 10
