4.250 61 7
4.500 58 4
4.625 59 5
4.875 58 4
4.906 59 5
5.125 61 7
5.500 54 0
5.875 56 2
6.000 58 4
6.250 61 7
6.500 61 7
6.750 65 11
7.000 65 11
7.125 66 0
7.375 66 0
7.875 66 0
8.000 66 0
8.062 68 2
8.188 70 4
8.375 59 5
8.625 61 7
9.125 59 5
9.188 58 4
9.250 59 5
10.125 54 0
10.250 54 0
10.375 61 7
10.500 59 5
10.875 61 7
11.000 56 2
12.125 54 0
12.250 61 7
12.500 59 5
12.531 61 7
12.562 59 5
12.750 58 4
13.000 59 5
13.125 61 7
13.375 54 0
13.875 56 2
14.000 58 4
14.125 61 7
14.375 61 7
14.625 65 11
15.000 65 11
15.125 66 0
15.375 66 0
15.875 66 0
16.000 66 0
16.125 68 2
16.188 70 4
16.500 59 5
16.875 58 4
17.125 61 7
17.156 59 5
17.250 59 5
18.125 54 0
18.250 61 7
18.500 59 5
18.625 59 5
18.875 61 7
19.000 56 2
20.125 66 0
20.250 70 4
20.375 66 0
20.500 68 2
20.875 70 4
21.000 71 5
21.125 70 4
21.250 68 2
21.375 61 7
21.750 66 0
22.000 70 4
22.125 70 4
22.250 68 2
22.375 61 7
22.875 66 0
23.000 71 5
23.125 70 4
23.250 61 7
23.375 61 7
23.625 66 0
24.250 66 0
24.375 65 11
24.500 63 9
24.625 61 7
25.250 61 7
25.375 61 7
25.500 54 0
25.875 61 7
26.000 61 7
26.125 59 5
26.250 59 5
26.375 58 4
26.500 58 4
26.750 54 0
27.000 54 0
28.875 58 4
28.938 56 2
29.000 54 0
33.250 61 7
33.500 58 4
33.625 59 5
33.875 58 4
34.000 59 5
34.125 59 5
34.188 61 7
34.500 54 0
34.875 56 2
35.000 58 4
35.125 61 7
35.375 61 7
35.625 65 11
36.000 65 11
36.125 66 0
36.375 66 0
36.875 66 0
37.000 66 0
37.125 68 2
37.250 70 4
37.375 59 5
37.562 61 7
38.000 59 5
38.312 58 4
38.625 59 5
39.125 54 0
39.250 58 4
39.375 61 7
39.500 59 5
39.938 61 7
40.000 61 7
40.125 56 2
41.125 54 0
41.188 61 7
41.500 59 5
41.625 59 5
41.875 58 4
42.000 59 5
42.125 61 7
42.375 54 0
42.875 56 2
43.000 58 4
43.125 61 7
43.375 61 7
43.625 65 11
44.000 65 11
44.125 66 0
44.375 66 0
44.875 66 0
45.000 66 0
45.125 68 2
45.188 70 4
45.625 59 5
46.125 61 7
46.250 61 7
46.312 59 5
46.375 59 5
47.125 61 7
47.375 59 5
47.500 59 5
47.625 59 5
47.875 61 7
48.000 56 2
49.125 70 4
49.250 70 4
49.375 66 0
49.500 68 2
49.875 70 4
50.000 71 5
50.125 70 4
50.250 68 2
50.375 61 7
50.750 66 0
51.000 71 5
51.125 70 4
51.250 68 2
51.375 61 7
51.875 66 0
52.000 71 5
52.125 70 4
52.250 61 7
52.375 61 7
52.625 66 0
53.125 66 0
53.375 65 11
53.500 63 9
53.531 61 7
53.750 61 7
54.250 61 7
54.375 61 7
54.500 54 0
54.875 61 7
55.000 61 7
55.125 59 5
55.250 59 5
55.375 58 4
55.500 58 4
55.750 54 0
56.000 54 0
57.875 58 4
57.938 56 2
58.000 54 0
62.250 61 7
62.625 58 4
62.750 59 5
63.000 58 4
63.125 59 5
63.250 61 7
63.438 54 0
63.875 56 2
64.000 58 4
64.125 61 7
64.375 61 7
64.625 65 11
65.000 65 11
65.125 66 0
65.375 66 0
66.000 66 0
66.250 70 4
66.500 59 5
67.188 58 4
67.312 61 7
67.438 59 5
67.562 59 5
68.125 54 0
68.250 54 0
68.375 61 7
68.500 59 5
68.812 61 7
69.125 56 2
70.125 54 0
70.188 61 7
70.375 61 7
70.625 59 5
70.875 58 4
71.000 59 5
71.125 61 7
71.375 54 0
71.875 56 2
72.000 58 4
72.125 61 7
72.375 61 7
72.750 65 11
73.000 65 11
73.125 66 0
73.375 66 0
73.875 66 0
74.000 66 0
74.125 70 4
74.625 59 5
75.250 56 2
75.375 61 7
75.500 59 5
75.625 59 5
76.125 54 0
76.250 54 0
76.375 61 7
76.500 59 5
76.750 61 7
77.000 56 2
78.125 70 4
78.250 70 4
78.375 66 0
78.500 68 2
78.875 70 4
79.000 71 5
79.125 70 4
79.250 68 2
79.375 61 7
79.750 66 0
80.000 71 5
80.125 70 4
80.250 68 2
80.375 61 7
80.875 66 0
81.000 71 5
81.125 70 4
81.250 61 7
81.375 61 7
81.625 66 0
82.125 66 0
82.375 65 11
82.500 63 9
82.531 61 7
82.625 61 7
83.250 61 7
83.375 61 7
83.500 54 0
83.875 61 7
84.000 61 7
84.125 59 5
84.250 59 5
84.375 58 4
84.500 58 4
84.750 54 0
85.000 54 0
86.875 58 4
86.938 56 2
87.000 54 0
91.125 70 4
91.250 70 4
91.375 66 0
91.500 68 2
91.875 70 4
92.000 71 5
92.125 70 4
92.250 68 2
92.375 61 7
92.750 66 0
93.000 70 4
93.125 70 4
93.250 68 2
93.375 61 7
93.875 66 0
94.000 71 5
94.125 70 4
94.250 61 7
94.375 61 7
94.625 66 0
95.250 66 0
95.562 65 11
95.625 63 9
95.688 61 7
95.750 61 7
96.250 61 7
96.375 61 7
96.500 54 0
96.875 61 7
97.000 61 7
97.125 59 5
97.250 59 5
97.375 58 4
97.500 58 4
97.750 54 0
98.000 54 0
99.875 58 4
99.938 56 2
100.000 54 0
