7.750 56 5
7.938 56 5
8.250 55 4
8.375 53 2
8.500 51 0
9.750 56 5
9.875 58 7
10.250 53 2
10.375 55 4
11.250 60 9
11.500 61 10
11.750 60 9
11.938 58 7
12.750 63 0
12.875 60 9
13.750 60 9
13.875 60 9
14.000 58 7
14.125 55 4
14.188 53 2
14.250 51 0
15.000 63 0
16.250 55 4
16.500 53 2
16.750 51 0
16.938 53 2
17.875 58 7
18.375 58 7
18.625 55 4
18.688 53 2
18.875 51 0
19.000 51 0
19.188 53 2
19.250 55 4
20.250 58 7
20.500 65 2
20.625 67 4
20.750 65 2
21.000 63 0
21.500 65 2
21.875 65 2
22.500 65 2
22.625 67 4
22.750 65 2
23.000 63 0
23.500 62 11
23.750 60 9
24.000 60 9
24.188 58 7
24.500 55 4
24.688 58 7
25.250 60 9
25.375 63 0
25.500 65 2
25.750 67 4
25.938 63 0
26.500 67 4
26.750 65 2
26.812 67 4
26.875 65 2
26.938 63 0
27.125 63 0
27.500 62 11
27.750 60 9
28.000 60 9
28.188 58 7
28.500 55 4
28.688 58 7
29.250 60 9
29.375 63 0
29.500 65 2
29.750 67 4
29.938 63 0
35.875 56 5
35.938 56 5
36.125 55 4
36.438 53 2
36.500 51 0
37.688 56 5
37.750 56 5
37.812 56 5
37.875 58 7
38.000 55 4
39.250 60 9
39.500 61 10
39.750 60 9
39.938 58 7
40.750 63 0
40.938 58 7
41.000 60 9
41.750 56 5
41.812 58 7
41.938 58 7
42.000 60 9
42.125 58 7
42.250 55 4
42.312 53 2
42.438 51 0
42.938 60 9
43.000 63 0
44.250 55 4
44.500 53 2
44.750 51 0
45.000 53 2
45.875 58 7
46.375 58 7
46.500 55 4
46.625 53 2
46.750 51 0
46.875 53 2
46.938 55 4
48.250 58 7
48.500 65 2
48.625 67 4
48.750 65 2
49.000 63 0
49.500 65 2
49.875 65 2
50.500 67 4
50.750 65 2
51.000 63 0
51.500 62 11
51.750 60 9
52.000 60 9
52.188 58 7
52.500 55 4
52.688 58 7
53.250 60 9
53.375 63 0
53.500 65 2
53.750 67 4
53.938 63 0
54.500 67 4
54.750 65 2
54.812 67 4
54.875 65 2
54.938 63 0
55.125 63 0
55.500 62 11
55.750 60 9
56.000 60 9
56.188 58 7
56.500 60 9
56.688 63 0
57.250 63 0
57.375 65 2
57.500 63 0
57.750 62 11
57.938 62 11
58.000 63 0
68.750 56 5
68.875 56 5
69.125 55 4
69.375 53 2
69.438 51 0
70.750 56 5
70.875 56 5
71.000 58 7
71.250 55 4
72.250 60 9
72.500 61 10
72.750 60 9
73.000 58 7
73.750 63 0
73.938 58 7
74.000 60 9
74.750 60 9
74.875 60 9
75.000 58 7
75.188 60 9
75.250 58 7
75.438 55 4
75.500 53 2
75.562 51 0
77.250 55 4
77.500 53 2
77.750 51 0
78.000 53 2
78.875 58 7
79.625 58 7
79.875 58 7
80.000 58 7
80.250 56 5
80.375 55 4
81.250 58 7
81.500 65 2
81.562 67 4
81.750 65 2
82.000 63 0
82.500 65 2
82.875 65 2
83.500 67 4
83.750 65 2
84.000 63 0
84.500 62 11
84.750 60 9
85.000 60 9
85.188 58 7
85.500 60 9
85.688 63 0
86.250 63 0
86.375 65 2
86.500 63 0
86.750 62 11
86.938 63 0
87.500 67 4
87.750 65 2
88.000 68 5
88.500 67 4
88.750 65 2
89.000 67 4
89.188 68 5
89.375 67 4
89.500 65 2
89.688 63 0
90.250 68 5
90.375 68 5
90.500 67 4
90.750 65 2
90.875 65 2
91.000 67 4
92.750 65 2
92.812 67 4
93.000 65 2
93.062 63 0
