11.917 63 4
12.000 63 4
12.250 61 2
12.500 59 0
12.750 58 11
12.917 59 0
13.167 54 7
13.417 56 9
13.667 59 0
13.917 57 10
14.250 59 0
14.500 57 10
14.750 56 9
14.917 57 10
15.000 56 9
15.167 54 7
15.667 59 0
15.750 61 2
15.917 59 0
16.000 62 3
16.250 61 2
16.417 59 0
16.667 59 0
16.750 61 2
16.917 52 5
17.000 56 9
17.167 62 3
17.417 59 0
17.667 64 5
17.750 64 5
17.917 61 2
18.000 64 5
18.250 63 4
18.417 61 2
18.667 63 4
18.917 54 7
19.917 63 4
20.000 63 4
20.250 61 2
20.500 59 0
20.750 58 11
20.917 59 0
21.167 54 7
21.417 56 9
21.667 59 0
22.000 57 10
22.250 59 0
22.500 57 10
22.667 56 9
22.917 57 10
23.000 56 9
23.167 54 7
23.667 59 0
23.750 61 2
23.917 59 0
24.000 62 3
24.250 61 2
24.417 59 0
24.667 59 0
24.750 61 2
24.917 52 5
25.000 56 9
25.167 62 3
25.417 59 0
25.667 64 5
25.750 64 5
25.917 61 2
26.000 64 5
26.250 63 4
26.500 61 2
26.667 63 4
26.917 54 7
27.917 63 4
28.000 66 7
28.250 68 9
28.500 71 0
28.750 75 4
28.917 73 2
29.167 71 0
29.417 68 9
29.500 66 7
29.667 68 9
29.917 69 10
31.917 62 3
32.000 62 3
32.250 64 5
32.500 67 8
32.750 71 0
32.917 69 10
33.167 67 8
33.417 64 5
33.500 62 3
33.667 64 5
33.917 66 7
35.917 63 4
36.000 63 4
36.250 61 2
36.500 59 0
36.750 58 11
36.917 59 0
37.167 54 7
37.417 56 9
37.750 59 0
38.000 57 10
38.250 59 0
38.500 57 10
38.750 56 9
38.917 57 10
39.000 56 9
39.167 54 7
39.667 59 0
39.750 61 2
39.917 59 0
40.000 62 3
40.250 61 2
40.417 59 0
40.667 59 0
40.750 61 2
40.917 54 7
41.000 56 9
41.250 62 3
41.417 57 10
41.500 59 0
41.750 64 5
41.917 61 2
42.000 64 5
42.250 63 4
42.500 61 2
42.667 63 4
42.917 54 7
43.917 61 2
44.000 63 4
44.250 61 2
44.417 59 0
44.500 59 0
44.750 58 11
44.917 59 0
45.167 54 7
45.417 56 9
45.583 57 10
45.667 59 0
46.000 57 10
46.250 59 0
46.500 57 10
46.667 56 9
46.917 57 10
47.000 56 9
47.167 54 7
47.667 59 0
47.750 61 2
47.917 59 0
48.000 62 3
48.250 61 2
48.417 61 2
48.500 59 0
48.667 59 0
48.750 61 2
49.000 56 9
49.167 56 9
49.250 62 3
49.417 59 0
49.667 64 5
49.750 64 5
49.917 61 2
50.000 64 5
50.167 64 5
50.250 63 4
50.500 61 2
50.667 63 4
50.917 54 7
51.917 63 4
52.000 66 7
52.250 68 9
52.500 71 0
52.750 75 4
52.917 73 2
53.167 71 0
53.417 68 9
53.500 66 7
53.667 68 9
53.917 69 10
55.917 62 3
56.000 62 3
56.250 64 5
56.500 67 8
56.750 71 0
56.917 69 10
57.167 67 8
57.417 64 5
57.500 62 3
57.667 64 5
57.917 66 7
61.917 63 4
62.000 66 7
62.250 68 9
62.500 71 0
62.750 75 4
62.917 73 2
63.167 71 0
63.417 68 9
63.500 66 7
63.667 68 9
63.917 71 0
65.917 63 4
66.000 66 7
66.250 68 9
66.500 71 0
66.750 75 4
66.917 73 2
67.167 71 0
67.417 68 9
67.500 66 7
67.667 68 9
67.917 71 0
69.917 63 4
70.000 66 7
70.250 68 9
70.500 71 0
70.750 75 4
70.917 73 2
71.167 71 0
71.417 68 9
71.500 66 7
71.667 68 9
71.917 71 0
