3.250 62 7
3.500 62 7
3.750 67 0
4.000 64 9
4.250 64 9
4.500 62 7
4.625 64 9
4.750 62 7
5.000 59 4
5.500 59 4
5.875 62 7
6.000 59 4
7.250 62 7
7.500 62 7
7.750 67 0
8.000 64 9
8.250 64 9
8.500 62 7
8.625 64 9
8.750 62 7
9.000 59 4
9.250 59 4
9.500 59 4
9.875 62 7
10.125 57 2
10.250 59 4
11.250 59 4
11.500 59 4
11.750 62 7
12.000 58 3
12.250 59 4
13.250 55 0
13.500 59 4
13.875 57 2
14.125 55 0
15.500 62 7
15.750 67 0
16.000 64 9
16.250 64 9
16.500 62 7
16.625 64 9
16.750 62 7
17.000 59 4
17.250 59 4
17.500 59 4
17.875 62 7
18.000 57 2
18.250 59 4
19.250 55 0
19.500 59 4
19.625 62 7
19.750 59 4
19.812 57 2
19.875 55 0
20.062 55 0
21.125 55 0
21.250 55 0
21.375 55 0
21.500 57 2
21.625 58 3
21.750 57 2
22.000 55 0
23.125 55 0
23.250 55 0
23.375 55 0
23.500 57 2
23.625 59 4
23.750 57 2
23.875 55 0
24.000 55 0
24.250 55 0
24.375 55 0
24.500 57 2
24.625 59 4
24.750 57 2
24.875 55 0
25.000 55 0
25.125 52 9
25.375 55 0
25.500 57 2
25.625 58 3
25.750 57 2
25.875 55 0
26.000 55 0
27.250 62 7
27.500 62 7
27.750 67 0
28.000 64 9
28.250 64 9
28.500 62 7
28.625 64 9
28.750 62 7
29.000 59 4
29.500 59 4
29.875 62 7
30.000 59 4
31.250 62 7
31.500 62 7
31.750 67 0
32.000 64 9
32.250 64 9
32.500 62 7
32.625 64 9
32.750 62 7
33.000 59 4
33.250 59 4
33.500 59 4
33.875 62 7
34.125 57 2
34.250 59 4
35.250 59 4
35.500 59 4
35.750 62 7
36.000 58 3
36.250 59 4
37.250 55 0
37.500 59 4
37.875 57 2
38.125 55 0
39.500 62 7
39.750 67 0
40.000 64 9
40.250 64 9
40.500 62 7
40.625 64 9
40.750 62 7
41.000 59 4
41.250 59 4
41.500 59 4
41.875 62 7
42.000 57 2
42.250 59 4
43.250 55 0
43.375 55 0
43.500 59 4
43.625 62 7
43.750 59 4
43.875 57 2
43.938 55 0
44.062 55 0
45.125 55 0
45.250 55 0
45.375 55 0
45.500 57 2
45.625 58 3
45.750 57 2
45.875 55 0
46.125 55 0
47.125 55 0
47.375 55 0
47.500 57 2
47.625 59 4
47.750 57 2
47.875 55 0
48.000 55 0
48.250 55 0
48.375 55 0
48.500 57 2
48.625 59 4
48.750 57 2
48.875 55 0
49.000 55 0
49.125 52 9
49.375 55 0
49.500 57 2
49.625 59 4
49.750 57 2
49.875 55 0
50.125 55 0
51.250 62 7
51.500 62 7
51.750 67 0
52.000 64 9
52.250 64 9
52.500 62 7
52.625 64 9
52.750 62 7
53.000 59 4
53.500 59 4
53.875 62 7
54.000 59 4
55.250 62 7
55.500 62 7
55.750 67 0
56.000 64 9
56.250 64 9
56.500 62 7
56.625 64 9
56.750 62 7
57.000 59 4
57.250 59 4
57.500 59 4
57.875 62 7
58.125 57 2
58.250 59 4
59.250 59 4
59.500 59 4
59.750 62 7
60.000 58 3
60.250 59 4
61.250 55 0
61.500 59 4
61.875 57 2
62.125 55 0
63.500 62 7
63.750 67 0
64.000 64 9
64.250 64 9
64.500 62 7
64.625 64 9
64.750 62 7
65.000 59 4
65.250 59 4
65.500 59 4
65.875 62 7
66.000 57 2
66.250 59 4
67.250 55 0
67.500 59 4
67.875 62 7
68.000 57 2
68.250 59 4
69.250 55 0
69.500 59 4
69.875 62 7
