8.000 59 7
8.500 62 10
8.750 62 10
8.875 59 7
9.500 62 10
9.750 62 10
9.875 59 7
10.500 62 10
10.625 64 0
10.875 64 0
11.000 66 2
11.375 64 0
11.500 62 10
11.750 62 10
11.875 59 7
12.500 62 10
12.750 62 10
12.875 59 7
13.500 62 10
13.750 62 10
13.875 59 7
14.500 62 10
14.625 64 0
14.875 64 0
15.000 66 2
15.375 64 0
15.500 62 10
15.750 62 10
15.875 59 7
16.500 62 10
16.750 62 10
16.875 59 7
17.500 62 10
17.750 64 0
17.875 59 7
18.500 62 10
18.625 64 0
18.875 64 0
19.000 66 2
19.375 64 0
19.500 62 10
19.750 62 10
19.875 59 7
20.500 62 10
20.750 62 10
20.875 59 7
21.500 62 10
21.750 64 0
21.875 59 7
22.500 62 10
22.625 64 0
22.875 64 0
23.000 66 2
23.375 64 0
23.500 62 10
23.750 62 10
23.875 59 7
24.625 57 5
24.750 55 3
24.875 55 3
25.500 59 7
25.750 62 10
25.875 59 7
26.625 57 5
26.750 55 3
26.875 55 3
27.500 59 7
27.750 62 10
27.875 59 7
28.625 57 5
28.750 55 3
28.875 55 3
29.500 59 7
29.750 62 10
29.875 59 7
30.625 57 5
30.750 55 3
30.875 55 3
32.000 59 7
32.500 62 10
32.750 62 10
32.875 59 7
33.500 62 10
33.750 62 10
33.875 59 7
34.500 62 10
34.625 64 0
34.875 64 0
35.000 66 2
35.375 64 0
35.500 62 10
35.750 62 10
35.875 59 7
36.500 62 10
36.750 62 10
36.875 59 7
37.500 62 10
37.750 62 10
37.875 59 7
38.500 62 10
38.625 64 0
38.875 64 0
39.000 66 2
39.375 64 0
39.500 62 10
39.750 62 10
39.875 59 7
40.625 57 5
40.750 55 3
40.875 55 3
41.500 59 7
41.750 62 10
41.875 59 7
42.625 57 5
42.750 55 3
42.875 55 3
43.500 59 7
43.750 62 10
43.875 59 7
44.625 57 5
44.750 55 3
44.875 55 3
45.500 59 7
45.750 62 10
45.875 59 7
46.625 57 5
46.750 55 3
46.875 55 3
48.500 57 5
48.625 57 5
49.000 60 8
49.375 60 8
49.625 60 8
50.000 58 6
50.125 57 5
50.375 55 3
50.500 52 0
50.625 55 3
50.750 52 0
51.500 57 5
51.625 57 5
51.875 58 6
52.000 57 5
52.375 55 3
52.500 52 0
52.625 55 3
52.750 52 0
53.500 57 5
53.625 57 5
53.875 58 6
54.000 57 5
54.375 55 3
54.500 52 0
54.625 55 3
54.750 52 0
76.000 59 7
76.625 57 5
76.750 55 3
76.875 55 3
77.500 59 7
77.750 62 10
77.875 59 7
78.625 57 5
78.750 55 3
78.875 55 3
79.500 59 7
79.750 62 10
79.875 59 7
80.625 57 5
80.750 55 3
80.875 55 3
81.500 59 7
81.750 62 10
81.875 59 7
82.625 57 5
82.750 55 3
82.875 55 3
84.500 57 5
84.625 57 5
85.000 60 8
85.375 60 8
85.625 60 8
86.000 59 7
86.125 57 5
86.375 55 3
86.500 52 0
86.625 55 3
86.750 52 0
87.500 57 5
87.625 57 5
87.875 58 6
88.000 57 5
88.375 55 3
88.500 52 0
88.625 55 3
88.750 52 0
89.500 57 5
89.625 57 5
89.875 58 6
90.000 57 5
90.375 55 3
90.500 52 0
90.625 55 3
90.750 52 0
91.500 57 5
91.625 57 5
91.875 58 6
92.000 57 5
92.375 55 3
92.500 52 0
92.625 55 3
92.750 52 0
93.500 57 5
93.625 57 5
93.875 58 6
94.000 57 5
94.375 55 3
94.500 52 0
94.625 55 3
94.750 52 0
97.500 59 7
97.750 62 10
97.875 59 7
98.625 57 5
98.750 55 3
98.875 55 3
101.500 59 7
101.750 62 10
101.875 59 7
102.625 57 5
102.750 55 3
102.875 55 3
