1.625 54 4
1.750 54 4
1.812 57 7
2.000 59 9
2.750 54 4
2.875 57 7
3.000 59 9
3.750 54 4
3.875 57 7
4.000 59 9
4.500 61 11
4.875 57 7
5.000 54 4
5.750 61 11
5.875 62 0
6.000 64 2
6.125 62 0
6.250 62 0
6.375 62 0
6.625 62 0
6.750 61 11
6.875 62 0
7.000 64 2
7.250 62 0
7.375 62 0
7.750 61 11
7.875 62 0
8.000 64 2
8.375 62 0
8.500 59 9
8.750 55 5
9.000 52 2
9.750 59 9
9.875 59 9
10.000 59 9
10.125 57 7
10.375 57 7
10.875 57 7
11.125 59 9
11.250 61 11
11.375 59 9
11.500 57 7
12.250 57 7
12.500 59 9
12.750 61 11
13.000 62 0
13.125 57 7
13.250 59 9
13.375 54 4
13.500 57 7
14.000 57 7
14.125 66 4
14.375 61 11
15.000 62 0
15.125 57 7
15.250 59 9
15.375 54 4
15.500 57 7
16.000 57 7
16.125 66 4
16.375 61 11
16.875 57 7
17.000 55 5
17.750 55 5
17.875 55 5
18.000 54 4
18.750 50 0
18.875 52 2
19.000 52 2
19.125 50 0
19.875 49 11
19.938 50 0
20.000 49 11
20.625 49 11
20.750 50 0
20.875 52 2
21.000 52 2
21.250 50 0
22.000 52 2
22.125 50 0
23.000 52 2
23.125 50 0
24.000 54 4
24.375 55 5
24.438 54 4
24.500 52 2
24.625 50 0
24.750 50 0
24.875 50 0
25.000 57 7
25.875 50 0
26.000 50 0
26.750 50 0
26.875 50 0
27.000 57 7
27.750 50 0
27.875 50 0
28.000 49 11
28.625 49 11
28.750 50 0
28.875 52 2
29.000 52 2
29.250 50 0
30.625 54 4
30.750 54 4
30.875 57 7
30.938 59 9
31.625 50 0
31.750 54 4
31.875 57 7
32.000 59 9
32.750 54 4
32.875 57 7
33.000 59 9
33.500 61 11
33.875 57 7
34.000 57 7
34.062 54 4
34.812 61 11
34.875 61 11
34.938 62 0
35.000 64 2
35.125 62 0
35.375 62 0
35.750 61 11
35.875 62 0
36.000 64 2
36.250 62 0
36.375 62 0
36.875 62 0
37.000 64 2
37.125 62 0
37.375 62 0
37.500 62 0
37.625 59 9
37.875 62 0
38.000 66 4
38.375 67 5
38.438 66 4
38.500 64 2
38.750 62 0
38.875 62 0
39.000 69 7
39.750 62 0
39.875 62 0
40.750 62 0
40.875 62 0
41.000 69 7
41.750 61 11
42.000 61 11
43.000 74 0
43.125 69 7
43.250 71 9
43.375 66 4
43.500 69 7
43.625 66 4
43.812 62 0
44.000 61 11
44.125 66 4
44.375 61 11
45.000 74 0
45.125 69 7
45.250 71 9
45.375 66 4
45.500 69 7
45.625 66 4
45.812 62 0
46.000 61 11
46.125 66 4
46.375 61 11
47.000 62 0
47.750 62 0
47.875 66 4
48.125 61 11
48.875 59 9
49.125 62 0
49.625 62 0
49.875 61 11
49.938 62 0
50.000 61 11
50.750 62 0
50.875 64 2
51.000 64 2
51.125 62 0
52.000 64 2
52.125 62 0
53.000 64 2
53.125 62 0
54.000 66 4
54.375 67 5
54.438 66 4
54.500 64 2
54.750 62 0
54.875 62 0
55.000 66 4
56.000 62 0
57.000 69 7
58.000 62 0
59.000 67 5
59.750 66 4
59.875 67 5
60.000 69 7
60.750 68 6
61.000 69 7
