12.250 58 5
12.312 60 7
12.500 65 0
12.812 60 7
12.875 56 3
13.000 58 5
13.062 60 7
13.250 58 5
13.375 60 7
13.438 58 5
13.562 56 3
13.625 56 3
14.250 60 7
14.375 60 7
14.500 65 0
14.812 60 7
14.875 56 3
15.000 58 5
15.062 60 7
15.250 58 5
15.312 58 5
15.438 58 5
15.562 56 3
15.625 58 5
16.625 58 5
16.688 56 3
16.875 58 5
16.938 53 0
18.000 67 2
18.250 65 0
18.500 63 10
18.875 60 7
18.938 58 5
19.062 56 3
19.250 58 5
19.375 60 7
19.438 56 3
19.500 51 10
19.625 53 0
20.125 53 0
20.188 55 2
20.250 56 3
20.375 58 5
20.438 59 6
20.562 60 7
20.938 68 3
21.062 68 3
21.125 68 3
21.188 68 3
21.250 67 2
21.312 65 0
21.375 65 0
21.438 65 0
21.500 63 10
21.625 63 10
21.688 60 7
21.750 58 5
21.875 56 3
21.938 60 7
23.688 60 7
23.750 62 9
23.812 65 0
24.062 65 0
24.250 63 10
24.500 65 0
24.562 65 0
24.688 63 10
24.750 60 7
25.000 65 0
25.062 63 10
25.125 63 10
25.188 65 0
25.250 63 10
25.375 63 10
25.438 65 0
25.500 63 10
25.625 63 10
25.688 65 0
25.750 63 10
26.062 65 0
26.250 63 10
26.438 65 0
26.562 63 10
26.625 65 0
26.688 63 10
26.750 60 7
27.000 65 0
27.062 63 10
27.188 63 10
27.250 58 5
27.375 56 3
27.438 58 5
27.500 56 3
27.562 58 5
27.812 56 3
27.875 58 5
27.938 53 0
32.188 60 7
32.375 60 7
32.500 65 0
32.875 58 5
32.938 56 3
33.000 60 7
33.250 58 5
33.312 58 5
33.438 58 5
33.625 56 3
34.250 58 5
34.312 60 7
34.500 65 0
34.812 60 7
34.875 56 3
35.000 58 5
35.062 60 7
35.250 58 5
35.375 58 5
35.438 59 6
35.500 58 5
35.625 56 3
35.688 58 5
36.625 58 5
36.688 56 3
36.875 58 5
37.000 53 0
38.000 65 0
38.312 67 2
38.375 68 3
38.500 67 2
38.625 65 0
39.125 65 0
39.250 67 2
39.375 68 3
39.438 67 2
39.562 68 3
39.625 65 0
40.125 67 2
40.188 68 3
40.250 67 2
40.312 65 0
40.500 67 2
40.625 67 2
40.688 68 3
40.750 67 2
40.812 65 0
41.000 68 3
41.125 65 0
41.188 63 10
41.250 65 0
41.375 63 10
41.438 65 0
41.562 63 10
41.625 65 0
41.688 63 10
41.750 65 0
41.812 63 10
41.875 65 0
42.125 67 2
42.188 68 3
42.250 67 2
42.312 65 0
42.438 65 0
42.500 67 2
42.562 67 2
42.688 68 3
42.750 67 2
42.812 65 0
43.000 68 3
43.062 68 3
43.125 68 3
43.188 67 2
43.312 65 0
43.438 65 0
43.500 67 2
43.562 68 3
43.625 67 2
43.688 65 0
43.750 67 2
43.812 65 0
43.875 65 0
43.938 67 2
44.438 63 10
44.500 64 11
44.625 60 7
44.688 58 5
44.750 60 7
45.125 63 10
45.375 64 11
52.875 65 0
53.125 67 2
53.188 68 3
53.250 67 2
53.312 65 0
53.500 67 2
53.625 67 2
53.688 68 3
53.750 67 2
53.812 65 0
54.000 68 3
54.125 65 0
54.188 63 10
54.250 65 0
54.375 63 10
54.438 65 0
54.562 63 10
54.625 65 0
54.688 63 10
54.750 65 0
54.812 63 10
54.875 65 0
55.125 67 2
55.188 68 3
55.250 67 2
55.312 65 0
55.438 65 0
55.500 67 2
55.562 67 2
55.688 68 3
55.750 67 2
55.812 65 0
56.000 68 3
56.062 68 3
56.125 68 3
56.188 67 2
56.312 65 0
56.438 65 0
56.500 67 2
56.562 68 3
56.625 67 2
56.688 65 0
56.750 67 2
56.812 65 0
56.875 65 0
56.938 67 2
57.188 63 10
57.250 64 11
57.375 60 7
57.438 58 5
57.500 60 7
58.875 65 0
59.125 68 3
59.250 67 2
59.312 65 0
59.562 65 0
59.625 68 3
59.750 67 2
59.812 65 0
60.062 65 0
60.125 68 3
60.250 67 2
60.312 65 0
60.500 68 3
60.562 68 3
60.625 67 2
60.688 65 0
60.750 65 0
60.875 65 0
61.000 68 3
61.375 63 10
61.500 65 0
63.062 65 0
63.125 68 3
63.250 67 2
63.312 65 0
63.562 65 0
63.625 68 3
63.750 67 2
63.812 65 0
64.062 65 0
64.125 68 3
64.250 67 2
64.312 65 0
64.500 68 3
64.562 68 3
64.625 67 2
64.688 65 0
64.750 65 0
64.875 65 0
65.125 65 0
67.062 65 0
67.125 68 3
67.250 67 2
67.312 65 0
67.562 65 0
67.625 68 3
67.750 67 2
67.812 65 0
68.125 68 3
68.250 67 2
68.312 65 0
68.562 65 0
68.625 68 3
68.750 67 2
68.812 65 0
69.125 80 3
69.250 79 2
69.312 77 0
69.625 80 3
69.750 79 2
69.812 77 0
70.125 80 3
70.250 79 2
70.312 77 0
70.562 80 3
71.000 79 2
71.125 80 3
71.250 79 2
71.375 80 3
71.500 79 2
71.625 80 3
71.750 79 2
71.875 80 3
72.000 79 2
72.125 80 3
72.250 79 2
72.375 80 3
72.500 79 2
72.625 80 3
73.062 65 0
73.125 68 3
73.250 67 2
73.312 65 0
73.500 67 2
73.625 67 2
73.688 68 3
73.750 67 2
73.812 65 0
74.000 68 3
74.062 63 10
74.125 65 0
74.188 63 10
74.250 65 0
74.375 63 10
74.438 65 0
74.562 63 10
74.625 65 0
74.688 63 10
74.750 65 0
74.812 63 10
74.875 65 0
75.125 67 2
75.188 68 3
75.250 67 2
75.312 65 0
75.438 65 0
75.500 67 2
75.562 67 2
75.688 68 3
75.750 67 2
75.812 65 0
76.000 68 3
76.062 68 3
76.125 65 0
76.188 68 3
76.312 68 3
76.500 68 3
76.562 68 3
76.625 67 2
76.688 65 0
76.750 65 0
76.812 65 0
76.875 63 10
76.938 65 0
77.125 68 3
77.188 68 3
77.250 67 2
77.312 65 0
77.500 67 2
77.625 67 2
77.688 68 3
77.750 67 2
77.812 65 0
78.000 68 3
78.125 65 0
78.188 63 10
78.250 65 0
78.375 63 10
78.438 65 0
78.562 63 10
78.625 65 0
78.688 63 10
78.750 65 0
78.812 63 10
78.875 65 0
79.125 67 2
79.188 68 3
79.250 67 2
79.312 65 0
79.438 65 0
79.500 67 2
79.562 67 2
79.688 68 3
79.750 67 2
79.812 65 0
80.000 68 3
80.062 68 3
80.125 68 3
80.188 67 2
80.312 65 0
80.438 65 0
80.500 67 2
80.562 68 3
80.625 67 2
80.688 65 0
80.750 67 2
80.812 65 0
80.875 65 0
80.938 67 2
