3.667 58 2
3.917 60 4
4.000 60 4
4.042 56 0
4.167 56 0
4.417 63 7
4.500 63 7
4.542 60 4
4.667 60 4
5.250 61 5
5.333 61 5
5.417 60 4
5.583 60 4
5.750 58 2
6.250 56 0
6.333 58 2
6.417 60 4
6.500 60 4
6.583 58 2
6.667 56 0
7.000 61 5
7.167 61 5
7.333 61 5
7.417 60 4
7.500 60 4
7.667 58 2
8.167 56 0
8.333 58 2
8.417 60 4
8.500 60 4
8.583 58 2
8.667 56 0
9.167 61 5
9.333 61 5
9.417 60 4
9.500 58 2
9.917 60 4
10.000 60 4
10.208 58 2
10.250 56 0
11.667 63 7
11.833 65 9
11.917 67 11
12.000 67 11
12.042 63 7
12.167 63 7
12.375 60 4
12.417 63 7
12.500 60 4
12.583 58 2
12.667 56 0
13.167 56 0
13.250 61 5
13.333 61 5
13.417 60 4
13.500 60 4
13.667 58 2
14.250 56 0
14.333 58 2
14.417 60 4
14.500 60 4
14.583 58 2
14.667 56 0
14.917 56 0
15.000 61 5
15.417 60 4
15.500 60 4
15.583 58 2
16.167 56 0
16.333 58 2
16.417 60 4
16.500 60 4
16.583 58 2
16.667 56 0
17.167 61 5
17.333 61 5
17.417 60 4
17.500 58 2
17.917 60 4
18.000 60 4
18.208 58 2
18.250 56 0
19.917 56 0
20.000 61 5
20.417 63 7
20.500 63 7
20.583 61 5
21.083 60 4
21.333 58 2
21.500 60 4
21.583 58 2
21.667 56 0
21.917 56 0
22.000 58 2
22.167 58 2
22.333 58 2
22.417 58 2
22.500 58 2
22.667 56 0
22.750 65 9
22.917 63 7
23.000 65 9
23.125 63 7
23.167 60 4
23.917 56 0
24.000 65 9
24.083 61 5
24.333 65 9
24.417 65 9
24.500 67 11
24.583 65 9
25.167 63 7
25.417 63 7
25.500 63 7
25.583 60 4
25.750 53 9
25.833 53 9
25.917 56 0
26.000 60 4
26.167 60 4
26.333 60 4
26.417 60 4
26.500 60 4
26.667 58 2
26.833 56 0
26.917 60 4
27.000 58 2
27.250 63 7
27.333 65 9
27.417 63 7
27.500 60 4
27.667 65 9
27.917 63 7
28.000 63 7
28.042 60 4
28.167 60 4
28.375 58 2
28.417 60 4
28.500 60 4
28.583 58 2
28.667 56 0
29.167 61 5
29.417 60 4
29.667 60 4
29.833 58 2
30.250 56 0
30.333 58 2
30.417 60 4
30.500 60 4
30.583 58 2
30.667 56 0
31.000 61 5
31.167 61 5
31.333 61 5
31.417 60 4
31.500 60 4
31.583 58 2
32.167 56 0
32.333 58 2
32.417 60 4
32.500 60 4
32.583 58 2
32.667 56 0
33.167 61 5
33.333 61 5
33.417 60 4
33.500 58 2
33.917 60 4
34.000 60 4
34.208 58 2
34.250 56 0
36.167 63 7
36.333 61 5
36.417 60 4
36.500 61 5
37.167 60 4
37.333 58 2
37.500 60 4
38.167 58 2
38.333 58 2
38.417 58 2
38.500 58 2
38.667 58 2
38.833 58 2
38.917 56 0
39.000 56 0
40.167 63 7
40.333 61 5
40.417 60 4
40.500 61 5
41.167 60 4
41.333 58 2
41.417 60 4
41.917 53 9
42.000 60 4
42.333 60 4
42.417 60 4
42.500 60 4
42.583 60 4
42.667 60 4
42.750 60 4
42.833 58 2
42.917 56 0
43.000 58 2
43.167 63 7
43.333 65 9
43.417 63 7
43.500 65 9
43.583 63 7
43.667 65 9
43.750 63 7
43.833 60 4
43.917 63 7
44.000 63 7
44.042 56 0
44.167 56 0
44.250 63 7
44.333 65 9
44.417 67 11
44.500 67 11
44.542 63 7
44.667 63 7
45.167 61 5
45.417 60 4
45.583 60 4
45.750 58 2
46.250 56 0
46.333 58 2
46.417 60 4
46.500 60 4
46.583 58 2
46.667 56 0
47.000 61 5
47.167 61 5
47.333 61 5
47.417 60 4
47.500 60 4
47.583 58 2
48.167 56 0
48.333 58 2
48.417 60 4
48.500 60 4
48.583 58 2
48.667 56 0
49.167 61 5
49.250 61 5
49.417 60 4
49.500 60 4
49.583 58 2
49.750 60 4
49.833 58 2
50.000 60 4
50.083 63 7
