16.000 52 0
16.500 54 2
17.000 55 3
18.250 54 2
18.500 54 2
18.688 52 0
18.875 50 10
19.188 52 0
20.250 62 10
20.500 62 10
20.750 60 8
20.875 59 7
21.500 60 8
21.750 59 7
21.938 57 5
22.250 55 3
24.000 52 0
24.500 54 2
24.875 55 3
25.125 55 3
26.250 54 2
26.500 54 2
26.688 52 0
26.875 50 10
27.188 52 0
28.250 62 10
28.500 62 10
28.750 60 8
28.875 59 7
29.250 60 8
29.500 60 8
29.625 59 7
29.875 57 5
30.125 55 3
30.500 54 2
31.000 52 0
34.000 52 0
34.500 54 2
35.000 55 3
36.250 54 2
36.500 54 2
36.750 52 0
36.875 50 10
37.125 52 0
38.250 62 10
38.375 62 10
38.625 60 8
38.875 59 7
39.250 60 8
39.375 60 8
39.625 60 8
39.875 59 7
40.125 57 5
40.250 55 3
40.375 55 3
42.000 52 0
42.500 54 2
43.000 55 3
44.500 54 2
44.750 52 0
44.875 50 10
45.125 52 0
46.250 62 10
46.500 62 10
46.750 60 8
46.875 59 7
47.250 60 8
47.500 60 8
47.750 59 7
47.875 57 5
48.250 55 3
48.500 54 2
49.000 52 0
76.000 52 0
76.500 54 2
77.000 55 3
78.500 54 2
78.688 52 0
78.875 50 10
79.188 52 0
80.250 62 10
80.500 62 10
80.750 60 8
81.250 60 8
81.500 60 8
81.750 59 7
82.000 57 5
82.250 55 3
84.000 52 0
84.500 54 2
85.000 55 3
86.250 54 2
86.500 54 2
86.750 52 0
86.875 50 10
87.125 52 0
88.250 62 10
88.500 62 10
88.625 60 8
89.250 60 8
89.500 60 8
89.750 59 7
89.875 57 5
90.125 55 3
90.500 54 2
91.000 52 0
