0.000 64 0
0.625 66 2
0.750 67 3
0.875 69 5
1.125 67 3
1.375 66 2
1.625 64 0
1.875 59 7
2.000 57 5
2.125 55 3
4.000 64 0
4.625 66 2
4.750 67 3
4.875 69 5
5.125 67 3
5.375 66 2
5.625 64 0
5.875 59 7
6.000 57 5
6.125 55 3
8.000 57 5
8.125 57 5
8.250 59 7
8.375 55 3
8.625 52 0
9.000 55 3
9.125 57 5
9.250 59 7
9.375 62 10
9.625 61 9
9.750 59 7
9.875 61 9
10.125 59 7
10.250 57 5
10.375 59 7
10.625 57 5
10.750 55 3
10.875 57 5
12.000 55 3
12.125 57 5
12.250 59 7
12.375 60 8
12.625 59 7
13.000 57 5
13.125 57 5
13.250 59 7
13.375 55 3
13.625 52 0
14.000 55 3
14.125 57 5
14.250 59 7
14.375 62 10
14.625 61 9
14.750 59 7
14.875 61 9
15.125 59 7
15.250 57 5
15.375 59 7
15.625 57 5
15.750 55 3
15.875 57 5
17.000 55 3
17.125 57 5
17.250 59 7
17.375 60 8
17.625 59 7
18.000 57 5
18.250 55 3
18.375 57 5
18.750 59 7
18.875 55 3
19.125 52 0
19.750 52 0
19.875 64 0
20.250 59 7
20.375 57 5
20.625 55 3
20.875 52 0
22.000 57 5
22.250 55 3
22.375 57 5
22.750 59 7
22.875 55 3
23.125 52 0
23.750 52 0
23.875 67 3
24.250 64 0
24.375 59 7
24.625 57 5
24.875 55 3
26.000 55 3
26.125 57 5
26.250 59 7
26.375 55 3
26.625 52 0
27.000 55 3
27.125 57 5
27.250 59 7
27.375 62 10
27.625 61 9
27.750 59 7
27.875 61 9
28.125 59 7
28.250 57 5
28.375 59 7
28.625 57 5
28.750 55 3
28.875 57 5
29.875 55 3
30.125 57 5
30.250 59 7
30.500 60 8
30.625 59 7
31.000 57 5
31.125 57 5
31.250 59 7
31.375 55 3
31.625 52 0
32.000 55 3
32.125 57 5
32.250 59 7
32.375 62 10
32.625 61 9
32.750 59 7
32.875 61 9
33.125 59 7
33.250 57 5
33.375 59 7
33.625 57 5
33.750 55 3
33.875 57 5
35.000 55 3
35.125 57 5
35.250 59 7
35.375 60 8
35.625 59 7
36.000 57 5
36.250 55 3
36.375 57 5
36.750 59 7
36.875 55 3
37.125 52 0
37.750 52 0
37.875 64 0
38.250 59 7
38.375 57 5
38.625 55 3
38.875 52 0
40.000 57 5
40.250 55 3
40.375 57 5
40.750 59 7
40.875 55 3
41.125 52 0
41.750 52 0
41.875 67 3
42.250 64 0
42.375 59 7
42.625 57 5
42.875 55 3
44.000 64 0
44.625 66 2
44.750 67 3
44.875 69 5
45.125 67 3
45.375 66 2
45.625 64 0
45.875 59 7
46.000 57 5
46.125 55 3
48.000 64 0
48.625 66 2
48.750 67 3
48.875 69 5
49.125 67 3
49.375 66 2
49.625 64 0
49.875 59 7
50.000 57 5
50.125 55 3
52.000 55 3
52.125 57 5
52.250 59 7
52.375 55 3
52.625 52 0
53.000 55 3
53.125 57 5
53.250 59 7
53.375 62 10
53.625 61 9
53.750 59 7
53.875 61 9
54.125 59 7
54.250 57 5
54.375 59 7
54.625 57 5
54.750 55 3
54.875 57 5
56.000 55 3
56.125 57 5
56.250 59 7
56.375 60 8
56.625 59 7
57.000 57 5
57.125 57 5
57.250 59 7
57.375 55 3
57.625 52 0
58.000 55 3
58.125 57 5
58.250 59 7
58.375 62 10
58.625 61 9
58.750 59 7
58.875 61 9
59.125 59 7
59.250 57 5
59.375 59 7
59.625 57 5
59.750 55 3
59.875 57 5
61.000 55 3
61.125 57 5
61.250 59 7
61.375 60 8
61.625 59 7
62.000 57 5
62.250 55 3
62.375 57 5
62.750 59 7
62.875 55 3
63.125 52 0
63.750 52 0
63.875 64 0
64.250 59 7
64.375 57 5
64.625 55 3
64.875 52 0
66.000 57 5
66.250 55 3
66.375 57 5
66.750 59 7
66.875 55 3
67.125 52 0
67.750 52 0
67.875 67 3
68.250 64 0
68.375 59 7
68.625 57 5
68.875 55 3
