7.250 61 4
7.375 62 5
7.500 61 4
7.750 59 2
7.875 57 0
8.125 57 0
9.250 61 4
9.375 62 5
9.500 61 4
9.750 59 2
9.875 57 0
10.000 57 0
11.125 57 0
11.250 57 0
11.375 61 4
11.625 62 5
11.875 57 0
12.125 57 0
12.250 57 0
12.375 62 5
12.625 61 4
12.875 59 2
13.125 59 2
13.250 57 0
13.375 61 4
13.500 57 0
13.750 57 0
15.250 61 4
15.375 62 5
15.500 61 4
15.750 59 2
15.875 57 0
16.000 61 4
17.125 57 0
17.250 61 4
17.375 62 5
17.500 61 4
17.750 59 2
17.875 57 0
18.000 57 0
19.125 57 0
19.250 57 0
19.375 61 4
19.625 62 5
19.875 57 0
20.125 57 0
20.250 57 0
20.375 62 5
20.625 61 4
20.875 59 2
21.125 59 2
21.250 57 0
21.375 61 4
21.500 57 0
21.750 57 0
23.250 57 0
23.500 61 4
23.750 64 7
23.875 62 5
24.125 66 9
25.250 66 9
25.375 66 9
25.500 64 7
25.875 59 2
26.000 57 0
26.125 61 4
27.250 69 0
27.375 66 9
27.500 69 0
27.750 69 0
27.875 66 9
28.125 69 0
28.250 66 9
29.125 63 6
29.250 71 2
29.375 71 2
29.500 67 10
29.625 66 9
29.875 64 7
30.125 64 7
31.250 61 4
31.375 62 5
31.500 61 4
31.750 59 2
31.875 57 0
32.125 57 0
33.250 61 4
33.375 62 5
33.500 61 4
33.750 59 2
33.875 57 0
34.125 57 0
35.125 57 0
35.250 57 0
35.375 61 4
35.625 62 5
35.875 57 0
36.125 57 0
36.250 57 0
36.375 62 5
36.625 61 4
36.875 59 2
37.125 59 2
37.250 57 0
37.375 61 4
37.500 57 0
37.750 57 0
40.125 69 0
40.250 69 0
40.375 69 0
40.625 67 10
40.750 67 10
40.875 67 10
41.125 67 10
41.375 69 0
41.625 67 10
41.875 67 10
42.125 62 5
42.250 67 10
42.375 67 10
42.500 67 10
42.625 64 7
42.750 62 5
42.875 67 10
43.125 62 5
43.375 67 10
43.625 67 10
43.875 67 10
44.125 60 3
44.250 67 10
44.375 67 10
44.500 67 10
44.750 67 10
44.875 67 10
45.000 67 10
45.125 67 10
45.375 69 0
45.750 64 7
45.875 64 7
46.125 62 5
46.250 67 10
46.375 64 7
46.500 67 10
46.750 64 7
46.875 62 5
47.000 67 10
47.250 64 7
47.375 67 10
47.625 67 10
47.875 67 10
48.125 60 3
48.250 67 10
48.500 67 10
48.750 62 5
48.875 67 10
49.125 62 5
49.375 67 10
49.625 62 5
49.875 69 0
65.250 57 0
65.500 61 4
65.750 64 7
65.875 62 5
66.125 66 9
67.250 66 9
67.375 66 9
67.500 64 7
67.875 59 2
68.000 57 0
68.125 61 4
69.250 69 0
69.375 66 9
69.500 69 0
69.750 69 0
69.875 66 9
70.125 69 0
70.250 66 9
71.125 59 2
71.250 71 2
71.375 71 2
71.500 67 10
71.625 66 9
71.875 64 7
72.125 64 7
73.250 61 4
73.375 62 5
73.500 61 4
73.750 59 2
73.875 57 0
74.125 61 4
75.250 61 4
75.375 62 5
75.500 61 4
75.750 59 2
75.875 57 0
76.000 57 0
77.125 57 0
77.250 57 0
77.375 61 4
77.625 62 5
77.875 57 0
78.125 57 0
78.250 57 0
78.375 62 5
78.625 61 4
78.875 59 2
79.125 59 2
79.250 57 0
79.375 61 4
79.500 57 0
79.750 57 0
81.125 57 0
81.250 57 0
81.375 61 4
81.625 62 5
81.875 57 0
82.125 57 0
82.250 57 0
82.375 62 5
82.625 61 4
82.875 59 2
83.125 59 2
83.250 57 0
83.375 61 4
83.500 57 0
83.750 57 0
87.250 61 4
87.375 62 5
87.500 61 4
87.750 59 2
87.875 57 0
88.125 57 0
91.250 61 4
91.375 62 5
91.500 61 4
91.750 59 2
91.875 57 0
92.125 57 0
95.250 61 4
95.375 62 5
95.500 61 4
95.750 59 2
95.875 57 0
96.125 57 0
99.250 61 4
99.375 62 5
99.500 61 4
99.750 59 2
99.875 57 0
100.125 57 0
103.250 61 4
103.375 62 5
103.500 61 4
103.750 59 2
103.875 57 0
104.125 57 0
107.250 61 4
107.375 62 5
107.500 61 4
107.750 59 2
107.875 57 0
108.125 57 0
111.250 61 4
111.375 62 5
111.500 61 4
111.750 59 2
111.875 57 0
112.125 57 0
115.250 61 4
115.375 62 5
115.500 64 7
115.875 62 5
116.000 61 4
116.125 57 0
119.250 61 4
119.375 62 5
119.500 61 4
119.750 59 2
119.875 57 0
