4.000 47 4
4.125 50 7
4.250 47 4
4.375 50 7
4.875 52 9
5.000 53 10
5.125 55 0
5.250 53 10
5.375 55 0
6.000 57 2
6.125 59 4
6.375 57 2
6.500 59 4
6.625 57 2
6.750 55 0
7.000 52 9
7.125 55 0
7.375 43 0
7.875 43 0
8.000 47 4
8.125 50 7
8.375 43 0
8.500 47 4
8.625 50 7
8.875 50 7
9.000 52 9
9.125 55 0
9.250 52 9
9.375 55 0
10.000 59 4
10.250 59 4
10.500 59 4
10.625 57 2
10.750 55 0
11.000 52 9
11.125 55 0
11.375 55 0
12.000 69 2
12.500 67 0
12.875 64 9
12.938 62 7
13.000 64 9
13.062 62 7
13.125 64 9
13.375 64 9
13.500 67 0
13.667 64 9
13.833 64 9
14.000 59 4
14.125 57 2
14.250 55 0
14.812 58 3
15.000 57 2
15.062 55 0
16.000 62 7
16.250 59 4
16.375 64 9
16.500 62 7
16.750 59 4
16.875 60 5
17.000 62 7
17.125 62 7
17.250 59 4
17.375 64 9
17.500 62 7
17.750 59 4
17.875 60 5
18.000 62 7
18.125 62 7
18.250 59 4
18.375 64 9
18.500 62 7
18.750 59 4
19.000 62 7
19.125 62 7
19.250 59 4
19.375 64 9
19.500 62 7
19.625 62 7
19.750 59 4
19.875 55 0
20.000 59 4
20.125 62 7
20.375 62 7
20.875 62 7
21.000 64 9
21.125 67 0
21.375 67 0
21.875 59 4
22.000 62 7
22.250 59 4
22.375 64 9
22.500 62 7
22.750 59 4
22.875 60 5
23.000 62 7
23.125 62 7
23.250 59 4
23.375 64 9
23.500 62 7
26.000 71 4
26.125 69 2
26.250 67 0
26.375 67 0
26.750 64 9
26.875 67 0
27.125 64 9
27.188 62 7
27.250 64 9
27.312 67 0
28.000 47 4
28.125 50 7
28.250 50 7
28.375 50 7
28.500 50 7
28.875 52 9
29.000 52 9
29.125 55 0
29.250 52 9
29.375 55 0
30.000 59 4
30.125 59 4
30.375 59 4
30.500 57 2
30.625 55 0
30.875 52 9
31.000 52 9
31.125 55 0
31.250 55 0
31.375 43 0
31.875 43 0
32.000 47 4
32.125 50 7
32.375 43 0
32.500 47 4
32.625 50 7
32.875 50 7
33.000 52 9
33.125 55 0
33.250 52 9
33.375 55 0
34.000 59 4
34.250 59 4
34.500 59 4
34.625 57 2
34.750 55 0
34.875 55 0
35.000 52 9
35.125 55 0
35.375 55 0
36.000 69 2
36.500 67 0
36.875 64 9
36.938 62 7
37.000 64 9
37.062 62 7
37.125 64 9
37.375 64 9
37.500 67 0
37.667 64 9
37.833 64 9
38.000 59 4
38.125 57 2
38.250 55 0
38.750 58 3
39.062 57 2
39.125 55 0
40.000 62 7
40.250 59 4
40.375 64 9
40.500 62 7
40.750 59 4
40.875 60 5
41.000 62 7
41.125 62 7
41.250 59 4
41.375 64 9
41.500 62 7
41.750 59 4
41.875 60 5
42.000 62 7
42.125 62 7
42.250 59 4
42.375 64 9
42.500 62 7
42.750 59 4
42.875 60 5
43.000 62 7
43.125 62 7
43.250 59 4
43.375 64 9
43.500 62 7
43.750 59 4
44.000 59 4
44.125 62 7
44.375 62 7
44.875 62 7
45.000 64 9
45.125 67 0
45.375 67 0
45.875 59 4
46.000 62 7
46.250 59 4
46.375 64 9
46.500 62 7
46.750 59 4
46.875 60 5
47.000 62 7
47.125 62 7
47.250 59 4
47.375 64 9
47.500 62 7
50.000 71 4
50.125 69 2
50.250 67 0
50.375 67 0
50.750 64 9
50.875 67 0
51.125 64 9
51.188 62 7
51.250 64 9
51.312 62 7
51.375 64 9
51.438 67 0
52.000 62 7
52.250 59 4
52.375 64 9
52.500 62 7
52.625 62 7
52.750 59 4
52.875 60 5
53.000 62 7
53.125 62 7
53.250 59 4
53.375 64 9
53.500 62 7
53.750 59 4
53.875 60 5
54.000 62 7
54.125 62 7
54.250 59 4
54.375 64 9
54.500 62 7
54.750 59 4
54.875 60 5
55.000 62 7
55.125 62 7
55.250 59 4
55.375 64 9
55.500 62 7
55.750 59 4
56.000 59 4
56.125 62 7
56.375 62 7
56.875 62 7
57.000 64 9
57.125 67 0
57.375 67 0
57.875 59 4
58.000 62 7
58.250 59 4
58.375 64 9
58.500 62 7
58.750 59 4
58.875 60 5
59.000 62 7
59.125 62 7
59.250 59 4
59.375 64 9
59.500 62 7
62.000 69 2
62.500 67 0
62.875 64 9
62.938 62 7
63.000 64 9
63.062 62 7
63.125 64 9
63.375 64 9
63.500 67 0
63.667 64 9
63.833 64 9
64.000 59 4
64.125 57 2
64.250 55 0
