2.250 60 10
2.375 62 0
2.500 65 3
2.625 62 0
2.750 65 3
2.875 67 5
3.375 65 3
4.250 69 7
4.375 67 5
4.500 65 3
4.625 62 0
4.750 65 3
4.875 62 0
5.375 60 10
6.250 60 10
6.375 62 0
6.500 65 3
6.625 62 0
6.750 65 3
6.875 67 5
7.375 65 3
8.250 69 7
8.375 67 5
8.500 65 3
8.625 62 0
8.750 65 3
8.875 62 0
9.375 60 10
10.625 57 4
10.875 53 0
11.375 50 9
11.625 50 9
11.750 48 7
11.812 50 9
12.625 50 9
12.750 50 9
12.812 50 9
12.875 50 9
12.938 50 9
13.125 50 9
13.312 45 4
13.375 48 7
13.688 50 9
13.812 53 0
14.000 55 2
14.562 53 0
14.625 57 4
14.812 60 7
15.000 55 2
15.062 56 3
15.125 55 2
15.188 53 0
15.375 55 2
15.625 50 9
15.812 50 9
15.938 48 7
16.000 50 9
16.625 50 9
16.750 50 9
16.812 50 9
16.875 50 9
16.938 50 9
17.000 50 9
17.188 45 4
17.250 48 7
18.625 56 3
18.875 55 2
19.250 53 0
19.688 50 9
19.750 53 0
19.938 50 9
20.000 55 2
20.688 50 9
20.750 50 9
20.812 50 9
20.875 50 9
20.938 48 7
21.000 50 9
22.500 57 4
22.750 55 2
22.938 53 0
23.438 48 7
23.500 50 9
23.688 45 4
23.750 48 7
24.000 48 7
24.500 50 9
24.750 50 9
24.812 48 7
24.875 50 9
24.938 48 7
25.000 50 9
25.375 50 9
25.438 48 7
25.500 50 9
25.625 53 0
25.750 53 0
25.875 43 2
26.250 62 9
26.375 62 9
26.500 65 0
26.625 62 9
26.750 65 0
26.875 69 4
27.375 67 2
28.250 69 4
28.375 67 2
28.500 65 0
28.625 62 9
28.750 65 0
28.875 69 4
29.188 67 5
29.312 65 3
29.375 62 0
40.438 56 3
40.500 55 2
40.625 55 2
40.688 55 2
40.812 57 4
40.938 53 0
41.000 55 2
41.125 53 0
41.562 50 9
41.688 53 0
41.812 53 0
41.875 55 2
42.625 43 2
42.688 46 5
42.750 46 5
42.812 51 10
43.000 50 9
43.062 48 7
43.125 50 9
43.250 50 9
43.312 48 7
43.375 50 9
43.625 45 4
43.750 43 2
43.875 41 0
44.000 38 9
44.625 56 3
44.750 55 2
44.875 53 0
45.125 55 2
45.375 50 9
45.812 45 4
45.875 48 7
46.625 50 9
46.750 50 9
46.812 48 7
46.875 50 9
46.938 48 7
47.000 50 9
47.125 50 9
47.250 50 9
47.938 50 9
48.000 55 2
48.062 56 3
48.250 55 2
48.312 53 0
48.375 50 9
48.688 50 9
48.750 56 3
48.938 55 2
49.000 56 3
49.062 53 0
49.250 50 9
49.312 48 7
49.375 50 9
49.500 45 4
49.625 48 7
50.188 50 9
50.312 55 2
50.500 53 0
50.750 50 9
50.812 57 4
51.000 55 2
51.188 53 0
51.375 50 9
51.438 48 7
51.500 50 9
51.688 45 4
51.875 48 7
52.000 50 9
52.438 50 9
52.500 56 3
52.750 55 2
53.000 56 3
53.062 55 2
53.125 53 0
53.438 50 9
53.500 48 7
53.562 50 9
53.812 45 4
54.000 48 7
54.125 50 9
54.188 50 9
54.250 53 0
54.438 53 0
54.500 53 0
54.562 55 2
54.875 50 9
54.938 48 7
55.000 50 9
55.188 45 4
55.375 48 7
55.562 50 9
55.625 50 9
55.688 53 0
55.875 53 0
55.938 53 0
56.000 43 2
56.250 62 9
56.375 62 9
56.500 65 0
56.625 62 9
56.750 65 0
56.875 69 4
57.375 67 2
58.250 69 4
58.375 67 2
58.500 65 0
58.625 62 9
58.750 65 0
58.875 62 9
59.375 60 7
60.250 62 9
60.375 62 9
60.500 65 0
60.625 62 9
60.750 65 0
60.875 69 4
61.375 67 2
62.250 69 4
62.375 67 2
62.500 65 0
62.625 62 9
62.750 65 0
62.875 69 4
63.188 67 5
63.312 65 3
63.375 62 0
67.250 60 10
67.375 62 0
67.500 65 3
67.625 62 0
67.750 65 3
67.875 67 5
68.375 65 3
69.250 69 7
69.375 67 5
69.500 65 3
69.625 62 0
69.750 65 3
69.875 62 0
70.375 60 10
71.250 60 10
71.375 62 0
71.500 65 3
71.625 62 0
71.750 65 3
71.875 67 5
72.375 65 3
73.250 69 7
73.375 67 5
73.500 65 3
73.625 62 0
73.750 65 3
73.875 62 0
74.375 60 10
79.250 62 9
79.375 62 9
79.500 65 0
79.625 62 9
79.750 65 0
79.875 69 4
80.375 67 2
