8.000 54 9
8.125 54 9
8.188 54 9
8.250 54 9
8.375 52 7
8.500 52 7
9.000 57 0
9.125 59 2
9.188 59 2
9.250 59 2
9.312 59 2
9.438 57 0
9.500 56 11
9.562 56 11
9.625 57 0
10.000 54 9
10.062 54 9
10.125 54 9
10.250 54 9
10.312 52 7
10.375 52 7
11.000 57 0
11.062 59 2
11.188 59 2
11.250 59 2
11.312 59 2
11.375 59 2
11.438 61 4
11.500 56 11
11.625 57 0
11.750 57 0
11.875 59 2
12.000 61 4
12.062 61 4
12.125 62 5
12.250 61 4
12.375 59 2
12.438 57 0
13.000 57 0
13.062 57 0
13.125 59 2
13.250 59 2
13.312 59 2
13.375 57 0
13.500 56 11
13.562 56 11
13.625 57 0
13.750 57 0
14.000 61 4
14.062 61 4
14.125 64 7
14.250 61 4
14.375 59 2
14.500 57 0
15.000 61 4
15.125 64 7
15.250 64 7
15.312 61 4
15.375 61 4
15.500 64 7
15.562 61 4
15.625 59 2
15.750 57 0
20.000 54 9
20.125 54 9
20.188 54 9
20.250 54 9
20.375 52 7
20.500 52 7
21.000 57 0
21.125 59 2
21.188 59 2
21.250 59 2
21.438 57 0
21.500 56 11
21.562 56 11
21.625 57 0
21.688 57 0
21.750 57 0
21.812 57 0
21.875 57 0
22.000 54 9
22.062 54 9
22.125 57 0
22.188 57 0
22.250 54 9
22.375 54 9
22.500 52 7
22.625 52 7
23.000 57 0
23.062 59 2
23.125 59 2
23.188 59 2
23.375 59 2
23.438 57 0
23.500 56 11
23.562 56 11
23.625 57 0
23.688 57 0
23.750 57 0
23.812 57 0
24.000 61 4
24.125 61 4
24.188 61 4
24.250 59 2
24.375 57 0
24.500 57 0
24.875 52 7
25.000 57 0
25.125 59 2
25.188 59 2
25.312 59 2
25.375 59 2
25.438 57 0
25.500 56 11
25.625 57 0
25.688 57 0
25.750 57 0
25.812 57 0
26.000 61 4
26.125 61 4
26.188 61 4
26.250 59 2
26.375 59 2
26.500 59 2
26.625 57 0
26.750 57 0
27.000 61 4
27.125 61 4
27.188 64 7
27.250 61 4
27.375 61 4
27.438 61 4
27.500 64 7
27.562 61 4
27.625 61 4
27.750 61 4
27.812 59 2
27.875 57 0
31.875 52 7
32.000 54 9
32.062 54 9
32.188 54 9
32.375 54 9
32.438 54 9
32.500 54 9
32.625 52 7
32.938 52 7
33.000 57 0
33.125 59 2
33.188 59 2
33.250 59 2
33.312 59 2
33.375 59 2
33.438 57 0
33.500 56 11
33.562 57 0
33.688 57 0
33.812 54 9
33.875 57 0
34.000 54 9
34.062 54 9
34.125 54 9
34.188 54 9
34.250 57 0
34.438 54 9
34.500 54 9
34.625 52 7
34.938 52 7
35.000 57 0
35.062 59 2
35.125 59 2
35.250 59 2
35.312 61 4
35.438 57 0
35.500 56 11
35.625 57 0
35.750 57 0
35.938 57 0
36.000 61 4
36.062 61 4
36.125 61 4
36.188 61 4
36.250 59 2
36.375 57 0
36.500 59 2
36.625 57 0
37.000 57 0
37.062 59 2
37.125 59 2
37.188 59 2
37.250 59 2
37.375 59 2
37.500 56 11
37.562 57 0
37.688 57 0
37.812 54 9
37.875 57 0
38.000 61 4
38.062 61 4
38.125 61 4
38.188 64 7
38.312 64 7
38.375 61 4
38.500 59 2
38.625 57 0
38.688 57 0
39.000 57 0
39.125 59 2
39.250 59 2
39.375 61 4
39.500 56 11
39.562 57 0
39.750 57 0
44.000 54 9
44.125 54 9
44.188 54 9
44.250 54 9
44.375 52 7
44.500 52 7
44.875 52 7
44.938 52 7
45.000 57 0
45.125 59 2
45.188 59 2
45.312 59 2
45.375 59 2
45.438 57 0
45.500 56 11
45.625 57 0
45.688 57 0
45.812 59 2
46.000 54 9
46.125 54 9
46.188 54 9
46.250 57 0
46.312 54 9
46.375 54 9
46.438 52 7
46.500 54 9
46.562 52 7
47.000 57 0
47.125 59 2
47.188 59 2
47.312 59 2
47.375 59 2
47.438 61 4
47.500 56 11
47.625 57 0
47.750 57 0
51.375 61 4
51.438 61 4
51.500 62 5
51.625 61 4
51.688 59 2
51.750 59 2
51.812 57 0
52.000 57 0
52.125 59 2
52.375 57 0
52.438 57 0
52.500 56 11
52.562 57 0
52.688 57 0
53.000 56 11
53.125 57 0
53.188 57 0
53.312 57 0
53.375 57 0
53.438 56 11
53.562 56 11
53.688 57 0
53.750 57 0
54.125 56 11
54.188 57 0
54.250 57 0
54.375 57 0
54.500 56 11
54.625 57 0
54.688 57 0
54.812 57 0
54.875 52 7
54.938 52 7
55.000 56 11
55.125 57 0
55.250 57 0
55.375 56 11
55.500 56 11
55.625 57 0
55.750 57 0
55.812 57 0
55.875 57 0
56.000 64 7
56.250 66 9
56.375 61 4
56.438 59 2
56.500 57 0
56.875 57 0
56.938 59 2
57.000 61 4
57.125 62 5
57.250 61 4
57.375 59 2
57.562 57 0
57.625 61 4
57.750 59 2
58.000 64 7
58.250 66 9
58.375 61 4
58.438 59 2
58.500 57 0
58.875 57 0
58.938 59 2
59.000 61 4
59.125 62 5
59.188 59 2
59.438 57 0
59.500 59 2
59.625 57 0
59.688 57 0
60.000 59 2
60.125 57 0
60.188 57 0
60.500 59 2
60.625 57 0
60.688 57 0
65.000 54 9
65.125 54 9
65.188 54 9
65.250 54 9
65.375 52 7
65.500 52 7
66.000 57 0
66.062 59 2
66.188 59 2
66.312 59 2
66.375 59 2
66.438 57 0
66.500 56 11
66.562 57 0
66.688 57 0
66.750 54 9
67.000 54 9
67.125 54 9
67.250 54 9
67.312 52 7
67.375 52 7
67.875 52 7
67.938 52 7
68.000 57 0
68.125 59 2
68.188 59 2
68.250 59 2
68.312 59 2
68.375 59 2
68.438 61 4
68.500 56 11
68.562 57 0
68.688 57 0
68.812 59 2
69.000 61 4
69.062 61 4
69.188 64 7
69.250 61 4
69.312 61 4
69.375 61 4
69.500 59 2
69.562 57 0
70.000 57 0
70.125 59 2
70.250 59 2
70.375 61 4
70.438 56 11
70.625 57 0
70.688 57 0
70.750 57 0
70.812 59 2
70.875 57 0
71.000 61 4
71.125 61 4
71.188 61 4
71.250 59 2
71.375 59 2
71.438 59 2
71.500 59 2
71.625 57 0
72.000 57 0
72.062 57 0
72.125 59 2
72.188 59 2
72.250 59 2
72.375 61 4
72.500 56 11
72.625 57 0
72.688 57 0
72.750 57 0
72.812 59 2
72.875 57 0
76.375 61 4
76.438 61 4
76.500 62 5
76.625 61 4
76.688 59 2
76.750 59 2
76.812 57 0
77.000 57 0
77.125 59 2
77.375 57 0
77.438 57 0
77.500 56 11
77.562 57 0
77.688 57 0
78.000 56 11
78.125 57 0
78.188 57 0
78.312 57 0
78.375 57 0
78.438 56 11
78.562 56 11
78.688 57 0
78.750 57 0
79.125 56 11
79.188 57 0
79.250 57 0
79.375 57 0
79.500 56 11
79.625 57 0
79.688 57 0
79.812 57 0
79.875 52 7
79.938 52 7
80.000 56 11
80.125 57 0
80.250 57 0
80.375 56 11
80.500 56 11
80.625 57 0
80.750 57 0
80.812 57 0
80.875 57 0
81.000 64 7
81.250 66 9
81.375 61 4
81.438 59 2
81.500 57 0
81.875 57 0
81.938 59 2
82.000 61 4
82.125 62 5
82.250 61 4
82.375 59 2
82.562 57 0
82.625 61 4
82.750 59 2
83.000 64 7
83.250 66 9
83.375 61 4
83.438 59 2
83.500 57 0
83.875 57 0
83.938 59 2
84.000 61 4
84.125 62 5
84.188 59 2
84.438 57 0
84.500 59 2
84.625 57 0
84.688 57 0
85.000 59 2
85.125 57 0
85.188 57 0
85.500 59 2
85.625 57 0
85.688 57 0
90.000 54 9
90.125 54 9
90.188 54 9
90.250 54 9
90.375 52 7
90.500 52 7
91.000 57 0
91.062 59 2
91.125 59 2
91.188 59 2
91.312 59 2
91.375 57 0
91.500 56 11
91.562 57 0
91.688 57 0
91.938 52 7
92.000 54 9
92.062 54 9
92.250 57 0
92.312 54 9
92.438 52 7
92.500 54 9
92.562 52 7
92.688 52 7
92.750 54 9
92.875 52 7
93.000 57 0
93.125 59 2
93.250 59 2
93.312 59 2
93.375 61 4
93.500 56 11
93.562 56 11
93.625 57 0
93.750 57 0
94.000 61 4
94.062 61 4
94.125 61 4
94.188 64 7
94.375 59 2
94.500 59 2
94.562 57 0
94.875 52 7
95.000 57 0
95.125 59 2
95.188 59 2
95.250 59 2
95.312 61 4
95.500 56 11
95.562 56 11
95.625 57 0
95.750 57 0
95.875 59 2
95.938 57 0
96.000 61 4
96.062 61 4
96.188 61 4
96.312 57 0
96.375 59 2
96.500 59 2
96.562 57 0
96.625 57 0
96.750 57 0
97.000 57 0
97.062 57 0
97.125 59 2
97.250 59 2
97.375 61 4
97.500 56 11
97.562 57 0
97.750 57 0
97.875 59 2
97.938 57 0
101.375 61 4
101.438 61 4
101.500 62 5
101.625 61 4
101.688 59 2
101.750 59 2
101.812 57 0
102.000 57 0
102.125 59 2
102.375 57 0
102.438 57 0
102.500 56 11
102.562 57 0
102.688 57 0
103.000 56 11
103.125 57 0
103.188 57 0
103.312 57 0
103.375 57 0
103.438 56 11
103.562 56 11
103.688 57 0
103.750 57 0
104.125 56 11
104.188 57 0
104.250 57 0
104.375 57 0
104.500 56 11
104.625 57 0
104.688 57 0
104.812 57 0
104.875 52 7
104.938 52 7
105.000 56 11
105.125 57 0
105.250 57 0
105.375 56 11
105.500 56 11
105.625 57 0
105.750 57 0
105.812 57 0
105.875 57 0
106.000 64 7
106.250 66 9
106.375 61 4
106.438 59 2
106.500 57 0
106.875 57 0
106.938 59 2
107.000 61 4
107.125 62 5
107.250 61 4
107.375 59 2
107.562 57 0
107.625 61 4
107.750 59 2
108.000 64 7
108.250 66 9
108.375 61 4
108.438 59 2
108.500 57 0
108.875 57 0
108.938 59 2
109.000 61 4
109.125 62 5
109.188 59 2
109.438 57 0
109.500 59 2
109.625 57 0
109.688 57 0
110.000 59 2
110.125 57 0
110.188 57 0
110.500 59 2
110.625 57 0
110.688 57 0
115.000 54 9
115.125 54 9
115.188 54 9
115.250 54 9
115.375 52 7
115.500 52 7
115.875 52 7
115.938 52 7
116.000 57 0
116.125 59 2
116.188 59 2
116.312 59 2
116.375 59 2
116.438 57 0
116.500 56 11
116.625 57 0
116.688 57 0
116.812 59 2
117.000 54 9
117.125 54 9
117.188 54 9
117.250 57 0
117.312 54 9
117.375 54 9
117.438 52 7
117.500 54 9
117.562 52 7
118.000 57 0
118.125 59 2
118.188 59 2
118.312 59 2
118.375 59 2
118.438 61 4
118.500 56 11
118.625 57 0
118.750 57 0
