8.500 62 10
8.667 61 9
8.833 62 10
9.000 61 9
9.167 59 7
9.417 54 2
9.667 59 7
10.417 57 5
10.500 57 5
10.667 56 4
10.750 57 5
10.917 61 9
11.167 66 2
11.417 57 5
11.500 59 7
11.667 61 9
12.500 64 0
12.667 63 11
12.833 64 0
13.000 66 2
13.250 57 5
13.417 59 7
13.667 60 8
14.333 64 0
14.500 64 0
14.667 63 11
14.917 64 0
15.167 68 4
15.417 61 9
15.500 63 11
15.667 64 0
16.500 61 9
16.667 59 7
16.750 61 9
16.917 59 7
17.167 64 0
17.333 59 7
17.500 57 5
17.750 56 4
17.917 52 0
18.167 54 2
20.500 62 10
20.667 61 9
20.833 62 10
21.000 61 9
21.167 59 7
21.417 54 2
21.667 59 7
22.417 57 5
22.500 57 5
22.667 56 4
22.750 57 5
22.917 61 9
23.167 66 2
23.417 57 5
23.500 59 7
23.667 61 9
24.417 64 0
24.500 64 0
24.667 63 11
24.833 64 0
25.167 66 2
25.417 57 5
25.500 59 7
25.667 60 8
26.417 64 0
26.500 64 0
26.667 63 11
26.917 64 0
27.167 68 4
27.417 61 9
27.500 63 11
27.667 64 0
28.500 61 9
28.667 59 7
28.750 61 9
28.917 59 7
29.167 64 0
29.333 59 7
29.500 57 5
29.750 56 4
29.917 52 0
30.167 54 2
43.500 66 9
43.667 64 7
43.750 66 9
43.917 64 7
44.167 69 0
44.333 64 7
44.500 62 5
44.750 61 4
44.917 57 0
45.167 59 2
46.500 62 10
46.667 61 9
46.833 62 10
47.000 61 9
47.167 59 7
47.417 54 2
47.667 59 7
48.417 57 5
48.500 57 5
48.667 56 4
48.750 57 5
48.917 61 9
49.167 66 2
49.417 57 5
49.500 59 7
49.667 61 9
50.417 64 0
50.500 64 0
50.667 63 11
50.833 64 0
51.167 66 2
51.417 57 5
51.500 59 7
51.667 60 8
52.417 64 0
52.500 64 0
52.667 63 11
52.917 64 0
53.167 68 4
53.417 61 9
53.500 63 11
53.667 64 0
54.500 61 9
54.667 59 7
54.750 61 9
54.917 59 7
55.167 64 0
55.333 59 7
55.500 57 5
55.750 56 4
55.917 52 0
56.500 54 2
58.500 61 9
58.667 59 7
58.750 61 9
58.917 59 7
59.167 64 0
59.333 59 7
59.500 57 5
59.750 56 4
59.917 52 0
60.500 54 2
62.500 61 9
62.667 59 7
62.750 61 9
62.917 59 7
63.167 64 0
63.333 59 7
63.500 57 5
63.750 56 4
63.917 52 0
64.500 54 2
66.500 61 9
66.667 59 7
66.750 61 9
66.917 59 7
67.167 64 0
67.333 59 7
67.500 57 5
67.750 56 4
67.917 52 0
68.500 54 2
70.500 61 9
70.667 59 7
70.750 61 9
70.917 59 7
71.167 64 0
71.333 59 7
71.500 57 5
71.750 56 4
71.917 52 0
72.500 54 2
74.500 61 9
74.667 59 7
74.750 61 9
74.917 59 7
75.167 64 0
75.333 59 7
75.500 57 5
75.750 56 4
75.917 52 0
76.500 54 2
78.500 61 9
78.667 59 7
78.750 61 9
78.917 59 7
79.167 64 0
79.333 59 7
79.500 57 5
79.750 56 4
79.917 52 0
80.500 54 2
