0.000 63 0
1.167 58 7
1.250 58 7
1.417 58 7
1.500 63 0
1.667 63 0
1.750 66 3
2.000 68 5
2.250 61 10
2.417 61 10
2.667 59 8
2.750 58 7
3.667 56 5
3.917 58 7
4.000 59 8
4.250 61 10
4.500 56 5
4.750 58 7
5.000 59 8
5.250 58 7
5.417 56 5
5.667 54 3
5.917 56 5
6.167 54 3
6.250 53 2
8.000 70 7
9.250 70 7
9.417 70 7
9.500 70 7
9.667 68 5
9.750 66 3
10.000 61 10
10.250 63 0
10.500 58 7
10.917 56 5
11.000 53 2
11.667 56 5
11.917 58 7
12.000 59 8
12.250 61 10
12.500 56 5
12.750 58 7
13.000 59 8
13.250 58 7
13.500 56 5
13.667 54 3
13.917 56 5
14.167 54 3
14.250 53 2
16.250 54 0
16.500 52 10
16.667 52 10
16.750 51 9
17.000 42 0
17.250 44 2
17.500 47 5
17.750 49 7
18.250 54 0
18.500 52 10
18.667 52 10
18.750 51 9
19.000 42 0
19.250 44 2
19.500 47 5
19.750 49 7
20.250 54 0
20.500 52 10
20.667 52 10
20.750 51 9
21.000 42 0
21.250 44 2
21.500 47 5
21.750 49 7
22.250 54 0
22.500 52 10
22.667 52 10
22.750 51 9
23.000 42 0
23.250 44 2
23.500 47 5
23.750 49 7
24.000 72 4
24.500 73 5
25.000 75 7
25.417 68 0
25.667 68 0
25.917 70 2
26.167 72 4
28.000 74 4
28.500 75 5
29.000 77 7
29.417 70 0
29.667 70 0
29.917 72 2
30.167 74 4
32.000 63 0
32.250 63 0
32.417 63 0
32.667 61 10
32.750 58 7
33.250 58 7
33.500 63 0
33.750 66 3
34.000 68 5
34.250 61 10
34.417 61 10
34.667 59 8
34.750 58 7
36.000 59 8
36.250 61 10
36.500 56 5
36.917 58 7
37.167 59 8
37.417 58 7
37.500 56 5
37.667 54 3
37.917 56 5
38.167 54 3
38.250 53 2
40.000 70 7
41.667 68 5
41.750 66 3
42.000 61 10
42.250 63 0
42.500 58 7
42.917 56 5
43.000 54 3
43.500 56 5
43.667 58 7
44.000 59 8
44.250 61 10
44.500 56 5
44.750 58 7
45.000 59 8
45.167 58 7
45.417 56 5
48.250 54 0
48.500 52 10
48.667 52 10
48.750 51 9
49.000 42 0
49.250 44 2
49.500 47 5
49.750 49 7
50.250 54 0
50.500 52 10
50.667 52 10
50.750 51 9
51.000 42 0
51.250 44 2
51.500 47 5
51.750 49 7
52.250 54 0
52.500 52 10
52.667 52 10
52.750 51 9
53.000 42 0
53.250 44 2
53.500 47 5
53.750 49 7
54.250 54 0
54.500 52 10
54.667 52 10
54.750 51 9
55.000 42 0
55.250 44 2
55.500 47 5
55.750 49 7
56.000 72 4
56.500 73 5
57.000 75 7
57.417 68 0
57.667 68 0
57.917 70 2
58.167 72 4
60.000 74 4
60.500 75 5
61.000 77 7
61.417 70 0
61.667 70 0
61.917 72 2
62.167 74 4
64.500 60 2
64.750 62 4
68.250 58 0
68.500 63 5
68.750 62 4
69.000 58 0
69.250 63 5
69.500 62 4
70.250 58 0
70.500 63 5
70.750 62 4
71.000 58 0
71.250 63 5
71.500 62 4
72.250 58 0
72.500 63 5
72.750 62 4
73.000 58 0
73.250 63 5
73.500 62 4
74.250 58 0
74.500 63 5
74.750 62 4
75.000 58 0
75.250 63 5
75.500 62 4
75.917 56 10
76.000 58 0
76.167 58 0
76.417 58 0
76.667 56 10
76.750 55 9
76.917 56 10
77.167 58 0
77.417 58 0
77.667 56 10
77.750 55 9
78.500 60 2
79.000 58 0
79.417 56 10
79.750 55 9
79.917 53 7
80.167 46 0
80.500 68 10
80.667 67 9
81.000 65 7
81.417 63 5
81.750 61 3
81.917 63 5
82.167 58 0
88.250 57 4
88.750 56 3
88.917 57 4
89.167 48 7
89.500 50 9
89.667 50 9
89.750 53 0
90.250 55 2
90.417 55 2
90.667 55 2
90.917 55 2
91.000 57 4
91.250 55 2
91.500 53 0
91.667 50 9
92.250 69 4
92.750 68 3
92.917 69 4
93.167 60 7
93.500 62 9
93.667 62 9
93.750 65 0
94.250 67 2
94.417 67 2
94.667 67 2
94.917 67 2
95.000 69 4
95.250 67 2
95.500 65 0
95.667 62 9
96.250 69 4
96.750 68 3
96.917 69 4
97.167 60 7
97.500 62 9
97.667 62 9
97.750 65 0
98.250 67 2
98.417 67 2
98.667 67 2
98.917 67 2
99.000 69 4
106.000 75 5
108.000 74 4
108.500 75 5
109.000 77 7
109.417 70 0
109.667 70 0
109.917 72 2
110.167 74 4
112.000 72 4
112.500 73 5
113.000 75 7
113.417 68 0
113.667 68 0
113.917 70 2
114.167 72 4
118.000 66 0
118.167 68 2
118.250 70 4
118.417 71 5
118.500 73 7
119.000 75 9
119.167 73 7
119.250 70 4
120.000 68 0
120.167 70 2
120.250 72 4
120.417 73 5
120.500 75 7
121.000 77 9
121.167 75 7
121.250 72 4
122.000 70 0
122.167 72 2
122.250 74 4
122.417 75 5
122.500 77 7
123.000 79 9
123.167 77 7
123.250 74 4
124.000 68 0
124.167 70 2
124.250 72 4
124.417 73 5
124.500 75 7
125.000 77 9
125.167 75 7
125.250 72 4
