11.250 70 3
11.375 70 3
11.625 70 3
11.750 69 2
12.000 67 0
12.250 64 9
13.375 70 3
13.625 69 2
13.875 67 0
14.000 67 0
14.875 79 0
15.250 69 2
15.375 70 3
15.562 70 3
15.688 70 3
15.875 69 2
16.000 67 0
16.125 67 0
17.375 70 3
17.625 69 2
17.875 64 9
18.000 67 0
18.250 64 9
19.250 69 2
19.375 70 3
19.500 69 2
19.625 70 3
19.750 69 2
19.875 67 0
20.000 69 2
20.250 69 2
20.375 67 0
21.125 65 10
21.375 67 0
21.500 70 3
21.625 69 2
21.875 67 0
22.000 67 0
22.062 64 9
22.125 62 7
23.750 69 2
23.875 67 0
24.000 70 3
24.125 70 3
24.250 67 0
24.375 64 9
24.500 67 0
24.625 67 0
24.750 64 9
24.875 62 7
25.000 67 0
25.125 67 0
25.250 67 0
25.375 65 10
25.500 70 3
25.750 69 2
25.875 70 3
26.000 69 2
26.125 70 3
26.250 70 3
26.375 70 3
26.500 69 2
26.625 70 3
26.750 70 3
26.875 70 3
27.000 70 3
27.125 70 3
27.250 70 3
27.375 70 3
27.750 70 3
27.875 70 3
28.250 70 3
28.500 70 3
29.000 67 0
29.250 79 0
30.375 70 3
30.625 69 2
30.875 67 0
31.000 67 0
31.250 64 9
32.250 69 2
32.375 69 2
32.500 69 2
32.625 67 0
32.750 69 2
32.875 67 0
33.000 69 2
33.250 76 9
34.125 64 9
34.375 67 0
34.500 69 2
34.625 69 2
34.875 67 0
35.000 67 0
35.062 64 9
35.125 62 7
37.000 71 4
37.125 71 4
37.250 69 2
37.375 67 0
37.500 67 0
37.625 67 0
37.750 67 0
37.875 64 9
38.000 67 0
38.125 64 9
38.250 67 0
38.375 67 0
38.500 69 2
38.750 70 3
38.875 70 3
39.000 70 3
39.250 70 3
39.375 70 3
39.500 70 3
39.625 70 3
39.750 70 3
39.875 70 3
40.000 70 3
40.125 70 3
40.250 70 3
40.375 70 3
40.500 70 3
40.750 70 3
40.875 70 3
41.250 70 3
41.500 70 3
42.000 67 0
42.250 79 0
43.375 69 2
43.625 70 3
43.875 67 0
44.000 67 0
44.250 64 9
45.250 69 2
45.375 67 0
45.500 69 2
45.625 67 0
45.750 69 2
45.875 67 0
46.000 69 2
46.250 78 11
47.125 67 0
47.375 69 2
47.438 70 3
47.625 69 2
47.750 67 0
47.938 67 0
48.000 64 9
48.062 62 7
61.250 70 3
61.375 70 3
61.625 70 3
61.750 70 3
62.000 67 0
62.250 64 9
63.375 70 3
63.625 69 2
63.875 64 9
64.000 67 0
64.250 64 9
64.875 79 0
65.250 70 3
65.375 72 5
65.500 73 6
65.625 74 7
65.875 69 2
66.000 67 0
66.125 67 0
67.375 70 3
67.625 71 4
67.875 64 9
68.000 67 0
68.250 64 9
69.250 70 3
69.375 71 4
69.500 70 3
69.625 70 3
69.750 70 3
69.875 71 4
70.000 69 2
70.250 78 11
71.125 67 0
71.375 69 2
71.438 70 3
71.625 69 2
71.750 67 0
71.875 67 0
72.062 64 9
72.125 62 7
74.000 70 3
74.250 67 0
74.375 64 9
74.500 67 0
74.625 67 0
74.750 67 0
74.875 64 9
75.000 67 0
75.125 67 0
75.250 67 0
75.375 65 10
75.500 70 3
75.750 69 2
75.875 69 2
76.000 71 4
76.250 71 4
76.500 70 3
76.625 70 3
76.750 70 3
76.875 71 4
77.000 70 3
77.125 70 3
77.250 70 3
77.375 70 3
77.500 70 3
77.750 70 3
77.875 70 3
78.250 70 3
78.500 69 2
79.000 67 0
79.250 79 0
80.375 70 3
80.625 69 2
80.875 67 0
81.000 67 0
81.250 64 9
82.250 69 2
82.375 70 3
82.500 69 2
82.625 69 2
82.750 69 2
82.875 67 0
83.000 69 2
83.250 78 11
84.125 69 2
84.375 70 3
84.500 70 3
84.625 69 2
84.750 67 0
84.875 67 0
