0.917 64 0
1.000 64 0
1.167 64 0
1.333 64 0
1.417 59 7
1.500 62 10
1.667 64 0
1.833 59 7
1.917 59 7
2.000 64 0
2.083 64 0
2.167 64 0
2.250 64 0
2.417 59 7
2.500 62 10
2.833 59 7
2.917 59 7
3.000 64 0
3.083 64 0
3.167 66 2
3.250 67 3
3.333 64 0
3.417 66 2
3.500 64 0
3.667 62 10
3.750 59 7
3.917 61 9
4.167 62 10
4.250 59 7
4.417 57 5
4.500 55 3
4.667 52 0
4.750 52 0
4.917 52 0
5.167 52 0
5.250 52 0
5.333 52 0
5.417 52 0
5.500 56 4
5.667 52 0
5.750 49 9
5.917 49 9
6.167 52 0
6.250 52 0
6.333 52 0
6.417 52 0
6.500 56 4
6.667 52 0
7.167 54 2
7.250 54 2
7.333 54 2
7.417 54 2
7.500 56 4
7.667 47 7
7.833 49 9
7.917 52 0
8.000 52 0
8.667 64 0
9.000 64 0
9.083 64 0
9.167 64 0
9.417 59 7
9.500 62 10
9.667 64 0
9.833 59 7
9.917 59 7
10.000 64 0
10.083 64 0
10.167 64 0
10.417 59 7
10.500 62 10
10.917 59 7
11.000 64 0
11.167 66 2
11.250 67 3
11.333 64 0
11.417 66 2
11.500 64 0
11.583 62 10
11.667 59 7
11.917 61 9
12.000 62 10
12.167 59 7
12.250 52 0
12.333 52 0
12.417 55 3
12.500 56 4
12.583 52 0
12.750 52 0
12.917 52 0
13.167 52 0
13.250 52 0
13.333 52 0
13.417 52 0
13.500 55 3
13.583 52 0
13.667 52 0
13.750 52 0
13.917 52 0
14.167 52 0
14.250 52 0
14.333 52 0
14.417 52 0
14.500 55 3
14.667 52 0
15.167 54 2
15.250 54 2
15.417 54 2
15.500 56 4
15.667 47 7
15.833 49 9
15.917 52 0
16.000 52 0
16.667 64 0
16.917 64 0
17.000 64 0
17.083 64 0
17.167 64 0
17.417 59 7
17.500 62 10
17.583 59 7
17.667 62 10
17.917 59 7
18.000 64 0
18.167 64 0
18.333 64 0
18.417 59 7
18.500 62 10
18.833 59 7
18.917 59 7
19.000 64 0
19.167 66 2
19.250 67 3
19.333 64 0
19.417 66 2
19.500 64 0
19.667 62 10
19.750 59 7
19.833 59 7
19.917 59 7
20.000 59 7
20.083 52 0
20.167 52 0
20.250 52 0
20.333 52 0
20.417 52 0
20.500 52 0
20.667 52 0
20.750 52 0
20.833 52 0
20.917 52 0
21.167 52 0
21.250 52 0
21.333 52 0
21.417 52 0
21.500 55 3
21.667 52 0
21.750 52 0
21.917 52 0
22.167 52 0
22.250 52 0
22.417 52 0
22.500 55 3
22.667 52 0
23.167 54 2
23.250 54 2
23.417 54 2
23.500 56 4
23.667 47 7
23.833 49 9
23.917 52 0
24.000 52 0
24.667 64 0
24.917 61 9
25.000 64 0
25.167 64 0
25.333 64 0
25.417 59 7
25.500 62 10
25.667 64 0
25.833 59 7
25.917 59 7
26.000 64 0
26.083 64 0
26.167 64 0
26.417 59 7
26.500 62 10
26.833 59 7
26.917 59 7
27.000 64 0
27.167 66 2
27.250 67 3
27.333 64 0
27.417 66 2
27.500 64 0
27.667 62 10
27.750 59 7
27.917 61 9
28.167 62 10
28.250 59 7
28.417 57 5
28.500 55 3
28.667 52 0
28.750 52 0
28.833 52 0
28.917 52 0
29.000 52 0
29.083 52 0
29.167 52 0
29.250 52 0
29.333 52 0
29.417 52 0
29.500 55 3
29.667 52 0
29.750 52 0
29.917 49 9
30.167 52 0
30.250 52 0
30.333 52 0
30.417 52 0
30.500 55 3
30.667 52 0
31.167 54 2
31.250 54 2
31.417 54 2
31.500 56 4
31.667 47 7
31.833 49 9
31.917 52 0
32.000 52 0
40.667 64 0
40.917 61 9
41.000 64 0
41.083 64 0
41.167 64 0
41.417 59 7
41.500 62 10
41.667 64 0
41.833 59 7
41.917 59 7
42.000 64 0
42.083 64 0
42.167 64 0
42.417 59 7
42.500 62 10
42.917 59 7
43.000 64 0
43.167 66 2
43.250 67 3
43.333 64 0
43.417 66 2
43.500 64 0
43.583 62 10
43.667 59 7
43.917 61 9
44.000 62 10
44.167 59 7
44.333 52 0
44.417 55 3
44.750 52 0
44.833 52 0
44.917 52 0
45.167 52 0
45.333 52 0
45.417 52 0
45.500 55 3
45.667 52 0
45.750 52 0
45.833 52 0
45.917 52 0
46.167 52 0
46.250 52 0
46.417 52 0
46.500 55 3
46.667 52 0
47.167 54 2
47.250 54 2
47.417 54 2
47.500 56 4
47.667 47 7
47.833 49 9
47.917 52 0
48.000 52 0
48.083 54 2
48.167 52 0
