16.000 67 0
16.125 65 10
16.250 67 0
16.375 65 10
16.500 67 0
16.625 67 0
16.750 65 10
16.875 69 2
17.125 62 7
17.375 65 10
17.625 67 0
18.000 65 10
18.125 62 7
18.250 65 10
18.375 62 7
18.500 70 3
18.625 69 2
18.750 67 0
18.875 67 0
20.000 67 0
20.125 65 10
20.250 67 0
20.375 65 10
20.500 67 0
20.750 65 10
20.875 69 2
21.125 62 7
21.375 65 10
21.625 67 0
22.000 65 10
22.125 62 7
22.250 65 10
22.375 62 7
22.500 65 10
22.625 62 7
22.750 70 3
22.875 67 0
23.500 67 0
23.625 67 0
23.750 70 3
23.875 67 0
24.000 72 5
24.250 72 5
24.500 70 3
24.625 69 2
24.750 67 0
24.875 67 0
25.125 67 0
25.188 65 10
25.250 62 7
25.625 67 0
25.750 70 3
25.875 67 0
26.000 72 5
26.250 72 5
26.500 70 3
26.625 69 2
26.750 67 0
26.875 67 0
27.062 65 10
27.125 62 7
27.625 67 0
27.750 70 3
27.875 67 0
28.000 72 5
28.250 72 5
28.500 73 6
28.625 72 5
28.750 70 3
28.875 74 7
29.125 72 5
29.188 70 3
29.250 67 0
29.875 72 5
30.125 70 3
30.250 72 5
30.375 70 3
30.500 72 5
30.625 70 3
30.875 73 6
31.000 74 7
31.125 70 3
31.250 72 5
31.375 70 3
31.500 72 5
31.750 70 3
31.875 72 5
32.062 70 3
32.125 67 0
33.625 67 0
33.750 70 3
34.000 72 5
34.250 70 3
35.625 67 0
35.750 70 3
35.875 67 0
36.000 72 5
36.250 70 3
37.625 67 0
37.750 70 3
38.000 72 5
38.250 70 3
48.000 67 0
48.125 65 10
48.250 67 0
48.375 65 10
48.500 67 0
48.625 65 10
48.750 65 10
48.875 69 2
49.125 62 7
49.375 65 10
49.625 67 0
49.875 67 0
50.000 65 10
50.125 62 7
50.250 65 10
50.375 62 7
50.500 65 10
50.625 62 7
50.750 70 3
50.875 67 0
52.000 67 0
52.125 65 10
52.250 67 0
52.375 65 10
52.500 67 0
52.625 65 10
52.750 65 10
52.875 69 2
53.125 62 7
53.375 65 10
53.625 67 0
54.000 65 10
54.125 62 7
54.250 65 10
54.375 62 7
54.500 70 3
54.667 69 2
54.833 67 0
55.000 67 0
55.500 67 0
55.625 67 0
55.750 70 3
55.875 67 0
56.000 72 5
56.250 72 5
56.500 70 3
56.625 69 2
56.750 67 0
56.875 67 0
57.125 67 0
57.188 65 10
57.250 62 7
57.625 67 0
57.750 70 3
57.875 67 0
58.000 72 5
58.250 72 5
58.500 70 3
58.625 69 2
58.750 67 0
58.875 67 0
59.062 65 10
59.125 62 7
59.625 67 0
59.750 70 3
59.875 67 0
60.000 72 5
60.250 72 5
60.500 73 6
60.625 72 5
60.750 70 3
60.875 74 7
61.125 72 5
61.188 70 3
61.250 67 0
62.000 72 5
62.125 70 3
62.250 72 5
62.375 70 3
62.500 72 5
62.625 70 3
62.875 77 10
63.125 73 6
63.250 72 5
63.375 70 3
63.500 72 5
63.625 70 3
63.750 70 3
63.875 72 5
64.062 70 3
64.125 67 0
65.500 73 6
65.750 72 5
65.875 70 3
66.000 74 7
66.250 72 5
66.375 70 3
68.000 73 6
68.250 72 5
68.375 70 3
69.500 77 10
69.625 73 6
69.688 72 5
69.812 70 3
70.000 74 7
70.250 72 5
70.375 70 3
88.125 74 7
88.375 74 7
88.625 74 7
88.875 74 7
89.375 73 6
89.750 74 7
90.125 72 5
90.375 72 5
90.625 72 5
92.125 74 7
92.375 74 7
92.625 74 7
92.875 74 7
93.375 73 6
93.750 74 7
94.125 72 5
94.375 72 5
94.625 72 5
95.500 67 0
95.625 67 0
95.750 70 3
95.875 67 0
96.000 72 5
96.250 72 5
96.500 70 3
96.625 69 2
96.750 67 0
96.875 67 0
97.125 67 0
97.188 65 10
97.250 62 7
97.625 67 0
97.750 70 3
97.875 67 0
98.000 72 5
98.250 72 5
98.500 73 6
98.625 72 5
98.750 70 3
98.875 72 5
99.062 70 3
99.125 67 0
99.500 67 0
99.625 67 0
99.750 70 3
99.875 67 0
100.000 72 5
100.250 72 5
100.500 73 6
100.625 72 5
100.750 70 3
100.875 74 7
101.125 72 5
101.188 70 3
101.250 67 0
102.000 72 5
102.250 72 5
102.500 72 5
102.625 70 3
102.875 77 10
103.125 72 5
103.250 72 5
103.375 70 3
103.500 72 5
103.750 70 3
103.875 72 5
104.062 70 3
104.125 67 0
105.500 73 6
105.750 72 5
105.875 70 3
106.000 74 7
106.250 72 5
106.375 70 3
107.500 77 10
107.625 73 6
107.688 72 5
107.812 70 3
108.000 74 7
108.250 72 5
108.375 70 3
109.500 73 6
109.625 72 5
109.750 70 3
110.000 74 7
110.250 72 5
110.375 70 3
120.000 67 0
120.125 65 10
120.250 67 0
120.375 65 10
120.500 67 0
120.625 67 0
120.750 65 10
120.875 69 2
121.125 62 7
121.250 62 7
121.375 65 10
121.625 67 0
121.875 67 0
122.000 65 10
122.125 62 7
122.250 65 10
122.375 62 7
122.500 65 10
122.625 62 7
122.750 70 3
122.875 67 0
123.875 62 7
124.000 67 0
124.125 65 10
124.250 67 0
124.375 65 10
124.500 67 0
124.750 65 10
124.875 69 2
125.125 62 7
125.375 65 10
125.625 67 0
125.875 67 0
126.000 65 10
126.125 62 7
126.250 65 10
126.500 70 3
126.625 69 2
126.750 67 0
126.875 67 0
127.500 67 0
127.625 67 0
127.750 70 3
127.875 67 0
128.000 72 5
128.250 72 5
128.500 70 3
128.625 69 2
128.750 67 0
128.875 67 0
129.125 67 0
129.188 65 10
129.250 62 7
129.625 67 0
129.750 70 3
129.875 67 0
130.000 72 5
130.250 72 5
130.500 73 6
130.625 72 5
130.750 70 3
130.875 72 5
131.062 70 3
131.125 67 0
131.500 67 0
131.625 67 0
131.750 70 3
131.875 67 0
132.000 72 5
132.250 72 5
132.500 70 3
132.625 69 2
132.750 67 0
132.875 67 0
133.125 67 0
133.188 65 10
133.250 62 7
134.000 72 5
134.125 70 3
134.250 72 5
134.375 70 3
134.500 72 5
134.625 70 3
134.875 77 10
135.125 72 5
135.250 72 5
135.375 70 3
135.500 72 5
135.750 70 3
135.875 72 5
136.062 70 3
136.125 67 0
138.000 72 5
138.250 72 5
138.500 73 6
138.625 72 5
138.750 70 3
138.875 72 5
139.062 73 6
139.125 72 5
139.188 70 3
139.250 67 0
139.625 74 7
139.750 77 10
140.000 74 7
140.125 72 5
140.312 70 3
140.500 72 5
140.625 70 3
140.750 67 0
140.875 67 0
141.125 67 0
141.312 67 0
141.500 67 0
141.625 70 3
141.875 67 0
142.000 72 5
142.250 72 5
142.500 73 6
142.625 72 5
142.750 70 3
142.875 72 5
143.062 72 5
143.188 70 3
143.250 67 0
143.625 67 0
143.750 70 3
143.875 67 0
144.000 72 5
144.250 72 5
144.500 70 3
144.625 69 2
144.750 67 0
144.875 67 0
145.125 67 0
145.312 70 3
145.500 72 5
145.688 74 7
145.875 74 7
146.000 72 5
146.250 72 5
146.875 72 5
147.000 70 3
147.125 70 3
147.625 67 0
147.750 70 3
147.875 67 0
148.000 72 5
148.250 72 5
148.500 72 5
148.667 72 5
148.833 70 3
149.000 70 3
149.125 69 2
149.250 67 0
149.625 67 0
149.750 70 3
149.875 67 0
150.000 72 5
150.250 72 5
150.500 73 6
150.625 72 5
150.750 70 3
150.875 74 7
151.125 72 5
151.188 70 3
151.250 67 0
152.000 72 5
152.250 72 5
152.500 72 5
152.625 70 3
152.875 77 10
153.125 72 5
153.250 72 5
153.375 70 3
153.500 72 5
153.750 70 3
153.875 72 5
154.062 70 3
154.125 67 0
