16.125 66 7
16.188 66 7
16.250 66 7
16.375 64 5
16.438 64 5
16.500 64 5
16.625 66 7
17.125 66 7
17.250 66 7
17.312 64 5
17.438 64 5
17.500 64 5
18.125 66 7
18.250 66 7
18.375 64 5
18.438 64 5
18.500 64 5
18.625 66 7
19.062 66 7
19.188 66 7
19.250 66 7
19.375 64 5
19.438 64 5
19.500 64 5
19.562 62 3
19.625 59 0
20.125 66 7
20.188 66 7
20.250 66 7
20.375 64 5
20.438 62 3
20.500 62 3
20.625 66 7
21.062 62 3
21.125 66 7
21.250 66 7
21.312 64 5
21.438 62 3
21.500 62 3
22.062 64 5
22.125 64 5
22.188 64 5
22.250 64 5
22.312 64 5
22.375 64 5
22.438 62 3
22.500 64 5
22.625 62 3
22.688 66 7
23.062 66 7
23.125 66 7
23.188 66 7
23.250 66 7
23.375 64 5
23.438 64 5
23.500 66 7
24.125 66 7
24.188 66 7
24.312 67 8
24.375 66 7
24.438 66 7
24.500 67 8
24.625 66 7
25.062 66 7
25.125 66 7
25.188 66 7
25.250 66 7
25.312 64 5
25.438 64 5
26.188 64 5
26.250 64 5
26.312 64 5
26.375 64 5
26.438 61 2
26.500 64 5
26.562 64 5
26.688 66 7
26.812 66 7
26.875 66 7
26.938 66 7
27.000 66 7
27.062 66 7
27.188 66 7
27.250 66 7
27.312 64 5
27.438 64 5
27.500 64 5
27.562 62 3
27.625 59 0
28.125 66 7
28.188 66 7
28.250 66 7
28.312 64 5
28.438 62 3
28.500 62 3
28.625 66 7
29.125 59 0
29.188 57 10
29.250 66 7
29.375 64 5
29.438 62 3
29.500 62 3
30.125 64 5
30.188 64 5
30.250 64 5
30.312 64 5
30.375 64 5
30.438 62 3
30.562 64 5
30.625 62 3
30.688 66 7
31.125 66 7
31.188 64 5
31.250 66 7
31.375 70 11
31.500 64 5
32.125 67 8
32.188 67 8
32.312 67 8
32.375 67 8
32.438 67 8
32.562 67 8
32.750 69 10
32.875 67 8
32.938 67 8
33.000 66 7
33.062 66 7
33.875 66 7
33.938 66 7
34.000 66 7
34.062 64 5
34.125 64 5
34.188 64 5
34.875 64 5
34.938 64 5
35.000 64 5
35.062 62 3
35.125 62 3
35.188 62 3
36.000 67 8
36.062 67 8
36.125 67 8
36.188 67 8
36.312 67 8
36.438 67 8
36.500 67 8
36.625 67 8
36.750 69 10
36.875 67 8
36.938 67 8
37.000 66 7
37.062 66 7
37.875 66 7
37.938 66 7
38.000 66 7
38.062 64 5
38.125 64 5
38.188 64 5
38.875 67 8
38.938 67 8
39.000 67 8
39.062 66 7
39.125 66 7
39.188 66 7
40.062 66 7
40.125 66 7
40.188 66 7
40.250 67 8
40.312 66 7
40.438 66 7
40.500 67 8
40.625 66 7
41.062 66 7
41.125 66 7
41.188 66 7
41.250 66 7
41.312 64 5
41.438 64 5
41.562 66 7
42.062 64 5
42.125 64 5
42.188 64 5
42.250 64 5
42.312 64 5
42.375 66 7
42.438 64 5
42.562 66 7
42.625 64 5
42.688 66 7
43.188 66 7
43.250 66 7
43.312 64 5
43.438 64 5
43.562 62 3
43.625 59 0
44.125 64 5
44.188 66 7
44.250 66 7
44.375 64 5
44.438 62 3
44.500 62 3
44.625 66 7
45.000 66 7
45.312 64 5
45.438 62 3
45.500 62 3
46.125 64 5
46.250 64 5
46.375 64 5
46.438 62 3
46.500 66 7
46.625 64 5
47.125 66 7
47.250 66 7
47.375 64 5
47.438 64 5
47.562 66 7
48.125 66 7
48.188 66 7
48.312 66 7
48.375 66 7
48.438 66 7
48.500 67 8
48.625 66 7
49.062 66 7
49.312 66 7
49.438 64 5
49.500 64 5
49.625 66 7
49.812 61 2
49.875 61 2
50.062 64 5
50.188 64 5
50.250 64 5
50.312 64 5
50.438 64 5
50.500 64 5
50.562 64 5
50.688 66 7
50.875 61 2
51.125 66 7
51.250 66 7
51.312 64 5
51.438 64 5
51.500 64 5
51.625 62 3
51.688 59 0
52.125 66 7
52.250 66 7
52.375 66 7
52.500 66 7
52.562 64 5
52.625 62 3
52.688 62 3
52.812 64 5
52.875 66 7
53.000 66 7
53.312 64 5
53.375 62 3
53.438 62 3
54.125 64 5
54.188 64 5
54.250 64 5
54.375 64 5
54.438 62 3
54.500 64 5
54.562 64 5
54.625 64 5
54.688 62 3
54.750 66 7
55.125 66 7
55.188 64 5
55.250 66 7
55.375 70 11
55.500 66 7
55.562 64 5
55.750 66 7
56.125 67 8
56.188 67 8
56.312 67 8
56.375 67 8
56.438 67 8
56.562 67 8
56.750 69 10
56.875 67 8
56.938 67 8
57.000 66 7
57.062 66 7
57.875 66 7
57.938 66 7
58.000 66 7
58.062 64 5
58.125 64 5
58.188 64 5
58.875 64 5
58.938 64 5
59.000 64 5
59.062 62 3
59.125 62 3
59.188 62 3
59.938 62 3
60.000 67 8
60.062 67 8
60.125 67 8
60.188 67 8
60.312 67 8
60.438 67 8
60.500 67 8
60.625 67 8
60.750 69 10
60.875 67 8
60.938 67 8
61.000 66 7
61.062 66 7
61.875 66 7
61.938 66 7
62.000 66 7
62.062 64 5
62.125 64 5
62.188 64 5
62.875 66 7
62.938 67 8
63.000 67 8
63.062 66 7
63.125 66 7
63.188 66 7
64.125 66 7
64.188 66 7
64.312 67 8
64.438 66 7
64.500 67 8
64.625 66 7
65.062 54 7
65.125 66 7
65.250 66 7
65.312 66 7
65.438 64 5
65.500 66 7
65.688 58 11
65.750 58 11
65.812 58 11
66.125 66 7
66.188 64 5
66.250 64 5
66.375 64 5
66.500 66 7
66.562 64 5
66.688 64 5
66.750 66 7
67.125 66 7
67.188 66 7
67.250 66 7
67.312 64 5
67.438 62 3
67.500 62 3
68.062 54 7
68.125 66 7
68.188 66 7
68.312 66 7
68.375 64 5
68.438 62 3
68.500 62 3
68.625 66 7
69.062 54 7
69.188 66 7
69.250 64 5
69.375 64 5
69.438 62 3
69.562 62 3
70.062 52 5
70.188 64 5
70.250 64 5
70.375 64 5
70.438 62 3
70.562 64 5
70.625 62 3
70.750 66 7
70.875 66 7
70.938 62 3
71.000 66 7
71.125 66 7
71.312 66 7
71.438 64 5
71.500 66 7
72.125 66 7
72.250 66 7
72.312 67 8
72.438 66 7
72.500 67 8
72.625 66 7
72.875 62 3
72.938 59 0
73.125 66 7
73.188 66 7
73.312 66 7
73.438 64 5
73.500 66 7
74.188 57 10
74.250 64 5
74.312 64 5
74.375 64 5
74.438 64 5
74.500 64 5
74.562 64 5
74.688 66 7
74.875 66 7
74.938 66 7
75.000 66 7
75.125 66 7
75.250 66 7
75.312 64 5
75.375 62 3
75.438 64 5
75.562 62 3
75.625 59 0
76.125 62 3
76.188 66 7
76.375 64 5
76.438 62 3
76.500 62 3
76.625 66 7
76.875 62 3
76.938 59 0
77.125 62 3
77.188 62 3
77.312 62 3
77.438 59 0
77.500 62 3
78.125 64 5
78.188 64 5
78.250 64 5
78.312 64 5
78.375 64 5
78.438 62 3
78.562 64 5
78.688 62 3
78.750 66 7
79.062 66 7
79.125 66 7
79.188 66 7
79.312 70 11
79.375 66 7
79.500 66 7
