7.833 45 0
8.000 45 0
8.833 47 2
9.000 48 3
9.833 52 7
10.000 50 5
10.167 45 0
10.333 45 0
11.833 57 0
12.000 57 0
12.833 57 0
13.000 55 10
13.833 52 7
14.000 52 7
15.750 69 0
15.833 69 0
16.000 69 0
16.833 59 2
17.000 60 3
17.083 60 3
17.833 60 3
18.000 62 5
18.083 57 0
18.167 57 0
18.667 57 0
18.833 57 0
19.833 55 10
20.000 57 0
20.833 57 0
21.000 56 11
21.833 56 11
22.000 57 0
29.833 69 0
30.000 69 0
30.833 69 0
31.000 67 10
31.833 64 7
32.000 62 5
32.167 57 0
34.000 69 0
34.833 69 0
35.000 67 10
35.833 64 7
36.000 64 7
37.833 69 0
38.000 69 0
38.833 69 0
39.000 67 10
39.833 60 3
40.000 62 5
40.167 57 0
40.833 57 0
41.000 60 3
42.000 57 0
42.833 57 0
43.000 56 11
43.167 52 7
43.833 57 0
44.000 57 0
51.833 69 0
51.917 69 0
52.000 69 0
52.833 69 0
53.000 67 10
53.833 60 3
54.000 62 5
54.333 57 0
54.833 57 0
55.000 57 0
55.833 69 0
55.917 69 0
56.000 69 0
56.667 69 0
57.000 67 10
57.667 64 7
57.833 64 7
59.833 69 0
59.917 69 0
60.000 69 0
60.833 69 0
61.000 67 10
61.333 60 3
61.833 62 5
62.500 57 0
62.583 57 0
62.667 60 3
63.833 57 0
64.000 57 0
64.833 57 0
65.000 56 11
65.167 52 7
65.667 52 7
65.833 59 2
65.917 57 0
95.833 55 10
96.000 57 0
96.167 57 0
97.500 60 3
97.667 62 5
97.833 62 5
98.000 57 0
99.750 69 0
99.917 69 0
100.000 69 0
100.833 69 0
101.000 67 10
101.833 64 7
102.000 64 7
104.000 69 0
104.667 69 0
105.000 67 10
105.833 60 3
106.000 62 5
106.167 57 0
106.667 60 3
106.750 60 3
106.833 57 0
107.833 57 0
107.917 57 0
108.000 57 0
108.833 57 0
108.917 57 0
109.000 56 11
109.167 52 7
109.667 59 2
109.833 57 0
117.167 69 0
117.667 69 0
117.833 69 0
118.000 69 0
118.833 69 0
119.000 67 10
119.833 60 3
120.000 62 5
120.167 57 0
121.833 69 0
122.000 69 0
122.667 69 0
122.833 69 0
123.000 67 10
123.667 62 5
123.833 64 7
125.833 69 0
126.000 69 0
126.833 69 0
127.000 67 10
127.167 60 3
127.833 62 5
128.000 62 5
128.167 57 0
128.833 57 0
129.833 57 0
130.000 57 0
130.833 57 0
131.000 56 11
131.167 52 7
131.667 59 2
131.833 57 0
139.000 69 0
139.833 69 0
140.000 69 0
140.833 69 0
141.000 67 10
141.833 60 3
142.000 62 5
142.167 57 0
142.667 57 0
143.833 69 0
144.000 69 0
144.833 69 0
145.000 67 10
145.833 64 7
146.000 64 7
147.750 69 0
147.833 69 0
148.000 69 0
148.833 69 0
149.000 67 10
149.167 60 3
149.833 62 5
150.000 62 5
150.083 57 0
150.167 57 0
150.750 57 0
151.000 57 0
151.833 55 10
152.000 57 0
152.833 60 3
153.000 59 2
153.833 60 3
154.000 57 0
