0.500 67 5
0.625 67 5
0.750 69 7
0.875 65 3
0.938 62 0
2.375 60 10
2.500 62 0
2.625 60 10
2.750 62 0
2.875 65 3
3.125 62 0
4.500 65 3
4.625 67 5
4.750 69 7
4.875 67 5
5.000 65 3
5.125 67 5
6.375 60 10
6.500 62 0
6.625 60 10
6.750 62 0
6.875 65 3
7.125 62 0
8.750 69 7
8.875 69 7
9.750 67 5
9.875 67 5
10.500 65 3
10.625 67 5
10.750 65 3
10.875 69 7
12.500 68 6
12.625 68 6
12.750 69 7
12.875 65 3
13.000 62 0
14.375 57 7
14.500 62 0
14.625 60 10
14.750 62 0
14.875 65 3
15.062 64 2
15.125 62 0
16.500 65 3
16.625 67 5
16.875 68 6
16.938 67 5
17.125 65 3
17.250 67 5
18.375 57 7
18.500 62 0
18.625 60 10
18.750 62 0
18.875 65 3
19.000 64 2
19.062 62 0
20.750 69 7
20.875 69 7
21.750 67 5
21.875 67 5
22.500 65 3
22.625 67 5
22.750 65 3
22.875 67 5
23.000 69 7
28.750 69 7
28.812 69 7
29.000 69 7
29.188 67 5
29.688 72 10
29.812 74 0
30.000 72 10
30.125 74 0
30.875 59 9
31.000 62 0
31.188 59 9
31.250 62 0
31.438 62 0
31.625 65 3
31.750 67 5
31.875 67 5
32.125 68 6
32.188 67 5
32.250 65 3
32.938 62 0
33.125 74 0
33.312 72 10
33.438 69 7
33.562 67 5
33.625 65 3
33.750 67 5
33.875 65 3
34.125 65 3
34.250 62 0
34.938 62 0
35.000 69 7
35.250 69 7
35.500 69 7
35.667 67 5
35.750 69 7
35.917 69 7
36.083 67 5
36.167 64 2
36.417 67 5
36.500 69 7
36.750 73 11
37.000 74 0
37.688 66 4
37.812 64 2
37.875 62 0
38.375 57 7
38.500 62 0
38.625 60 10
38.750 62 0
38.875 59 9
39.000 57 7
40.500 65 3
40.625 67 5
40.875 68 6
40.938 67 5
41.125 65 3
41.250 67 5
42.375 57 7
42.500 62 0
42.625 60 10
42.750 62 0
42.875 65 3
43.000 64 2
43.062 62 0
44.750 69 7
44.875 69 7
45.750 67 5
45.875 67 5
46.500 65 3
46.625 67 5
46.750 65 3
46.875 67 5
47.000 69 7
52.688 65 3
52.750 67 5
52.875 69 7
53.125 67 5
53.688 72 10
53.750 74 0
53.875 72 10
54.000 74 0
54.938 59 9
55.000 62 0
55.188 59 9
55.250 62 0
55.438 62 0
55.625 65 3
55.750 67 5
55.875 67 5
56.000 68 6
56.125 67 5
56.250 65 3
56.938 62 0
57.125 74 0
57.312 72 10
57.438 69 7
57.562 67 5
57.625 65 3
57.750 67 5
57.875 65 3
58.125 65 3
58.250 62 0
58.938 62 0
59.000 69 7
59.250 69 7
59.500 69 7
59.667 67 5
59.750 69 7
59.917 69 7
60.000 67 5
60.167 65 3
60.417 67 5
60.500 69 7
60.750 73 11
61.250 74 0
61.938 66 4
62.000 64 2
62.125 62 0
62.438 60 10
62.500 62 0
62.625 60 10
62.750 62 0
62.875 59 9
63.000 57 7
64.500 65 3
64.625 67 5
64.875 68 6
64.938 67 5
65.125 65 3
65.250 67 5
66.375 57 7
66.500 62 0
66.625 60 10
66.750 62 0
66.875 65 3
67.125 64 2
67.250 62 0
68.750 69 7
68.875 69 7
69.750 67 5
69.812 65 3
69.938 67 5
70.438 62 0
70.500 65 3
70.625 67 5
70.750 65 3
70.875 67 5
71.000 69 7
72.438 65 3
72.500 67 5
72.625 67 5
72.875 65 3
73.000 62 0
74.375 57 7
74.500 62 0
74.625 60 10
74.750 62 0
74.875 65 3
75.125 62 0
76.500 65 3
76.625 67 5
76.875 68 6
76.938 67 5
77.125 65 3
77.250 67 5
78.375 62 0
78.500 65 3
78.625 67 5
78.750 69 7
78.875 69 7
78.938 67 5
79.062 65 3
80.750 69 7
80.875 69 7
81.750 67 5
81.875 67 5
82.438 62 0
82.500 65 3
82.625 67 5
82.750 65 3
82.875 67 5
83.000 69 7
84.750 69 7
84.875 69 7
85.750 67 5
85.875 67 5
86.438 62 0
86.500 65 3
86.625 67 5
86.750 65 3
86.875 69 7
86.938 67 5
87.000 65 3
88.750 69 7
88.875 69 7
89.750 68 6
89.875 67 5
90.062 65 3
90.125 62 0
90.438 62 0
90.500 65 3
90.625 67 5
90.750 65 3
90.875 69 7
90.938 67 5
91.000 65 3
93.750 74 0
