9.125 70 7
9.500 68 5
9.750 68 5
9.875 66 3
10.000 63 0
10.125 66 3
10.250 63 0
10.375 66 3
10.500 63 0
10.625 63 0
11.500 63 0
11.625 63 0
11.875 65 2
12.375 63 0
12.500 65 2
12.625 60 9
12.750 63 0
13.375 61 10
13.500 63 0
13.625 63 0
13.750 63 0
13.875 75 0
14.375 63 0
14.500 66 3
14.625 63 0
14.750 63 0
15.125 58 7
15.250 58 7
15.375 58 7
15.500 61 10
15.625 63 0
15.750 65 2
15.875 65 2
16.125 63 0
16.250 65 2
16.375 63 0
16.500 65 2
16.625 60 9
16.750 63 0
17.375 61 10
17.500 63 0
17.625 61 10
17.750 63 0
17.875 60 9
18.000 72 9
18.250 66 3
18.375 65 2
18.500 66 3
18.625 65 2
18.875 63 0
18.938 65 2
19.500 60 9
19.625 63 0
19.875 66 3
20.125 68 5
20.500 66 3
20.750 63 0
20.875 63 0
21.250 70 7
21.375 68 5
21.500 66 3
21.625 68 5
21.750 63 0
21.875 66 3
22.125 66 3
22.250 66 3
22.375 63 0
22.500 66 3
22.750 63 0
23.500 66 3
23.625 68 5
23.875 68 5
24.125 68 5
24.250 66 3
24.375 63 0
24.500 66 3
24.625 63 0
24.750 63 0
25.500 68 5
25.750 68 5
25.875 66 3
26.125 63 0
26.250 63 0
26.375 61 10
26.500 63 0
26.750 63 0
27.375 70 7
27.750 68 5
27.875 68 5
28.000 66 3
28.125 68 5
28.250 66 3
28.375 70 7
28.438 68 5
28.500 66 3
28.562 63 0
28.750 66 3
28.875 63 0
29.250 63 0
29.375 63 0
29.500 66 3
29.625 63 0
29.875 63 0
33.500 66 3
33.625 68 5
33.750 70 7
33.875 70 7
34.250 68 5
34.375 63 0
34.500 66 3
34.625 63 0
34.750 63 0
35.500 63 0
35.625 63 0
35.875 65 2
36.125 63 0
36.250 65 2
36.500 65 2
36.625 60 9
36.750 63 0
37.500 63 0
37.625 63 0
37.875 75 0
38.125 63 0
38.250 63 0
38.375 63 0
38.500 66 3
38.625 63 0
38.750 63 0
39.500 63 0
39.625 63 0
39.875 65 2
40.250 65 2
40.500 65 2
40.625 60 9
40.750 63 0
41.500 60 9
41.625 63 0
41.750 63 0
41.875 72 9
42.125 70 7
42.500 67 4
42.625 65 2
42.750 63 0
42.875 63 0
42.938 65 2
43.500 60 9
43.625 63 0
43.875 66 3
44.125 70 7
44.500 66 3
44.625 63 0
44.750 66 3
44.875 66 3
45.000 63 0
45.250 70 7
45.500 68 5
45.750 63 0
45.875 66 3
46.000 63 0
46.125 63 0
46.250 66 3
46.375 63 0
46.500 66 3
46.750 63 0
47.500 66 3
47.625 68 5
47.812 68 5
48.125 68 5
48.250 66 3
48.375 65 2
48.500 65 2
48.750 63 0
49.250 70 7
49.750 68 5
49.875 70 7
49.938 68 5
50.125 68 5
50.250 66 3
50.375 63 0
50.500 66 3
50.750 63 0
51.500 66 3
51.625 68 5
51.875 68 5
52.000 66 3
52.125 68 5
52.250 66 3
52.375 70 7
52.438 68 5
52.500 66 3
52.562 63 0
52.750 66 3
52.875 63 0
53.250 63 0
53.375 63 0
53.500 66 3
53.625 63 0
53.750 63 0
54.000 63 0
61.250 63 0
61.375 63 0
61.500 66 3
61.625 68 5
61.750 66 3
61.875 70 7
62.125 68 5
62.375 63 0
62.500 66 3
62.625 63 0
62.750 63 0
63.500 63 0
63.625 63 0
63.875 65 2
64.375 63 0
64.500 65 2
64.625 60 9
64.750 63 0
65.375 61 10
65.500 63 0
65.625 63 0
65.875 75 0
66.500 66 3
66.625 63 0
66.750 66 3
67.500 63 0
67.625 63 0
67.875 65 2
68.250 65 2
68.500 66 3
68.625 60 9
68.750 63 0
69.500 60 9
69.625 63 0
69.875 67 4
70.125 70 7
70.250 72 9
70.375 72 9
70.500 66 3
70.625 65 2
70.875 63 0
70.938 65 2
71.500 60 9
71.625 63 0
71.750 63 0
71.875 63 0
72.000 66 3
72.250 68 5
72.375 66 3
72.500 63 0
72.750 63 0
72.875 63 0
73.250 68 5
73.375 68 5
73.500 66 3
73.562 68 5
73.750 68 5
73.875 66 3
73.938 63 0
74.125 66 3
74.250 66 3
74.375 63 0
74.500 66 3
74.750 63 0
75.500 66 3
75.625 68 5
75.812 70 7
76.125 68 5
76.250 66 3
76.375 68 5
76.500 68 5
76.750 63 0
77.250 68 5
77.500 66 3
77.625 66 3
77.875 66 3
78.000 63 0
78.125 63 0
78.250 63 0
78.375 61 10
78.500 63 0
78.750 63 0
79.250 70 7
79.625 70 7
79.875 68 5
80.000 66 3
80.125 68 5
80.250 66 3
80.375 70 7
80.438 68 5
80.500 66 3
80.562 63 0
80.750 66 3
80.875 63 0
81.250 63 0
81.375 63 0
81.500 66 3
81.625 63 0
81.750 63 0
81.875 63 0
85.250 63 0
85.375 63 0
85.500 66 3
85.625 68 5
85.750 66 3
85.875 70 7
87.250 63 0
87.375 63 0
87.500 66 3
87.625 68 5
87.750 66 3
87.875 63 0
89.500 66 3
89.625 68 5
89.875 66 3
90.125 63 0
90.250 66 3
90.375 63 0
90.500 66 3
90.750 63 0
91.250 70 7
91.500 68 5
91.750 68 5
91.875 66 3
92.000 63 0
92.125 63 0
92.250 66 3
92.375 63 0
92.500 66 3
92.750 63 0
93.250 70 7
93.500 73 10
93.750 73 10
