3.375 59 7
3.500 62 10
3.625 64 0
3.875 64 0
4.500 64 0
4.625 62 10
4.875 66 2
4.938 64 0
5.625 57 5
5.750 64 0
6.000 64 0
6.500 64 0
6.625 62 10
6.875 66 2
6.938 64 0
7.750 64 0
7.875 62 10
8.000 64 0
8.250 62 10
8.375 59 7
8.875 64 0
9.000 66 2
9.375 64 0
9.500 62 10
9.750 64 0
9.875 62 10
10.125 59 7
11.750 63 11
12.000 59 7
12.500 61 9
12.625 63 11
12.875 64 0
13.500 66 2
13.625 67 3
13.875 66 2
14.125 64 0
14.875 76 0
15.625 64 0
15.750 64 0
16.000 64 0
16.500 62 10
17.000 59 7
17.625 55 3
17.875 55 3
18.000 52 0
19.750 64 0
19.875 64 0
20.500 64 0
20.625 62 10
20.875 66 2
20.938 64 0
21.750 64 0
21.875 64 0
22.375 64 0
22.625 62 10
22.875 66 2
22.938 64 0
23.750 64 0
23.875 62 10
24.000 64 0
24.250 62 10
24.375 59 7
24.875 66 2
25.125 66 2
25.250 64 0
25.375 62 10
25.750 64 0
25.875 62 10
26.125 59 7
28.000 59 7
28.500 61 9
28.625 63 11
28.875 64 0
29.500 66 2
29.625 67 3
29.875 66 2
30.125 64 0
30.875 76 0
31.625 64 0
31.750 64 0
32.000 64 0
32.500 62 10
33.000 59 7
33.625 55 3
33.875 55 3
34.000 52 0
35.500 61 9
35.750 64 0
36.000 67 3
36.500 66 2
36.875 64 0
37.500 61 9
37.750 64 0
38.000 67 3
38.500 66 2
38.875 64 0
39.500 61 9
39.750 64 0
40.000 67 3
40.500 66 2
41.000 64 0
41.500 64 0
42.000 66 2
42.125 71 7
44.000 73 9
45.375 69 5
45.625 67 3
45.875 64 0
46.500 64 0
46.625 62 10
46.875 66 2
46.938 64 0
47.750 64 0
47.875 62 10
48.000 64 0
48.250 64 0
48.500 64 0
48.625 62 10
48.875 66 2
48.938 64 0
49.750 64 0
49.875 62 10
50.000 64 0
50.250 62 10
50.375 59 7
50.875 66 2
51.125 66 2
51.250 64 0
51.375 62 10
51.750 64 0
51.875 62 10
52.125 59 7
53.750 63 11
54.000 59 7
54.500 61 9
54.625 63 11
54.875 64 0
55.500 66 2
55.625 67 3
55.875 66 2
56.125 64 0
56.875 76 0
57.625 64 0
57.750 64 0
58.000 64 0
58.500 62 10
59.000 59 7
59.625 55 3
59.875 55 3
60.000 52 0
77.500 61 9
77.750 64 0
78.000 67 3
78.500 66 2
78.875 64 0
79.500 61 9
79.750 64 0
80.000 67 3
80.500 66 2
80.875 64 0
81.500 61 9
81.750 64 0
82.000 67 3
82.500 66 2
82.875 64 0
83.500 64 0
84.000 66 2
84.125 71 7
86.000 73 9
87.125 69 5
87.750 67 3
88.000 64 0
88.500 64 0
88.625 62 10
88.875 66 2
88.938 64 0
89.750 64 0
89.875 62 10
90.000 64 0
90.250 64 0
90.500 64 0
90.625 62 10
90.875 66 2
90.938 64 0
91.750 64 0
91.875 62 10
92.000 64 0
92.250 62 10
92.375 59 7
92.875 64 0
93.125 66 2
93.250 64 0
93.375 62 10
93.750 64 0
93.875 62 10
94.125 59 7
95.750 59 7
96.000 59 7
96.500 61 9
96.625 63 11
96.875 64 0
97.500 66 2
97.625 67 3
97.875 66 2
98.125 64 0
98.875 76 0
99.625 64 0
99.750 64 0
100.000 64 0
100.500 62 10
101.000 59 7
101.625 55 3
101.875 55 3
102.000 52 0
103.250 59 7
103.500 62 10
103.625 64 0
104.000 64 0
104.500 62 10
105.000 59 7
105.625 55 3
105.875 55 3
106.000 52 0
107.000 59 7
107.250 59 7
107.500 62 10
107.625 64 0
108.000 64 0
108.500 62 10
109.000 59 7
109.625 55 3
109.875 55 3
110.000 52 0
