10.625 65 4
10.812 68 7
11.000 68 7
11.125 65 4
11.625 70 9
11.875 68 7
12.000 68 7
12.125 65 4
12.625 65 4
12.812 68 7
13.000 68 7
13.125 65 4
13.625 70 9
13.875 68 7
14.000 65 4
14.500 65 4
14.688 63 2
14.875 61 0
15.000 63 2
15.375 61 0
15.625 61 0
16.375 65 4
16.625 63 2
16.812 61 0
17.000 63 2
17.375 61 0
17.625 61 0
18.625 65 4
18.812 68 7
19.000 68 7
19.125 65 4
19.625 70 9
19.875 68 7
20.000 65 4
20.625 65 4
20.812 68 7
21.000 68 7
21.125 65 4
21.625 70 9
21.875 68 7
21.938 65 4
22.062 63 2
22.188 61 0
22.625 70 9
22.875 68 7
23.000 65 4
23.125 63 2
23.375 61 0
24.500 65 4
24.688 63 2
24.875 61 0
25.000 63 2
25.375 61 0
25.625 61 0
26.625 61 0
26.750 61 0
26.875 68 7
27.625 66 5
27.750 65 4
27.875 61 0
28.625 58 9
28.750 58 9
28.875 58 9
29.000 61 0
29.125 61 0
30.625 61 0
30.750 61 0
30.875 68 7
31.625 66 5
31.750 65 4
31.875 61 0
32.625 58 9
32.750 58 9
32.875 58 9
33.000 61 0
33.125 61 0
34.625 65 4
34.812 68 7
35.000 68 7
35.125 65 4
35.625 70 9
35.875 68 7
36.000 68 7
36.125 65 4
36.625 65 4
36.812 68 7
37.000 68 7
37.125 65 4
37.625 70 9
37.875 68 7
38.000 65 4
38.375 61 0
38.500 70 9
38.875 68 7
39.125 63 2
39.375 61 0
40.375 61 0
40.500 70 9
40.688 68 7
40.875 68 7
40.938 65 4
41.125 68 7
41.312 65 4
42.625 65 4
42.812 68 7
43.000 68 7
43.125 65 4
43.375 63 2
43.438 61 0
43.625 70 9
43.875 68 7
43.938 66 5
44.000 68 7
44.125 65 4
44.188 64 3
44.375 61 0
44.688 65 4
44.812 68 7
44.938 68 7
45.062 65 4
45.375 61 0
45.625 70 9
45.875 68 7
45.938 66 5
46.000 68 7
46.125 65 4
46.375 61 0
46.438 61 0
46.562 70 9
46.875 68 7
47.000 65 4
47.125 63 2
47.375 61 0
48.375 61 0
48.438 61 0
48.562 70 9
48.875 68 7
49.000 65 4
49.125 63 2
49.250 61 0
50.625 61 0
50.750 61 0
50.875 68 7
51.625 66 5
51.750 65 4
51.875 61 0
52.625 58 9
52.750 58 9
52.875 58 9
53.000 61 0
53.125 61 0
54.625 61 0
54.750 61 0
54.875 68 7
55.625 66 5
55.750 65 4
55.875 61 0
56.625 58 9
56.750 58 9
56.875 58 9
57.000 61 0
57.125 61 0
68.625 65 4
68.812 68 7
69.000 68 7
69.125 65 4
69.375 63 2
69.438 61 0
69.625 70 9
69.875 68 7
70.000 68 7
70.125 65 4
70.625 65 4
70.750 65 4
70.875 68 7
71.000 68 7
71.125 65 4
71.375 63 2
71.438 61 0
71.625 70 9
71.875 68 7
72.000 65 4
72.125 63 2
72.250 61 0
72.500 70 9
72.875 68 7
73.000 65 4
73.125 63 2
73.375 61 0
74.375 61 0
74.500 70 9
74.688 68 7
74.875 68 7
74.938 65 4
75.125 68 7
75.250 65 4
76.500 65 4
76.625 68 7
76.750 65 4
76.875 68 7
77.000 65 4
77.250 63 2
77.375 61 0
77.625 70 9
77.875 68 7
78.000 65 4
78.062 64 3
78.188 61 0
78.625 65 4
78.750 68 7
78.875 65 4
78.938 68 7
79.125 65 4
79.375 61 0
79.625 70 9
79.875 68 7
80.125 65 4
80.625 70 9
80.875 68 7
81.125 63 2
81.375 61 0
82.375 61 0
82.500 70 9
82.688 68 7
82.875 65 4
83.000 68 7
83.375 63 2
83.625 61 0
84.625 61 0
84.750 61 0
84.875 68 7
85.625 66 5
85.750 65 4
85.875 61 0
86.625 58 9
86.750 58 9
86.875 58 9
87.000 61 0
87.125 61 0
88.625 61 0
88.750 61 0
88.875 68 7
89.625 66 5
89.750 65 4
89.875 61 0
90.625 58 9
90.750 58 9
90.875 58 9
91.000 61 0
91.125 61 0
92.625 61 0
92.750 61 0
92.875 63 2
93.625 65 4
93.750 63 2
93.875 63 2
94.000 61 0
94.625 58 9
94.750 58 9
94.875 58 9
95.000 61 0
95.125 61 0
96.625 61 0
96.750 61 0
96.875 63 2
97.625 65 4
97.750 63 2
97.875 63 2
98.000 61 0
98.625 58 9
98.750 58 9
98.875 58 9
99.000 61 0
99.125 61 0
