11.375 53 0
18.250 53 0
18.500 53 0
18.750 53 0
19.000 55 2
19.500 55 2
19.875 55 2
20.250 57 4
20.500 56 3
20.750 55 2
21.000 53 0
22.250 53 0
22.500 53 0
22.750 53 0
23.000 55 2
23.500 55 2
24.000 55 2
24.250 56 3
24.375 56 3
24.750 55 2
25.000 53 0
26.250 53 0
26.500 55 2
26.750 57 4
26.875 58 5
27.500 58 5
28.000 58 5
28.250 62 9
28.375 60 7
28.750 58 5
29.000 55 2
29.250 57 4
30.250 53 0
30.375 52 11
30.750 50 9
31.000 48 7
32.250 55 2
32.500 53 0
32.750 52 11
33.000 53 0
36.500 46 0
42.250 46 0
42.500 46 0
42.750 46 0
43.000 48 2
43.250 48 2
43.500 48 2
43.750 48 2
43.875 48 2
44.250 50 4
44.500 50 4
44.625 48 2
45.000 46 0
46.250 46 0
46.500 46 0
46.750 46 0
47.000 48 2
47.750 48 2
47.875 48 2
48.250 50 4
48.375 50 4
48.750 50 4
48.875 48 2
49.250 46 0
50.250 46 0
50.500 48 2
50.750 50 4
51.000 51 5
51.750 51 5
51.875 51 5
52.250 55 9
52.375 53 7
52.750 51 5
53.000 50 4
54.250 46 0
54.375 45 11
54.750 43 9
55.000 41 7
56.250 48 2
56.500 46 0
56.750 45 11
57.000 46 0
60.500 51 0
66.250 51 0
66.500 51 0
66.750 51 0
67.000 53 2
67.500 53 2
67.875 53 2
68.250 55 4
68.500 55 4
68.750 53 2
69.000 51 0
70.250 51 0
70.500 51 0
70.750 51 0
71.000 53 2
71.500 53 2
71.875 53 2
72.250 56 5
72.625 55 4
72.750 53 2
73.000 51 0
74.250 51 0
74.500 53 2
74.750 55 4
75.000 56 5
75.500 56 5
75.875 56 5
76.250 58 7
76.375 60 9
76.625 58 7
76.750 56 5
77.000 55 4
78.250 51 0
78.500 50 11
78.750 48 9
79.000 46 7
80.250 53 2
80.500 51 0
80.750 50 11
81.000 51 0
84.500 46 0
91.250 46 0
91.500 46 0
91.750 46 0
92.000 48 2
92.750 48 2
92.875 48 2
93.250 49 3
93.375 49 3
93.625 48 2
94.000 46 0
95.250 46 0
95.500 46 0
95.750 46 0
96.000 48 2
96.750 48 2
97.000 48 2
97.250 49 3
97.375 49 3
97.625 49 3
97.750 48 2
98.000 46 0
99.250 46 0
99.500 48 2
99.750 50 4
100.000 51 5
100.250 51 5
100.500 51 5
100.625 51 5
100.875 51 5
101.250 55 9
101.375 53 7
101.750 51 5
102.000 50 4
103.250 46 0
103.500 45 11
103.750 43 9
104.000 41 7
105.250 48 2
105.500 46 0
105.750 45 11
106.000 46 0
109.750 41 0
116.250 41 0
116.500 41 0
116.750 41 0
117.000 43 2
117.500 43 2
117.875 43 2
118.250 45 4
118.500 45 4
118.750 43 2
119.000 41 0
120.250 41 0
120.500 41 0
120.750 41 0
121.000 43 2
121.625 43 2
122.000 43 2
122.250 45 4
122.375 45 4
122.750 43 2
123.000 41 0
124.250 41 0
124.500 43 2
124.750 45 4
125.000 46 5
125.500 46 5
126.000 46 5
126.250 50 9
126.500 48 7
126.750 46 5
127.000 43 2
127.250 45 4
128.250 41 0
128.375 40 11
128.750 38 9
129.000 36 7
130.250 43 2
130.500 41 0
130.750 40 11
131.000 41 0
