4.500 64 9
4.750 64 9
5.000 62 7
5.188 60 5
5.250 59 4
5.750 59 4
5.875 62 7
6.000 60 5
6.062 59 4
6.188 57 2
7.125 59 4
7.250 59 4
7.375 59 4
7.500 59 4
7.750 59 4
8.000 54 11
8.750 64 9
9.000 62 7
9.188 60 5
9.250 59 4
9.750 59 4
9.875 62 7
10.000 60 5
10.062 59 4
10.250 57 2
11.125 59 4
11.250 59 4
11.375 59 4
11.500 59 4
11.750 59 4
11.875 66 11
13.125 67 0
13.250 66 11
13.375 64 9
13.500 62 7
13.750 60 5
14.000 62 7
14.188 60 5
14.250 59 4
14.438 57 2
14.500 59 4
14.562 57 2
14.625 55 0
15.125 67 0
15.250 66 11
15.375 64 9
15.500 62 7
15.750 59 4
15.812 57 2
16.000 55 0
16.750 64 9
17.000 62 7
17.188 60 5
17.250 59 4
17.750 59 4
17.875 62 7
18.000 60 5
18.188 59 4
18.250 57 2
19.125 59 4
19.250 59 4
19.375 59 4
19.500 59 4
19.750 59 4
20.000 54 11
20.750 64 9
21.000 62 7
21.188 60 5
21.250 59 4
21.750 59 4
21.875 62 7
22.000 60 5
22.188 59 4
22.250 57 2
23.125 59 4
23.250 59 4
23.375 59 4
23.500 59 4
23.750 59 4
23.875 66 11
25.125 67 0
25.250 66 11
25.375 64 9
25.500 62 7
25.750 60 5
26.000 62 7
26.188 60 5
26.250 59 4
26.438 57 2
26.500 59 4
26.562 57 2
26.625 55 0
27.125 67 0
27.250 66 11
27.375 64 9
27.500 62 7
27.750 57 2
28.000 55 0
29.250 57 9
29.500 60 0
29.750 64 4
30.000 62 2
30.250 60 0
30.500 59 11
30.750 57 9
31.000 55 7
31.125 55 7
31.750 55 7
31.875 55 7
32.000 57 9
33.250 57 9
33.500 60 0
33.750 64 4
34.000 62 2
34.250 60 0
34.500 59 11
34.750 57 9
35.000 55 7
35.625 60 0
35.750 60 0
35.875 62 2
36.625 60 5
36.750 60 5
36.875 62 7
37.625 60 5
37.750 60 5
37.875 62 7
39.750 64 9
40.000 62 7
40.188 60 5
40.250 59 4
40.750 59 4
40.875 62 7
41.000 60 5
41.062 59 4
41.188 57 2
42.125 59 4
42.250 59 4
42.375 59 4
42.500 59 4
42.750 59 4
43.000 54 11
43.750 64 9
44.000 62 7
44.188 60 5
44.250 59 4
44.750 59 4
44.875 62 7
45.000 60 5
45.062 59 4
45.188 57 2
46.125 59 4
46.250 59 4
46.375 59 4
46.500 59 4
46.750 59 4
46.875 66 11
48.125 67 0
48.250 66 11
48.375 64 9
48.500 62 7
48.750 60 5
49.000 62 7
49.188 60 5
49.250 59 4
49.438 57 2
49.500 59 4
49.562 57 2
49.625 55 0
50.125 67 0
50.250 66 11
50.375 64 9
50.500 62 7
50.750 57 2
51.000 55 0
52.250 57 9
52.500 60 0
52.750 64 4
53.000 62 2
53.250 60 0
53.500 59 11
53.750 57 9
54.000 55 7
54.125 55 7
54.750 55 7
54.875 55 7
55.000 57 9
56.250 57 9
56.500 60 0
56.750 64 4
57.000 62 2
57.250 60 0
57.500 59 11
57.750 57 9
58.000 55 7
58.625 60 0
58.750 60 0
58.875 62 2
59.625 60 5
59.750 60 5
59.875 62 7
60.625 60 5
60.750 60 5
60.875 62 7
62.750 64 9
63.000 62 7
63.188 60 5
63.250 59 4
63.750 59 4
63.875 62 7
64.000 60 5
64.062 59 4
64.250 57 2
65.125 59 4
65.250 59 4
65.375 59 4
65.500 59 4
65.750 59 4
66.000 54 11
66.750 64 9
67.000 62 7
67.188 60 5
67.250 59 4
67.750 59 4
67.875 62 7
68.000 60 5
68.062 59 4
68.250 57 2
69.125 59 4
69.250 59 4
69.375 59 4
69.500 59 4
69.750 59 4
69.875 66 11
71.125 67 0
71.250 66 11
71.375 64 9
71.500 62 7
71.750 60 5
72.000 62 7
72.188 60 5
72.250 59 4
72.438 57 2
72.500 59 4
72.562 57 2
72.625 55 0
73.125 67 0
73.250 66 11
73.375 64 9
73.500 62 7
73.750 60 5
74.000 59 4
75.125 67 0
75.250 66 11
75.375 64 9
75.500 62 7
75.750 59 4
75.812 57 2
76.000 55 0
