7.812 75 7
8.000 72 4
8.375 70 2
8.750 72 4
8.875 70 2
8.938 68 0
9.000 70 2
9.125 68 0
9.625 68 0
9.688 65 9
9.750 70 2
9.812 65 9
9.875 65 9
10.312 70 2
10.500 68 0
12.000 63 7
12.062 65 9
12.188 68 0
12.312 70 2
12.438 70 2
12.562 65 9
12.688 65 9
12.938 65 9
13.000 63 7
13.062 63 7
13.125 65 9
13.250 68 0
13.312 70 2
13.438 72 4
13.875 72 4
14.000 75 7
14.062 72 4
14.188 72 4
14.312 70 2
14.438 72 4
14.562 68 0
14.688 68 0
14.812 65 9
15.000 68 0
15.125 65 9
15.250 68 0
15.312 68 0
15.438 65 9
15.562 63 7
15.875 63 7
16.000 63 7
16.125 65 9
16.250 68 0
16.375 70 2
16.438 70 2
16.562 65 9
16.688 65 9
16.875 63 7
17.000 63 7
17.125 65 9
17.250 68 0
17.312 70 2
17.438 72 4
18.000 75 7
18.125 72 4
18.250 72 4
18.375 70 2
18.438 72 4
18.562 68 0
18.688 70 2
18.938 63 7
19.000 65 9
19.125 65 9
19.250 65 9
19.312 65 9
19.438 63 7
20.000 75 7
20.250 72 4
20.312 70 2
20.438 68 0
20.562 70 2
20.688 72 4
20.812 68 0
20.938 70 2
22.000 72 4
22.250 72 4
22.500 72 4
22.750 72 4
23.000 72 4
23.188 70 2
23.250 68 0
23.438 72 4
23.562 68 0
23.625 70 2
23.750 68 0
24.000 75 7
24.250 72 4
24.312 70 2
24.438 68 0
24.562 70 2
24.688 72 4
24.938 68 0
25.000 70 2
25.125 68 0
25.188 65 9
25.875 68 0
26.000 72 4
26.250 72 4
26.500 72 4
26.750 72 4
27.000 72 4
27.500 68 0
27.625 70 2
27.875 68 0
28.438 65 9
28.562 68 0
28.688 70 2
28.812 65 9
29.438 73 5
29.562 72 4
29.688 70 2
29.812 68 0
30.438 65 9
30.562 68 0
30.688 70 2
30.812 65 9
31.438 73 5
31.562 72 4
31.688 70 2
31.812 68 0
32.000 75 7
32.188 72 4
32.250 72 4
32.375 70 2
32.438 72 4
32.562 68 0
32.688 70 2
32.750 65 9
32.875 65 9
33.000 68 0
33.125 68 0
33.250 68 0
33.312 68 0
33.438 72 4
34.000 70 2
34.125 70 2
34.188 72 4
34.312 68 0
34.375 68 0
34.500 65 9
34.875 63 7
35.000 68 0
35.125 65 9
35.250 68 0
35.375 68 0
35.438 65 9
35.500 63 7
36.000 75 7
36.125 72 4
36.250 72 4
36.375 70 2
36.438 70 2
36.562 68 0
36.625 70 2
36.750 68 0
36.875 65 9
37.000 68 0
37.125 68 0
37.250 68 0
37.375 68 0
37.438 72 4
38.000 70 2
38.125 70 2
38.250 72 4
38.375 68 0
38.438 68 0
38.500 65 9
38.812 63 7
38.875 65 9
38.938 65 9
39.000 68 0
39.125 65 9
39.250 68 0
39.375 68 0
39.438 63 7
39.625 72 4
39.688 72 4
39.750 70 2
39.812 68 0
39.875 70 2
40.000 75 7
40.250 72 4
40.312 70 2
40.438 68 0
40.562 70 2
40.688 72 4
40.875 68 0
40.938 72 4
41.062 68 0
41.188 70 2
41.312 68 0
41.375 65 9
42.000 72 4
42.250 72 4
42.500 72 4
42.750 72 4
42.938 72 4
43.062 68 0
43.125 70 2
43.188 65 9
43.438 72 4
43.562 68 0
43.625 70 2
43.750 68 0
44.000 75 7
44.250 72 4
44.312 70 2
44.438 68 0
44.562 70 2
44.688 72 4
44.938 68 0
45.000 70 2
45.125 68 0
45.188 65 9
45.875 68 0
46.000 72 4
46.250 72 4
46.500 72 4
46.750 72 4
46.875 72 4
47.000 75 7
47.062 72 4
47.188 68 0
47.562 70 2
47.812 68 0
51.750 77 9
51.875 77 9
51.938 75 7
52.062 72 4
52.750 77 9
52.875 77 9
52.938 75 7
53.062 72 4
53.750 78 10
53.875 78 10
53.938 78 10
54.750 78 10
54.875 78 10
54.938 80 0
55.250 72 4
55.625 65 9
55.688 65 9
55.750 68 0
55.875 65 9
56.000 68 0
56.250 65 9
56.438 71 3
56.562 71 3
56.625 70 2
56.688 68 0
56.750 68 0
56.875 65 9
57.000 68 0
57.125 65 9
57.500 68 0
57.625 65 9
57.875 71 3
58.000 70 2
58.250 68 0
58.750 65 9
59.438 63 7
59.500 63 7
59.625 63 7
59.750 68 0
59.812 70 2
59.938 72 4
60.500 74 6
60.625 73 5
60.750 71 3
60.812 68 0
60.938 68 0
61.000 75 7
61.250 72 4
61.312 70 2
61.438 72 4
61.562 68 0
61.688 70 2
61.875 68 0
61.938 71 3
62.062 70 2
62.188 70 2
62.312 72 4
62.500 75 7
62.625 77 9
62.875 68 0
63.000 72 4
63.250 72 4
63.500 72 4
63.750 72 4
64.000 77 9
64.500 68 0
64.625 70 2
64.875 68 0
65.500 63 7
65.625 63 7
65.750 68 0
65.812 70 2
65.938 72 4
66.500 74 6
66.625 73 5
66.750 72 4
66.812 68 0
66.938 68 0
67.000 75 7
67.250 72 4
67.312 70 2
67.438 72 4
67.562 68 0
67.750 68 0
67.875 70 2
68.000 72 4
68.438 68 0
68.500 73 5
68.562 73 5
68.625 72 4
68.688 72 4
68.750 68 0
68.875 70 2
69.250 80 0
69.750 80 0
70.500 80 0
71.062 75 7
71.125 77 9
71.250 75 7
71.312 78 10
72.062 78 10
72.125 78 10
72.188 78 10
72.250 80 0
