3.889 54 2
4.000 54 2
4.222 56 4
4.889 52 0
5.000 54 2
5.222 56 4
5.889 52 0
6.000 54 2
6.222 56 4
6.889 52 0
7.000 47 7
7.889 52 0
8.000 54 2
8.222 56 4
8.889 52 0
9.000 54 2
9.222 56 4
9.889 52 0
10.000 47 7
11.667 57 5
11.889 57 5
12.667 57 5
13.000 57 5
13.111 54 2
13.222 52 0
13.667 57 5
13.889 57 5
14.111 59 7
14.667 56 4
14.778 52 0
15.000 47 7
15.667 56 4
15.889 59 7
16.000 59 7
16.667 56 4
17.000 56 4
17.111 54 2
17.667 56 4
17.778 54 2
18.000 52 0
19.667 52 0
20.000 54 2
20.222 56 4
20.889 52 0
21.000 54 2
21.222 56 4
21.778 54 2
21.889 52 0
22.000 54 2
22.222 56 4
22.667 56 4
22.778 54 2
22.889 52 0
23.000 47 7
23.667 52 0
24.000 54 2
24.222 56 4
24.889 52 0
25.000 54 2
25.222 56 4
25.889 52 0
26.000 47 7
27.667 57 5
28.000 57 5
28.667 57 5
29.000 57 5
29.111 54 2
29.222 52 0
29.667 57 5
29.889 57 5
30.111 59 7
30.667 56 4
30.778 52 0
31.000 47 7
31.667 56 4
31.889 57 5
32.000 59 7
32.667 56 4
33.000 56 4
33.111 54 2
33.667 56 4
33.778 54 2
34.000 52 0
51.556 47 7
51.667 52 0
51.889 54 2
52.111 56 4
52.889 52 0
53.000 54 2
53.222 56 4
53.778 54 2
53.889 52 0
54.000 54 2
54.222 56 4
54.889 52 0
55.000 47 7
55.667 52 0
56.000 54 2
56.222 56 4
56.889 52 0
57.000 54 2
57.222 56 4
57.889 52 0
58.000 47 7
59.667 57 5
60.000 57 5
60.667 57 5
61.000 57 5
61.111 54 2
61.222 52 0
61.667 57 5
61.889 57 5
62.111 59 7
62.778 52 0
63.000 47 7
63.667 56 4
63.889 59 7
64.000 59 7
64.556 68 4
64.667 56 4
65.000 56 4
65.111 54 2
65.667 56 4
66.000 52 0
83.667 54 2
83.889 54 2
84.000 56 4
84.889 52 0
85.000 54 2
85.222 56 4
85.889 52 0
86.000 54 2
86.222 56 4
86.889 52 0
87.000 47 7
87.889 52 0
88.000 54 2
88.222 56 4
88.889 52 0
89.000 54 2
89.222 56 4
89.889 52 0
90.000 47 7
91.667 57 5
91.889 57 5
92.667 57 5
93.000 57 5
93.111 54 2
93.222 52 0
93.667 57 5
93.889 57 5
94.000 59 7
94.667 56 4
94.778 54 2
94.889 52 0
95.000 47 7
95.667 56 4
95.889 59 7
96.000 59 7
96.667 56 4
97.000 54 2
97.667 56 4
97.778 54 2
98.000 52 0
