8.625 53 3
9.250 50 0
9.375 47 9
9.500 50 0
9.625 52 2
9.875 54 4
12.625 53 3
12.688 53 3
12.812 53 3
13.000 53 3
13.125 47 9
13.625 48 10
13.750 50 0
13.875 54 4
16.250 54 4
16.375 54 4
16.500 54 4
16.625 52 2
16.750 50 0
17.125 54 4
17.250 54 4
17.375 54 4
18.125 55 5
18.250 55 5
18.375 55 5
18.500 55 5
18.625 55 5
18.750 55 5
19.000 53 3
19.125 53 3
19.250 53 3
19.375 50 0
19.625 52 2
20.625 53 3
21.250 50 0
21.375 47 9
21.500 50 0
21.625 50 0
21.875 50 0
26.125 53 3
26.250 53 3
26.375 53 3
27.250 52 2
27.375 50 0
27.500 52 2
27.625 50 0
27.750 52 2
27.875 54 4
30.125 53 3
30.250 53 3
30.375 53 3
31.125 47 9
31.250 53 3
31.375 53 3
31.438 52 2
31.625 52 2
31.750 50 0
31.812 47 9
31.875 54 4
34.125 54 4
34.250 54 4
34.312 54 4
34.375 54 4
34.500 54 4
34.875 49 11
35.000 54 4
35.062 54 4
35.188 54 4
35.312 54 4
35.438 54 4
36.125 55 5
36.250 55 5
36.375 55 5
36.625 55 5
36.750 55 5
36.875 55 5
37.000 52 2
37.062 52 2
37.125 53 3
37.250 53 3
37.375 53 3
37.500 50 0
37.625 52 2
38.625 53 3
39.250 50 0
39.375 47 9
39.500 50 0
39.625 50 0
39.875 50 0
44.125 53 3
44.250 53 3
44.375 53 3
45.125 50 0
45.250 53 3
45.500 53 3
45.625 53 3
45.875 53 3
48.125 54 4
48.250 52 2
48.500 54 4
49.250 52 2
49.375 50 0
49.500 52 2
49.750 52 2
49.875 53 3
52.125 54 4
52.250 54 4
52.375 54 4
52.500 54 4
52.625 54 4
53.000 54 4
53.125 54 4
53.250 54 4
53.375 54 4
54.125 55 5
54.250 55 5
54.375 55 5
54.500 55 5
54.625 55 5
54.750 55 5
54.875 53 3
55.000 52 2
55.125 52 2
55.250 53 3
55.375 53 3
55.500 50 0
55.625 52 2
56.625 53 3
57.250 50 0
57.375 47 9
57.500 50 0
57.625 50 0
57.875 50 0
80.125 53 3
80.250 53 3
80.500 53 3
80.750 53 3
81.125 50 0
81.250 53 3
81.500 53 3
81.625 50 0
81.875 54 4
84.125 50 0
84.188 50 0
84.250 53 3
84.375 53 3
84.438 53 3
84.562 53 3
84.625 53 3
84.750 53 3
85.375 50 0
85.500 53 3
85.625 50 0
85.750 50 0
85.875 54 4
88.125 54 4
88.250 54 4
88.375 54 4
88.500 53 3
89.000 54 4
89.125 54 4
89.250 54 4
89.375 54 4
89.875 54 4
90.000 55 5
90.125 55 5
90.250 55 5
90.375 55 5
90.500 55 5
90.625 55 5
90.750 55 5
90.875 52 2
91.000 52 2
91.125 52 2
91.250 52 2
91.438 50 0
91.500 50 0
91.625 52 2
92.625 53 3
93.250 50 0
93.375 47 9
93.500 50 0
93.625 50 0
93.875 50 0
100.250 53 3
100.312 53 3
100.375 53 3
100.438 53 3
100.500 53 3
100.625 53 3
100.875 53 3
101.125 53 3
101.250 53 3
101.375 53 3
101.500 53 3
101.750 50 0
102.000 53 3
104.125 50 0
104.250 53 3
104.375 53 3
104.500 53 3
105.125 50 0
105.188 53 3
105.312 53 3
105.375 53 3
105.500 53 3
105.625 52 2
105.750 50 0
105.875 54 4
108.125 54 4
108.250 54 4
108.375 54 4
108.500 54 4
108.875 54 4
109.000 54 4
109.125 54 4
109.188 54 4
109.312 54 4
109.500 54 4
110.125 55 5
110.250 55 5
110.375 55 5
110.500 55 5
110.625 55 5
110.750 55 5
110.875 52 2
111.000 52 2
111.125 52 2
111.250 53 3
111.375 53 3
111.500 50 0
111.625 52 2
112.625 53 3
113.250 50 0
113.375 47 9
113.625 50 0
113.750 50 0
114.000 50 0
115.375 53 3
115.500 53 3
115.625 53 3
