4.188 55 7
4.250 55 7
4.375 55 7
4.500 55 7
4.750 59 11
4.875 59 11
4.938 57 9
6.250 55 7
6.375 55 7
6.500 55 7
6.625 59 11
6.750 59 11
6.875 59 11
6.938 57 9
8.250 55 7
8.375 55 7
8.750 59 11
8.875 59 11
8.938 57 9
10.438 55 7
10.500 55 7
10.562 55 7
10.750 59 11
10.875 59 11
11.000 57 9
12.188 57 9
12.250 60 0
12.312 57 9
12.438 60 0
12.750 64 4
12.875 64 4
13.000 62 2
13.125 57 9
14.000 59 11
14.125 59 11
14.500 59 11
14.750 60 0
14.875 62 2
15.500 64 4
15.625 67 7
15.875 64 4
15.938 62 2
16.000 60 0
16.375 55 7
16.438 55 7
16.500 55 7
16.562 55 7
16.625 55 7
16.750 59 11
16.875 59 11
17.000 57 9
18.188 52 4
18.250 55 7
18.312 55 7
18.375 55 7
18.750 59 11
18.875 59 11
18.938 57 9
20.250 55 7
20.312 55 7
20.375 55 7
20.438 55 7
20.750 59 11
20.875 59 11
20.938 57 9
21.125 57 9
22.250 55 7
22.312 55 7
22.438 55 7
22.500 55 7
22.625 59 11
22.875 59 11
22.938 57 9
24.125 57 9
24.250 60 0
24.375 57 9
24.500 60 0
24.750 64 4
24.875 64 4
25.000 62 2
25.062 60 0
25.125 57 9
26.000 59 11
26.125 59 11
26.500 59 11
26.750 60 0
26.875 62 2
27.500 64 4
27.625 67 7
27.875 64 4
27.938 62 2
28.000 60 0
28.312 57 9
28.438 60 0
28.500 59 11
28.625 60 0
28.688 59 11
28.750 57 9
28.875 57 9
28.938 59 11
29.000 60 0
29.125 60 0
30.312 57 9
30.375 60 0
30.500 59 11
30.625 59 11
30.688 57 9
30.812 57 9
30.875 52 4
32.188 57 9
32.250 57 9
32.375 60 0
32.500 59 11
32.625 60 0
32.688 59 11
32.750 57 9
32.875 57 9
32.938 59 11
33.000 60 0
33.125 60 0
33.188 57 9
33.250 55 7
34.375 60 0
34.438 60 0
34.500 62 2
34.625 64 4
34.688 62 2
34.750 60 0
34.875 62 2
35.000 62 2
35.062 60 0
35.125 60 0
36.188 55 7
36.250 55 7
36.375 55 7
36.438 55 7
36.750 59 11
36.875 59 11
36.938 57 9
38.250 55 7
38.375 55 7
38.438 55 7
38.500 55 7
38.625 59 11
38.750 59 11
38.875 59 11
38.938 57 9
40.125 55 7
40.250 55 7
40.375 55 7
40.438 55 7
40.750 59 11
40.875 59 11
41.000 57 9
42.188 55 7
42.250 55 7
42.312 55 7
42.375 55 7
42.750 59 11
42.875 59 11
42.938 57 9
44.125 57 9
44.188 60 0
44.312 57 9
44.438 60 0
44.750 64 4
44.875 64 4
45.000 62 2
45.062 60 0
45.125 57 9
46.000 59 11
46.125 59 11
46.500 59 11
46.750 60 0
46.875 62 2
47.500 64 4
47.625 67 7
47.875 64 4
47.938 62 2
48.000 60 0
48.312 57 9
48.375 60 0
48.500 59 11
48.625 60 0
48.688 59 11
48.750 57 9
48.875 57 9
48.938 59 11
49.000 60 0
49.125 60 0
50.312 57 9
50.375 60 0
50.500 59 11
50.625 59 11
50.688 57 9
50.812 57 9
50.875 52 4
52.188 57 9
52.250 57 9
52.375 60 0
52.500 59 11
52.625 60 0
52.688 59 11
52.750 57 9
52.875 57 9
52.938 59 11
53.000 60 0
53.125 60 0
53.188 57 9
53.250 55 7
54.375 60 0
54.438 60 0
54.500 62 2
54.625 64 4
54.688 62 2
54.750 60 0
54.875 62 2
55.000 64 4
55.062 60 0
55.125 60 0
