5.500 68 5
5.556 68 5
5.611 68 5
5.667 70 7
5.778 68 5
5.833 66 3
5.944 68 5
7.889 68 5
7.944 68 5
8.000 68 5
8.056 70 7
8.167 68 5
8.222 66 3
8.333 68 5
10.667 63 0
10.722 61 10
10.778 63 0
10.833 61 10
10.944 63 0
11.056 66 3
11.167 63 0
12.000 70 7
12.167 68 5
12.278 66 3
13.222 58 7
13.278 63 0
13.667 58 7
13.778 63 0
13.833 63 0
13.889 61 10
14.000 63 0
14.083 66 3
14.167 65 2
14.250 63 0
17.167 63 0
17.250 70 7
18.333 70 7
18.500 68 5
18.611 66 3
18.667 68 5
20.083 58 7
20.167 63 0
20.250 61 10
20.333 63 0
20.417 61 10
20.583 66 3
20.667 63 0
22.333 70 7
22.500 68 5
22.583 66 3
22.667 69 6
22.833 68 5
22.917 66 3
23.000 68 5
24.583 58 7
24.667 63 0
24.750 63 0
24.792 61 10
24.875 63 0
25.000 61 10
25.042 63 0
25.167 61 10
25.250 58 7
25.333 56 5
25.417 51 0
26.667 70 7
26.833 70 7
26.917 68 5
26.944 68 5
27.000 70 7
27.111 68 5
27.167 68 5
28.222 56 5
28.333 63 0
28.444 61 10
28.500 63 0
28.667 61 10
28.722 63 0
28.778 66 3
28.944 63 0
30.722 70 7
30.889 70 7
31.000 68 5
31.056 70 7
31.167 68 5
31.250 66 3
31.333 68 5
31.500 63 0
32.667 58 7
32.833 63 0
32.889 63 0
32.944 63 0
33.056 61 10
33.111 63 0
33.750 63 0
33.833 65 2
33.875 63 0
33.958 69 6
34.167 63 0
34.583 70 7
34.833 63 0
35.167 69 6
35.278 68 5
35.333 66 3
35.444 68 5
36.167 70 7
36.208 70 7
36.250 75 0
36.333 75 0
36.417 75 0
36.583 70 7
37.000 78 3
37.111 75 0
37.722 58 7
37.778 58 7
37.833 63 0
37.889 63 0
37.944 63 0
38.111 66 3
38.222 66 3
38.333 63 0
42.500 70 7
42.667 68 5
42.778 66 3
42.833 68 5
42.944 66 3
43.000 68 5
43.111 68 5
43.167 66 3
43.250 68 5
43.333 66 3
43.417 68 5
44.667 58 7
44.708 58 7
44.750 63 0
44.889 61 10
45.000 56 5
45.111 54 3
45.167 56 5
46.667 70 7
46.833 68 5
46.944 66 3
47.000 68 5
47.111 70 7
48.667 58 7
48.778 63 0
48.889 63 0
49.000 66 3
49.111 66 3
49.167 65 2
49.222 63 0
50.667 61 10
50.722 68 5
50.833 66 3
50.889 68 5
51.083 68 5
51.167 68 5
51.250 66 3
51.333 68 5
51.833 70 7
51.917 68 5
52.000 68 5
52.167 63 0
52.278 66 3
52.306 65 2
52.333 66 3
52.361 65 2
52.389 66 3
52.417 65 2
52.444 68 5
53.500 58 7
53.611 63 0
53.667 63 0
53.778 61 10
53.833 63 0
53.944 63 0
54.111 66 3
54.167 63 0
55.167 58 7
55.250 63 0
55.667 58 7
55.778 66 3
55.833 63 0
55.889 63 0
57.778 66 3
57.833 68 5
57.889 66 3
57.944 70 7
58.056 68 5
58.111 66 3
58.278 68 5
59.500 66 3
59.556 66 3
59.611 75 0
59.722 78 3
59.833 75 0
59.944 70 7
60.278 75 0
60.389 75 0
60.667 68 5
60.778 69 6
60.889 68 5
60.944 66 3
61.000 68 5
61.278 58 7
61.333 63 0
61.722 58 7
61.833 63 0
61.889 63 0
61.944 61 10
62.000 63 0
62.111 66 3
62.167 65 2
62.278 63 0
65.111 66 3
65.222 73 10
66.500 66 3
66.611 66 3
66.667 68 5
66.778 66 3
66.833 68 5
68.611 70 7
68.722 75 0
70.667 63 0
70.778 66 3
70.833 63 0
70.889 63 0
72.667 70 7
72.778 75 0
73.389 68 5
73.611 66 3
73.667 68 5
73.833 63 0
73.889 63 0
