12.625 58 0
12.750 58 0
12.875 61 3
13.625 58 0
13.750 58 0
13.875 61 3
14.125 61 3
14.375 61 3
14.500 61 3
14.625 58 0
16.625 58 0
16.750 58 0
16.875 61 3
17.625 58 0
17.750 58 0
17.875 61 3
18.125 58 0
18.250 58 0
18.375 61 3
18.625 63 5
18.875 61 3
20.625 58 0
20.750 58 0
20.875 65 7
22.000 63 5
23.000 58 0
23.375 58 0
23.500 58 0
23.625 58 0
23.750 58 0
23.875 62 4
24.625 58 0
24.750 58 0
24.875 65 7
26.000 63 5
26.875 56 10
27.000 58 0
27.125 58 0
27.250 58 0
27.500 58 0
27.750 58 0
27.875 58 0
28.000 62 4
28.125 62 4
28.375 62 4
34.625 58 0
34.750 58 0
34.875 62 4
35.625 58 0
35.750 58 0
35.875 61 3
36.125 61 3
36.375 61 3
36.625 61 3
36.875 58 0
38.625 58 0
38.750 58 0
38.875 62 4
39.625 58 0
39.750 58 0
39.875 62 4
40.125 63 5
40.375 63 5
40.500 63 5
40.625 63 5
40.875 62 4
42.625 58 0
42.750 58 0
42.875 65 7
44.000 63 5
45.000 58 0
45.375 58 0
45.500 58 0
45.625 58 0
45.750 58 0
45.875 62 4
46.625 58 0
46.750 58 0
46.875 65 7
48.000 63 5
48.875 56 10
49.000 58 0
49.125 58 0
49.250 58 0
49.500 58 0
49.750 58 0
49.875 58 0
50.000 62 4
50.125 62 4
50.375 62 4
67.625 58 0
67.750 58 0
67.875 62 4
68.625 58 0
68.750 58 0
68.875 61 3
69.125 63 5
69.250 61 3
69.375 63 5
69.625 63 5
69.875 62 4
71.625 58 0
71.750 58 0
71.875 62 4
72.625 58 0
72.750 58 0
72.875 62 4
73.125 63 5
73.250 61 3
73.375 63 5
73.625 63 5
73.875 62 4
74.875 67 9
75.375 63 5
75.625 63 5
75.875 65 7
76.625 58 0
76.750 58 0
76.875 61 3
77.125 63 5
77.250 61 3
77.375 63 5
77.625 63 5
77.875 65 7
78.875 68 10
79.125 63 5
79.375 63 5
79.625 63 5
79.750 61 3
79.875 65 7
80.625 58 0
80.750 58 0
80.875 61 3
81.125 63 5
81.500 63 5
81.625 63 5
81.750 62 4
81.875 65 7
82.500 58 0
82.875 68 10
83.125 63 5
83.375 63 5
83.625 63 5
83.750 61 3
83.875 65 7
85.000 63 5
86.000 58 0
86.375 58 0
86.500 58 0
86.625 58 0
86.750 58 0
86.875 62 4
87.625 58 0
87.750 58 0
87.875 65 7
89.000 63 5
89.875 56 10
90.000 58 0
90.125 58 0
90.250 58 0
90.500 58 0
90.750 58 0
90.875 58 0
91.000 62 4
91.125 62 4
91.375 62 4
94.000 62 4
94.125 62 4
94.250 62 4
94.500 62 4
95.000 61 3
95.125 61 3
95.375 61 3
96.000 62 4
96.125 62 4
96.250 62 4
96.500 62 4
97.000 61 3
97.125 61 3
97.375 61 3
98.000 62 4
98.125 62 4
98.250 62 4
98.500 62 4
99.000 61 3
99.125 61 3
99.375 61 3
100.000 62 4
100.125 62 4
100.250 62 4
100.500 62 4
101.000 61 3
101.125 61 3
101.375 61 3
102.000 62 4
102.125 62 4
102.250 62 4
102.500 62 4
103.000 61 3
103.125 61 3
103.375 61 3
104.000 62 4
104.125 62 4
104.250 62 4
104.500 62 4
105.000 61 3
105.125 61 3
105.375 61 3
