12.250 68 4
12.312 68 4
12.375 68 4
12.438 68 4
12.625 68 4
12.750 66 2
12.875 64 0
13.000 66 2
13.188 68 4
14.188 61 9
14.250 68 4
14.312 68 4
14.375 68 4
14.438 66 2
14.625 64 0
14.750 64 0
14.875 66 2
15.125 64 0
16.250 64 0
16.312 64 0
16.375 64 0
16.438 66 2
16.562 66 2
17.000 68 4
17.125 68 4
17.188 67 3
17.312 66 2
17.438 64 0
17.500 66 2
17.625 61 9
18.188 64 0
18.250 64 0
18.312 64 0
18.375 64 0
18.438 66 2
18.562 66 2
18.688 66 2
18.875 66 2
19.125 64 0
19.500 69 7
20.000 67 5
20.125 65 3
20.938 65 3
21.000 67 5
21.125 65 3
21.188 67 5
21.312 67 5
21.438 69 7
21.750 69 7
22.000 67 5
22.125 65 3
22.938 65 3
23.000 67 5
23.062 65 3
23.188 69 7
23.250 67 5
23.312 67 5
23.438 65 3
23.562 62 0
23.750 69 7
24.000 65 3
24.062 64 2
24.125 62 0
25.000 67 5
25.125 65 3
25.250 67 5
25.375 65 3
25.500 68 6
25.625 67 5
25.750 65 3
25.875 67 5
26.000 65 3
26.250 74 0
28.250 67 3
28.375 67 3
28.438 68 4
28.562 67 3
28.688 67 3
28.750 66 2
28.875 64 0
28.938 66 2
29.188 68 4
30.188 64 0
30.250 67 3
30.312 67 3
30.438 67 3
30.500 66 2
30.625 64 0
30.688 64 0
30.812 64 0
30.875 66 2
31.000 64 0
32.250 68 4
32.312 66 2
32.438 64 0
32.500 66 2
32.938 64 0
33.000 67 3
33.062 67 3
33.188 67 3
33.250 66 2
33.375 64 0
33.438 64 0
33.500 66 2
33.625 61 9
34.188 64 0
34.250 64 0
34.375 64 0
34.438 66 2
34.562 66 2
34.688 67 3
34.875 66 2
35.000 64 0
35.062 66 2
35.500 69 7
36.000 67 5
36.125 65 3
37.000 67 5
37.125 65 3
37.188 67 5
37.312 67 5
37.438 69 7
37.750 69 7
38.000 67 5
38.125 65 3
38.938 65 3
39.000 67 5
39.062 65 3
39.188 67 5
39.312 67 5
39.438 65 3
39.500 62 0
39.750 69 7
40.000 67 5
40.125 65 3
41.000 67 5
41.125 65 3
41.250 67 5
41.375 65 3
41.500 68 6
41.625 67 5
41.750 65 3
41.875 67 5
42.000 65 3
42.250 74 0
44.250 68 4
44.375 68 4
44.438 67 3
44.562 66 2
44.688 64 0
44.750 67 3
44.812 66 2
44.875 64 0
44.938 66 2
45.188 68 4
46.250 67 3
46.312 66 2
46.438 67 3
46.500 66 2
46.625 64 0
46.688 64 0
46.875 66 2
47.000 64 0
48.250 68 4
48.375 66 2
48.562 64 0
48.625 66 2
48.875 64 0
49.000 68 4
49.062 68 4
49.125 68 4
49.188 68 4
49.250 66 2
49.375 64 0
49.500 66 2
49.625 61 9
50.188 61 9
50.250 64 0
50.375 64 0
50.438 66 2
50.562 66 2
50.688 67 3
50.750 66 2
50.875 64 0
51.125 64 0
51.500 69 7
52.000 65 3
52.062 64 2
52.125 62 0
52.938 65 3
53.000 67 5
53.125 65 3
53.188 67 5
53.312 67 5
53.438 69 7
53.750 69 7
54.000 67 5
54.125 65 3
55.000 69 7
55.062 69 7
55.188 69 7
55.312 69 7
55.438 65 3
55.562 62 0
55.750 69 7
56.000 67 5
56.125 65 3
57.000 67 5
57.125 65 3
57.250 67 5
57.375 65 3
57.438 69 7
57.500 68 6
57.625 67 5
57.750 65 3
57.812 67 5
58.000 65 3
58.250 74 0
59.750 69 7
60.000 65 3
60.062 64 2
60.125 62 0
61.000 67 5
61.125 65 3
61.188 67 5
61.312 67 5
61.438 69 7
61.750 69 7
62.000 67 5
62.125 65 3
63.000 67 5
63.062 67 5
63.188 68 6
63.250 67 5
63.312 67 5
63.438 65 3
63.562 62 0
63.750 69 7
64.000 65 3
64.062 64 2
64.125 62 0
65.000 67 5
65.125 65 3
65.250 67 5
65.375 65 3
65.500 68 6
65.625 67 5
65.750 65 3
65.875 67 5
66.125 69 7
66.375 62 0
