3.875 55 7
3.938 55 7
4.000 55 7
4.125 55 7
4.188 57 9
4.312 52 4
4.438 55 7
4.625 55 7
4.750 60 0
4.812 62 2
5.000 62 2
5.062 64 4
5.125 64 4
5.375 62 2
5.438 62 2
5.562 60 0
5.625 60 0
6.000 64 4
6.062 64 4
6.250 65 5
6.375 64 4
6.438 64 4
6.562 62 2
6.812 64 4
6.875 62 2
6.938 62 2
7.062 60 0
7.938 55 7
8.000 55 7
8.062 55 7
8.250 57 9
8.375 60 0
8.438 55 7
8.562 55 7
8.750 60 0
8.812 62 2
8.938 62 2
9.062 64 4
9.250 64 4
9.438 62 2
9.500 62 2
9.562 60 0
9.625 60 0
10.000 64 4
10.062 64 4
10.250 65 5
10.375 64 4
10.438 64 4
10.562 62 2
10.812 64 4
10.875 62 2
10.938 62 2
11.062 60 0
11.750 64 4
11.812 62 2
11.938 60 0
12.250 64 4
12.312 67 7
12.375 69 9
12.750 67 7
12.812 67 7
12.875 64 4
12.906 62 2
12.938 60 0
13.250 57 9
13.312 55 7
13.438 64 4
14.062 64 4
14.125 64 4
14.250 65 5
14.375 64 4
14.438 64 4
14.562 62 2
14.812 64 4
14.875 62 2
14.938 62 2
15.062 60 0
15.938 52 4
16.000 55 7
16.125 55 7
16.188 57 9
16.312 60 0
16.438 55 7
16.562 55 7
16.688 60 0
16.750 62 2
17.000 62 2
17.062 64 4
17.125 64 4
17.312 62 2
17.375 62 2
17.562 60 0
17.625 60 0
18.000 64 4
18.188 64 4
18.312 65 5
18.375 64 4
18.438 64 4
18.562 62 2
18.812 64 4
18.875 62 2
18.938 62 2
19.062 60 0
19.938 53 5
20.000 55 7
20.125 55 7
20.188 57 9
20.312 60 0
20.375 55 7
20.500 55 7
20.812 60 0
20.875 62 2
21.000 62 2
21.062 64 4
21.125 64 4
21.375 60 0
21.438 69 9
21.562 64 4
21.688 62 2
21.750 60 0
22.000 64 4
22.188 64 4
22.250 65 5
22.312 64 4
22.375 64 4
22.500 62 2
22.812 64 4
22.875 62 2
22.938 62 2
23.062 60 0
23.750 64 4
23.812 62 2
23.938 60 0
24.250 64 4
24.312 67 7
24.375 69 9
24.750 67 7
24.812 67 7
24.875 64 4
24.906 62 2
24.938 60 0
25.250 57 9
25.312 55 7
25.438 64 4
25.938 55 7
26.000 64 4
26.125 64 4
26.250 67 7
26.312 69 9
26.375 64 4
26.562 62 2
26.812 64 4
26.875 62 2
26.938 62 2
27.062 60 0
27.812 64 4
27.875 62 2
27.938 60 0
28.250 64 4
28.312 67 7
28.375 69 9
28.750 67 7
28.812 67 7
28.875 64 4
28.906 62 2
28.938 60 0
29.250 57 9
29.312 55 7
29.438 64 4
30.000 64 4
30.125 64 4
30.188 65 5
30.375 64 4
30.438 64 4
30.562 62 2
30.812 64 4
30.875 62 2
30.938 62 2
31.062 60 0
43.750 64 4
43.812 62 2
43.938 60 0
44.250 64 4
44.312 67 7
44.375 69 9
44.750 67 7
44.812 67 7
44.875 64 4
44.906 62 2
44.938 60 0
45.125 62 2
45.250 57 9
45.312 55 7
45.438 64 4
46.000 64 4
46.125 64 4
46.188 65 5
46.375 64 4
46.500 64 4
46.562 62 2
46.812 64 4
46.875 62 2
46.938 62 2
47.062 60 0
47.250 72 0
47.938 55 7
48.000 55 7
48.125 55 7
48.188 57 9
48.312 52 4
48.438 55 7
48.562 55 7
48.750 60 0
48.812 62 2
49.000 62 2
49.062 64 4
49.125 64 4
49.375 62 2
49.438 62 2
49.562 60 0
49.688 60 0
49.750 62 2
50.000 64 4
50.188 64 4
50.250 65 5
50.312 67 7
50.375 64 4
50.500 62 2
50.812 64 4
50.875 62 2
50.938 62 2
51.062 60 0
51.938 52 4
52.000 55 7
52.062 55 7
52.250 57 9
52.375 52 4
52.438 55 7
52.625 55 7
52.688 60 0
52.812 62 2
53.000 62 2
53.062 64 4
53.125 64 4
53.312 67 7
53.438 64 4
53.562 62 2
53.625 60 0
53.688 62 2
54.000 64 4
54.062 64 4
54.250 65 5
54.438 64 4
54.500 64 4
54.562 62 2
54.812 64 4
54.875 62 2
54.938 62 2
55.062 60 0
55.375 72 0
55.625 60 0
55.750 64 4
55.812 62 2
55.938 60 0
56.250 64 4
56.312 67 7
56.375 69 9
56.438 64 4
56.750 67 7
56.812 67 7
56.875 64 4
56.906 62 2
56.938 60 0
57.125 62 2
57.250 57 9
57.312 55 7
57.438 64 4
58.000 64 4
58.188 64 4
58.250 65 5
58.312 64 4
58.375 64 4
58.500 62 2
58.812 64 4
58.875 62 2
58.938 62 2
59.062 60 0
59.375 72 0
59.750 64 4
59.812 62 2
59.938 60 0
60.250 64 4
60.312 67 7
60.375 69 9
60.438 64 4
60.750 67 7
60.812 67 7
60.875 64 4
60.906 62 2
60.938 60 0
61.125 62 2
61.250 57 9
61.312 55 7
61.375 64 4
62.000 64 4
62.188 64 4
62.312 65 5
62.375 64 4
62.438 64 4
62.500 62 2
62.812 64 4
62.875 62 2
62.938 62 2
63.062 60 0
63.375 72 0
63.750 64 4
63.812 62 2
63.938 60 0
64.250 64 4
64.312 67 7
64.375 69 9
64.750 67 7
64.812 67 7
64.875 64 4
64.906 62 2
64.938 60 0
65.125 62 2
65.250 57 9
65.312 55 7
65.438 64 4
66.000 64 4
66.125 64 4
66.188 65 5
66.375 67 7
66.438 64 4
66.625 62 2
66.812 64 4
66.875 62 2
66.938 62 2
67.062 60 0
67.188 72 0
