4.000 57 4
4.094 55 2
4.125 57 4
4.219 55 2
4.250 57 4
5.375 48 7
5.500 57 4
5.625 58 5
5.750 60 7
6.000 64 11
6.250 60 7
6.375 60 7
7.375 53 0
7.500 57 4
7.625 58 5
7.750 60 7
8.000 60 7
8.062 62 9
8.250 58 5
8.375 58 5
9.375 53 0
9.438 53 0
9.500 58 5
9.688 58 5
9.812 58 5
10.000 61 8
10.375 60 7
10.500 58 5
10.875 58 5
11.000 53 0
12.000 67 2
12.625 64 11
12.812 62 9
13.000 60 7
13.500 57 4
13.625 55 2
13.750 53 0
14.000 64 11
14.375 62 9
14.438 60 7
14.500 64 11
15.875 62 9
16.000 67 2
16.500 69 4
16.562 67 2
16.625 65 0
16.875 60 7
17.000 58 5
17.125 57 4
17.312 57 4
17.500 57 4
17.750 67 2
18.000 64 11
18.375 62 9
18.438 60 7
18.500 64 11
19.625 50 9
19.750 53 0
20.000 57 4
20.094 55 2
20.125 57 4
20.219 55 2
20.250 57 4
20.750 53 0
21.500 57 4
21.625 58 5
21.750 60 7
21.875 60 7
22.000 64 11
22.250 60 7
23.125 60 7
23.250 57 4
23.500 57 4
23.625 58 5
23.750 60 7
23.875 60 7
24.000 60 7
24.062 62 9
24.250 58 5
25.375 53 0
25.438 53 0
25.625 58 5
25.688 58 5
26.125 72 7
26.312 68 3
26.500 65 0
26.688 61 8
26.875 60 7
27.000 58 5
28.000 67 2
28.125 67 2
28.625 64 11
28.812 62 9
29.000 60 7
29.188 58 5
29.312 57 4
29.500 57 4
29.625 55 2
29.750 53 0
30.000 64 11
30.625 65 0
30.750 64 11
30.875 65 0
31.000 64 11
32.125 67 2
32.625 64 11
32.812 62 9
33.000 60 7
33.500 57 4
33.750 67 2
34.000 64 11
34.375 62 9
34.438 60 7
34.500 64 11
35.375 65 0
35.625 62 9
35.812 65 0
36.000 69 4
36.219 67 2
36.250 69 4
36.344 67 2
36.375 69 4
36.469 67 2
36.500 69 4
36.594 67 2
36.625 69 4
37.625 62 9
37.875 65 0
38.000 62 9
38.125 67 2
38.344 62 9
38.375 64 11
38.469 62 9
38.500 64 11
38.594 62 9
38.625 64 11
38.750 62 9
38.781 60 7
39.188 62 9
39.625 60 7
39.688 62 9
39.812 65 0
39.938 62 9
40.000 65 0
40.250 65 0
40.344 60 7
40.375 62 9
40.469 60 7
40.500 62 9
40.875 65 0
41.125 65 0
41.219 60 7
41.250 62 9
41.344 60 7
41.375 62 9
41.750 60 7
41.875 62 9
42.000 65 0
42.250 62 9
42.375 65 0
42.625 60 7
42.750 62 9
42.875 65 0
43.125 60 7
43.250 62 9
43.375 65 0
43.594 60 7
43.625 62 9
43.719 60 7
43.750 62 9
46.125 72 7
46.312 68 3
46.625 65 0
46.812 72 7
46.875 70 5
46.938 68 3
47.000 69 4
47.125 65 0
47.625 60 7
47.688 58 5
47.750 56 3
49.500 60 7
49.625 62 9
49.750 65 0
49.875 62 9
50.000 65 0
50.250 62 9
50.375 65 0
50.625 60 7
50.750 62 9
50.875 65 0
51.125 60 7
51.250 62 9
51.375 65 0
51.594 60 7
51.625 62 9
51.719 60 7
51.750 62 9
52.000 57 4
52.094 55 2
52.125 57 4
52.219 55 2
52.250 57 4
52.625 53 0
52.750 53 0
52.875 53 0
53.500 57 4
53.625 58 5
53.750 60 7
54.000 64 11
54.250 60 7
55.125 60 7
55.250 57 4
55.500 57 4
55.625 58 5
55.750 60 7
55.875 60 7
56.000 62 9
56.250 58 5
57.500 58 5
57.625 58 5
57.812 58 5
58.188 72 7
58.375 70 5
58.438 72 7
58.562 70 5
58.688 72 7
58.719 70 5
58.750 68 3
58.875 65 0
60.000 67 2
60.625 64 11
60.812 62 9
61.000 60 7
61.500 57 4
61.625 55 2
61.750 53 0
62.000 64 11
62.375 62 9
62.438 60 7
62.500 64 11
64.188 67 2
64.312 67 2
64.625 64 11
64.812 62 9
65.000 60 7
65.250 58 5
65.500 58 5
65.625 57 4
65.750 57 4
66.000 64 11
66.375 62 9
66.438 60 7
66.500 64 11
67.125 62 9
67.250 65 0
67.375 62 9
67.500 65 0
67.625 60 7
67.750 62 9
68.000 69 4
68.219 67 2
68.250 69 4
68.344 67 2
68.375 69 4
68.469 67 2
68.500 69 4
68.594 67 2
68.625 69 4
69.375 62 9
69.438 60 7
69.500 62 9
69.625 65 0
69.750 65 0
69.875 62 9
70.000 67 2
70.250 64 11
70.344 62 9
70.375 64 11
70.469 62 9
70.500 64 11
71.500 60 7
71.625 62 9
71.750 65 0
71.875 62 9
72.000 65 0
72.250 65 0
72.344 60 7
72.375 62 9
72.469 60 7
72.500 62 9
72.875 65 0
73.125 65 0
73.219 60 7
73.250 62 9
73.344 60 7
73.375 62 9
73.750 62 9
73.875 60 7
74.000 65 0
74.250 62 9
74.375 65 0
74.625 60 7
74.750 62 9
74.875 65 0
75.125 60 7
75.250 62 9
75.375 65 0
75.625 65 0
75.750 62 9
