4.125 64 10
4.250 66 0
4.312 64 10
4.438 66 0
4.875 64 10
5.000 66 0
5.125 64 10
5.250 66 0
5.375 64 10
5.500 68 2
5.750 66 0
6.125 64 10
6.250 66 0
6.375 64 10
6.438 66 0
6.875 66 0
7.000 70 4
7.125 73 7
7.250 70 4
7.375 68 2
7.500 66 0
7.750 68 2
8.125 64 10
8.250 66 0
8.312 64 10
8.438 66 0
8.875 64 10
9.000 66 0
9.125 64 10
9.250 66 0
9.375 64 10
9.500 68 2
9.750 66 0
10.125 64 10
10.250 66 0
10.312 64 10
10.438 66 0
10.875 66 0
10.938 66 0
11.000 70 4
11.125 68 2
11.188 68 2
11.312 66 0
11.438 68 2
11.562 63 9
11.750 63 9
11.812 66 0
12.000 68 2
12.250 66 0
12.375 66 0
12.875 70 4
13.125 70 4
13.375 68 2
13.438 66 0
13.500 63 9
13.750 63 9
13.812 61 7
13.938 63 9
14.125 66 0
14.375 63 9
14.438 61 7
14.500 58 4
14.625 56 2
14.688 54 0
14.875 54 0
16.125 64 10
16.250 66 0
16.375 64 10
16.438 66 0
16.875 64 10
17.000 66 0
17.125 64 10
17.250 66 0
17.375 64 10
17.500 68 2
17.750 66 0
18.125 64 10
18.250 66 0
18.375 64 10
18.438 66 0
18.875 66 0
19.000 70 4
19.125 73 7
19.250 70 4
19.375 68 2
19.500 66 0
19.688 68 2
20.125 64 10
20.250 66 0
20.375 64 10
20.438 66 0
20.875 64 10
20.938 66 0
21.125 64 10
21.188 66 0
21.375 64 10
21.438 68 2
21.688 66 0
22.125 64 10
22.188 64 10
22.250 66 0
22.375 64 10
22.438 66 0
22.875 66 0
23.000 69 3
23.125 68 2
23.250 68 2
23.312 66 0
23.375 68 2
23.438 63 9
23.750 63 9
23.812 66 0
24.000 68 2
24.250 66 0
24.375 66 0
24.875 70 4
25.125 70 4
25.375 68 2
25.438 66 0
25.500 63 9
25.750 63 9
25.812 61 7
25.938 63 9
26.125 66 0
37.125 64 10
37.250 66 0
37.375 64 10
37.438 66 0
37.875 64 10
38.000 66 0
38.125 64 10
38.250 66 0
38.375 63 9
38.500 68 2
38.750 66 0
39.125 64 10
39.250 66 0
39.312 64 10
39.438 66 0
39.875 66 0
39.938 70 4
40.125 73 7
40.188 70 4
40.375 68 2
40.500 66 0
40.688 68 2
41.125 64 10
41.188 64 10
41.312 64 10
41.375 66 0
41.875 64 10
42.000 66 0
42.125 63 9
42.188 66 0
42.312 63 9
42.438 69 3
42.500 68 2
42.562 66 0
42.688 68 2
43.125 64 10
43.250 66 0
43.375 64 10
43.438 66 0
43.875 66 0
44.000 69 3
44.062 68 2
44.188 68 2
44.250 66 0
44.375 69 3
44.438 63 9
44.750 63 9
44.812 66 0
44.875 68 2
45.250 66 0
45.312 66 0
45.875 70 4
46.125 70 4
46.375 68 2
46.438 66 0
46.500 63 9
46.750 63 9
46.812 61 7
46.938 63 9
47.062 66 0
47.500 63 9
47.562 61 7
47.625 58 4
47.750 58 4
47.812 56 2
47.875 54 0
48.000 54 0
48.625 66 0
49.125 64 10
49.250 66 0
49.312 64 10
49.438 66 0
49.875 64 10
50.000 66 0
50.125 64 10
50.250 66 0
50.375 64 10
50.500 68 2
50.688 66 0
51.125 64 10
51.250 66 0
51.312 64 10
51.438 66 0
51.875 66 0
51.938 70 4
52.125 73 7
52.188 70 4
52.375 68 2
52.500 66 0
52.688 68 2
53.125 61 7
53.188 64 10
53.312 61 7
53.375 66 0
53.875 64 10
54.000 66 0
54.125 63 9
54.188 66 0
54.312 63 9
54.438 68 2
54.688 66 0
55.125 64 10
55.250 66 0
55.312 64 10
55.438 66 0
55.875 66 0
56.000 70 4
56.125 68 2
56.250 68 2
56.312 66 0
56.438 68 2
56.562 63 9
56.750 63 9
56.812 66 0
56.938 68 2
57.250 66 0
57.312 66 0
57.875 70 4
58.125 70 4
58.375 68 2
58.438 66 0
58.500 63 9
58.750 63 9
58.812 61 7
58.938 63 9
59.125 66 0
74.000 70 4
74.250 70 4
74.625 71 5
74.750 69 3
74.875 73 7
75.375 71 5
75.438 69 3
75.500 71 5
75.625 69 3
75.750 61 7
75.812 63 9
75.875 66 0
75.938 68 2
76.000 70 4
76.250 70 4
76.625 71 5
76.750 69 3
76.875 73 7
77.375 71 5
77.438 69 3
77.500 71 5
77.625 69 3
77.750 68 2
77.875 66 0
78.000 70 4
78.250 70 4
78.625 71 5
78.750 69 3
78.875 73 7
79.375 71 5
79.438 69 3
79.500 71 5
79.625 71 5
79.750 71 5
79.812 70 4
79.875 66 0
80.000 70 4
80.250 70 4
80.625 71 5
80.750 69 3
80.875 73 7
81.375 71 5
81.438 69 3
81.500 71 5
81.625 69 3
81.750 73 7
81.812 71 5
81.875 69 3
82.000 73 7
82.062 71 5
82.125 70 4
82.250 70 4
82.625 71 5
82.750 69 3
82.875 73 7
83.375 71 5
83.438 69 3
83.500 71 5
83.625 69 3
83.750 73 7
83.812 71 5
83.875 69 3
84.000 73 7
84.062 71 5
84.125 70 4
84.250 70 4
84.625 71 5
84.750 69 3
84.875 73 7
85.375 71 5
85.438 69 3
85.500 71 5
85.625 69 3
85.750 68 2
85.875 66 0
86.000 70 4
86.250 70 4
86.625 71 5
86.750 69 3
86.875 73 7
87.375 71 5
87.438 69 3
87.500 71 5
87.625 69 3
87.750 68 2
87.875 66 0
88.000 70 4
88.250 70 4
88.625 71 5
88.750 69 3
88.875 73 7
89.375 71 5
89.438 69 3
89.500 71 5
89.625 71 5
89.750 71 5
89.812 70 4
89.875 66 0
90.000 70 4
90.250 70 4
90.625 71 5
90.750 69 3
90.875 73 7
91.375 71 5
91.438 69 3
91.500 71 5
91.625 69 3
91.750 68 2
91.875 66 0
92.000 70 4
92.250 70 4
92.625 71 5
92.750 69 3
92.875 73 7
93.375 71 5
93.438 69 3
93.500 71 5
93.625 69 3
93.750 68 2
93.875 66 0
94.000 70 4
94.250 70 4
94.625 71 5
94.750 69 3
94.875 73 7
95.375 71 5
95.438 69 3
95.500 71 5
95.625 69 3
95.750 68 2
95.875 66 0
96.000 70 4
96.250 70 4
96.625 71 5
96.750 69 3
96.875 73 7
97.375 71 5
97.438 69 3
97.500 71 5
97.625 71 5
97.750 71 5
97.875 69 3
98.000 70 4
98.250 70 4
98.625 71 5
98.750 69 3
98.875 73 7
99.375 71 5
99.438 69 3
99.500 71 5
99.625 69 3
110.125 64 10
110.250 66 0
110.312 64 10
110.438 66 0
110.875 64 10
111.000 66 0
111.125 64 10
111.250 66 0
111.375 64 10
111.500 68 2
111.688 66 0
112.125 64 10
112.250 66 0
112.375 64 10
112.438 66 0
112.625 64 10
112.750 66 0
112.875 64 10
112.938 69 3
113.125 69 3
113.250 69 3
113.375 68 2
113.500 66 0
113.688 68 2
114.125 64 10
114.250 66 0
114.312 64 10
114.438 66 0
114.875 64 10
115.000 66 0
115.062 66 0
115.125 64 10
115.188 66 0
115.375 64 10
115.438 68 2
115.688 66 0
116.125 64 10
116.250 66 0
116.312 64 10
116.438 66 0
116.625 63 9
116.812 66 0
116.938 69 3
117.062 68 2
117.188 68 2
117.312 66 0
117.375 68 2
117.500 63 9
117.750 63 9
117.812 66 0
118.000 68 2
118.250 66 0
118.375 66 0
118.875 70 4
119.125 70 4
119.375 68 2
119.438 66 0
119.500 63 9
119.750 63 9
119.812 61 7
119.938 63 9
120.125 66 0
120.500 63 9
120.625 57 3
120.812 54 0
122.125 64 10
122.250 66 0
122.375 64 10
122.438 66 0
122.875 64 10
123.000 66 0
123.125 64 10
123.250 66 0
123.375 64 10
123.438 68 2
123.688 66 0
124.062 61 7
124.125 66 0
124.250 66 0
124.375 64 10
124.438 66 0
124.562 64 10
124.812 66 0
124.938 69 3
125.125 69 3
125.188 69 3
125.312 66 0
125.375 68 2
125.500 66 0
125.688 68 2
126.125 63 9
126.250 66 0
126.312 63 9
126.438 70 4
126.875 64 10
127.000 66 0
127.125 64 10
127.188 66 0
127.312 64 10
127.438 68 2
127.688 66 0
128.125 64 10
128.250 66 0
128.312 64 10
128.438 68 2
128.875 66 0
128.938 69 3
129.125 68 2
129.188 68 2
129.312 66 0
129.375 68 2
129.500 63 9
129.750 63 9
129.812 66 0
129.938 68 2
130.250 66 0
130.375 66 0
130.625 63 9
130.750 66 0
130.812 63 9
130.875 70 4
131.125 70 4
131.375 68 2
131.438 66 0
131.500 63 9
131.750 63 9
131.812 63 9
131.875 70 4
132.000 66 0
