31.750 65 3
31.812 62 0
31.875 60 10
31.938 69 7
32.062 62 0
32.125 65 3
32.250 62 0
32.312 62 0
32.375 65 3
32.500 62 0
32.562 62 0
32.625 65 3
32.750 62 0
32.812 62 0
32.875 65 3
33.000 62 0
33.062 62 0
33.125 62 0
33.188 62 0
33.250 65 3
33.312 65 3
33.375 62 0
33.438 62 0
33.500 65 3
33.688 62 0
33.750 62 0
33.812 62 0
33.875 62 0
33.938 65 3
34.062 65 3
34.188 62 0
34.250 65 3
34.375 62 0
34.438 62 0
34.500 65 3
34.625 62 0
34.688 65 3
34.812 62 0
34.875 62 0
34.938 62 0
35.000 65 3
35.062 62 0
35.125 62 0
35.188 62 0
35.312 65 3
35.375 62 0
35.438 62 0
35.500 65 3
35.625 62 0
35.750 65 3
35.812 62 0
35.875 60 10
35.938 69 7
36.062 62 0
36.125 65 3
36.250 62 0
36.312 62 0
36.375 65 3
36.500 62 0
36.562 62 0
36.625 65 3
36.750 62 0
36.812 62 0
36.875 65 3
37.000 62 0
37.062 62 0
37.125 62 0
37.188 62 0
37.250 65 3
37.312 65 3
37.375 62 0
37.438 62 0
37.500 65 3
37.688 62 0
37.750 62 0
37.812 62 0
37.875 62 0
37.938 65 3
38.062 65 3
38.188 62 0
38.250 65 3
38.375 62 0
38.438 62 0
38.500 65 3
38.625 62 0
38.688 65 3
38.812 62 0
38.875 62 0
38.938 62 0
39.000 65 3
39.062 62 0
39.125 62 0
39.188 62 0
39.312 65 3
39.375 62 0
39.438 62 0
39.500 65 3
39.625 62 0
39.750 65 3
39.812 62 0
39.875 60 10
55.750 65 3
55.812 62 0
55.875 60 10
55.938 69 7
56.062 62 0
56.125 65 3
56.250 62 0
56.312 62 0
56.375 65 3
56.500 62 0
56.562 62 0
56.625 65 3
56.750 62 0
56.812 62 0
56.875 65 3
57.000 62 0
57.062 62 0
57.125 62 0
57.188 62 0
57.250 65 3
57.312 65 3
57.375 62 0
57.438 62 0
57.500 65 3
57.688 62 0
57.750 62 0
57.812 62 0
57.875 62 0
57.938 65 3
58.062 65 3
58.188 62 0
58.250 65 3
58.375 62 0
58.438 62 0
58.500 65 3
58.625 62 0
58.688 65 3
58.812 62 0
58.875 62 0
58.938 62 0
59.000 65 3
59.062 62 0
59.125 62 0
59.188 62 0
59.312 65 3
59.375 62 0
59.438 62 0
59.500 65 3
59.625 62 0
59.750 65 3
59.812 62 0
59.875 60 10
59.938 69 7
60.062 62 0
60.125 65 3
60.250 62 0
60.312 62 0
60.375 65 3
60.500 62 0
60.562 62 0
60.625 65 3
60.750 62 0
60.812 62 0
60.875 65 3
61.000 62 0
61.062 62 0
61.125 62 0
61.188 62 0
61.250 65 3
61.312 65 3
61.375 62 0
61.438 62 0
61.500 65 3
61.688 62 0
61.750 62 0
61.812 62 0
61.875 62 0
61.938 65 3
62.062 65 3
62.188 62 0
62.250 65 3
62.375 62 0
62.438 62 0
62.500 65 3
62.625 62 0
62.688 65 3
62.812 62 0
62.875 62 0
62.938 62 0
63.000 65 3
63.062 62 0
63.125 62 0
63.188 62 0
63.312 65 3
63.375 62 0
63.438 62 0
63.500 65 3
63.625 62 0
63.750 65 3
63.812 62 0
63.875 60 10
87.750 65 3
87.812 62 0
87.875 60 10
87.938 69 7
88.062 62 0
88.125 65 3
88.250 62 0
88.312 62 0
88.375 65 3
88.500 62 0
88.562 62 0
88.625 65 3
88.750 62 0
88.812 62 0
88.875 65 3
89.000 62 0
89.062 62 0
89.125 62 0
89.188 62 0
89.250 65 3
89.312 65 3
89.375 62 0
89.438 62 0
89.500 65 3
89.688 62 0
89.750 62 0
89.812 62 0
89.875 62 0
89.938 65 3
90.062 65 3
90.188 62 0
90.250 65 3
90.375 62 0
90.438 62 0
90.500 65 3
90.625 62 0
90.688 65 3
90.812 62 0
90.875 62 0
90.938 62 0
91.000 65 3
91.062 62 0
91.125 62 0
91.188 62 0
91.312 65 3
91.375 62 0
91.438 62 0
91.500 65 3
91.625 62 0
91.750 65 3
91.812 62 0
91.875 60 10
91.938 69 7
92.062 62 0
92.125 65 3
92.250 62 0
92.312 62 0
92.375 65 3
92.500 62 0
92.562 62 0
92.625 65 3
92.750 62 0
92.812 62 0
92.875 65 3
93.000 62 0
93.062 62 0
93.125 62 0
93.188 62 0
93.250 65 3
93.312 65 3
93.375 62 0
93.438 62 0
93.500 65 3
93.688 62 0
93.750 62 0
93.812 62 0
93.875 62 0
93.938 65 3
94.062 65 3
94.188 62 0
94.250 65 3
94.375 62 0
94.438 62 0
94.500 65 3
94.625 62 0
94.688 65 3
94.812 62 0
94.875 62 0
94.938 62 0
95.000 65 3
95.062 62 0
95.125 62 0
95.188 62 0
95.312 65 3
95.375 62 0
95.438 62 0
95.500 65 3
95.625 62 0
95.750 65 3
95.812 62 0
95.875 60 10
