3.875 57 0
4.000 61 4
4.125 61 4
4.250 61 4
4.375 62 5
5.000 64 7
5.250 60 3
5.375 62 5
5.438 60 3
5.500 57 0
5.875 57 0
6.000 60 3
6.125 57 0
6.188 57 0
6.250 57 0
7.000 69 0
7.167 67 10
7.333 64 7
7.500 62 5
7.625 60 3
7.750 57 0
7.875 57 0
8.000 61 4
8.125 61 4
8.250 61 4
8.375 62 5
9.000 64 7
9.250 60 3
9.375 62 5
9.438 64 7
9.875 57 0
10.000 60 3
10.125 57 0
10.188 57 0
10.250 57 0
11.875 57 0
12.000 60 3
12.250 59 2
12.375 57 0
12.500 59 2
12.625 57 0
12.875 55 10
13.000 57 0
13.125 57 0
13.250 57 0
13.375 57 0
13.875 57 0
14.000 69 0
14.125 69 0
14.375 61 4
14.500 62 5
14.875 60 3
15.125 64 7
15.250 60 3
15.375 62 5
15.875 57 0
16.000 60 3
16.250 59 2
16.375 57 0
16.500 59 2
16.625 57 0
16.750 57 0
16.875 55 10
17.000 57 0
17.250 57 0
17.375 57 0
17.875 57 0
18.000 60 3
18.125 60 3
18.250 57 0
18.375 57 0
18.500 59 2
18.625 57 0
18.750 57 0
18.875 55 10
19.000 57 0
19.250 57 0
19.375 57 0
19.875 57 0
20.000 61 4
20.125 61 4
20.250 61 4
20.375 62 5
21.000 69 0
21.167 67 10
21.333 64 7
21.500 62 5
21.625 57 0
21.750 60 3
21.875 57 0
22.000 60 3
22.125 57 0
22.188 57 0
22.250 57 0
23.000 64 7
23.250 60 3
23.375 62 5
23.625 57 0
23.750 59 2
23.875 57 0
24.000 61 4
24.125 61 4
24.250 61 4
24.375 62 5
25.000 64 7
25.250 60 3
25.375 62 5
25.438 64 7
25.625 57 0
25.750 60 3
25.875 57 0
26.000 60 3
26.125 57 0
26.188 57 0
26.250 57 0
27.875 57 0
28.000 60 3
28.375 57 0
28.500 59 2
28.625 57 0
28.875 55 10
29.000 57 0
29.125 57 0
29.250 57 0
29.375 57 0
30.000 69 0
30.125 69 0
30.375 60 3
30.500 62 5
30.875 60 3
31.125 64 7
31.250 64 7
31.375 62 5
31.875 57 0
32.000 60 3
32.250 59 2
32.375 57 0
32.500 59 2
32.625 57 0
32.875 55 10
33.000 57 0
33.250 57 0
33.375 57 0
33.875 57 0
34.000 60 3
34.250 59 2
34.375 57 0
34.500 59 2
34.625 57 0
34.875 55 10
35.125 57 0
35.250 57 0
35.375 57 0
35.500 55 10
35.875 57 0
36.000 61 4
36.125 61 4
36.250 61 4
36.375 62 5
37.000 64 7
37.250 60 3
37.375 62 5
37.438 60 3
37.500 57 0
37.625 57 0
37.750 60 3
37.875 57 0
38.000 60 3
38.125 57 0
38.188 57 0
38.250 57 0
39.000 69 0
39.167 67 10
39.333 64 7
39.500 62 5
39.625 60 3
39.750 57 0
39.875 57 0
40.000 61 4
40.125 61 4
40.250 61 4
40.375 62 5
41.000 64 7
41.250 60 3
41.375 62 5
41.438 64 7
41.625 57 0
41.750 60 3
41.875 57 0
42.000 60 3
42.125 57 0
42.188 57 0
42.250 57 0
59.875 57 0
60.000 60 3
61.875 57 0
62.000 60 3
62.250 59 2
62.375 57 0
62.500 59 2
62.625 57 0
62.875 55 10
63.000 57 0
63.125 57 0
63.250 57 0
63.375 57 0
63.875 69 0
64.000 69 0
64.125 69 0
64.375 60 3
64.500 62 5
64.875 60 3
65.125 64 7
65.188 64 7
65.312 62 5
65.375 60 3
65.875 57 0
66.000 60 3
66.250 59 2
66.375 57 0
66.500 59 2
66.625 57 0
66.875 55 10
67.000 57 0
67.250 57 0
67.375 57 0
67.875 57 0
68.000 60 3
68.125 60 3
68.250 57 0
68.500 59 2
68.625 57 0
68.750 57 0
68.875 55 10
69.000 57 0
69.125 57 0
69.250 57 0
69.375 57 0
69.875 57 0
70.000 61 4
70.125 61 4
70.250 61 4
70.375 62 5
71.000 64 7
71.250 60 3
71.375 62 5
71.500 57 0
71.750 60 3
71.875 57 0
72.000 60 3
72.125 57 0
72.188 57 0
72.250 57 0
73.000 69 0
73.167 67 10
73.333 64 7
73.500 62 5
73.625 60 3
73.750 57 0
73.875 57 0
74.000 61 4
74.125 61 4
74.250 61 4
74.375 62 5
75.000 64 7
75.250 60 3
75.375 62 5
75.438 64 7
75.625 57 0
75.750 60 3
75.875 57 0
76.000 60 3
76.125 57 0
76.188 57 0
76.250 57 0
77.625 57 0
77.750 57 0
77.875 57 0
78.000 60 3
78.125 57 0
78.188 57 0
78.250 60 3
78.375 57 0
81.625 76 7
81.750 76 7
