8.000 66 4
8.125 64 2
8.375 64 2
8.500 64 2
8.625 64 2
8.750 66 4
9.000 64 2
9.125 62 0
9.250 62 0
9.500 62 0
9.625 62 0
9.750 62 0
10.000 66 4
10.250 69 7
10.375 66 4
11.875 64 2
12.000 66 4
12.250 66 4
12.500 66 4
12.625 66 4
12.750 64 2
12.812 66 4
13.000 64 2
13.125 62 0
13.250 62 0
13.375 62 0
13.625 62 0
13.875 69 7
14.125 62 0
14.250 64 2
14.500 66 4
15.875 57 7
16.000 59 9
16.125 62 0
16.500 65 3
16.625 64 2
16.750 62 0
16.875 64 2
17.000 66 4
17.625 66 4
17.750 67 5
18.000 69 7
18.250 71 9
18.500 64 2
18.625 62 0
19.000 64 2
19.750 66 4
20.000 66 4
20.125 66 4
20.250 64 2
20.500 62 0
20.625 62 0
20.750 59 9
21.000 57 7
21.125 54 4
21.750 62 0
21.875 62 0
22.000 66 4
22.375 69 7
22.500 66 4
23.875 59 9
24.000 64 2
24.250 64 2
24.375 62 0
24.500 64 2
24.625 66 4
25.000 57 7
25.625 69 7
25.875 66 4
26.000 64 2
26.250 64 2
26.375 62 0
26.500 64 2
26.562 64 2
26.688 66 4
27.000 57 7
27.875 57 7
28.000 64 2
28.250 64 2
28.375 64 2
28.750 66 4
28.875 69 7
29.250 71 9
29.500 65 3
29.625 64 2
29.750 64 2
29.875 62 0
31.875 57 7
32.000 64 2
32.250 64 2
32.500 64 2
32.750 64 2
32.875 66 4
33.000 64 2
33.250 62 0
33.500 62 0
33.750 62 0
33.875 62 0
34.000 66 4
34.250 69 7
34.375 66 4
35.750 66 4
36.000 64 2
36.250 64 2
36.500 64 2
36.625 64 2
36.750 66 4
36.875 64 2
37.125 64 2
37.250 64 2
37.375 69 7
37.625 69 7
37.875 66 4
38.000 64 2
38.125 62 0
38.375 62 0
39.875 57 7
40.000 59 9
40.250 62 0
40.500 66 4
40.625 64 2
40.750 62 0
40.875 66 4
41.625 66 4
41.875 69 7
42.125 69 7
42.250 69 7
42.375 71 9
42.500 65 3
42.562 64 2
42.750 62 0
42.875 64 2
43.625 66 4
44.000 66 4
44.125 66 4
44.250 64 2
44.500 62 0
44.625 62 0
44.750 59 9
45.000 57 7
45.125 54 4
45.750 62 0
45.875 62 0
46.000 66 4
46.125 62 0
46.250 64 2
47.875 59 9
48.000 64 2
48.250 64 2
48.375 62 0
48.500 64 2
48.625 66 4
49.000 57 7
49.625 69 7
49.875 66 4
50.000 64 2
50.250 64 2
50.375 62 0
50.500 64 2
50.562 64 2
50.625 66 4
51.000 57 7
51.875 57 7
52.000 64 2
52.250 66 4
52.500 62 0
52.625 62 0
52.750 66 4
52.875 62 0
53.000 69 7
53.250 69 7
53.375 71 9
53.500 65 3
53.625 64 2
53.750 64 2
53.875 62 0
56.000 69 7
56.250 69 7
56.500 69 7
56.625 64 2
56.750 64 2
56.875 66 4
57.000 66 4
57.375 64 2
57.500 62 0
57.875 62 0
58.000 66 4
58.250 69 7
58.375 66 4
59.750 66 4
59.875 62 0
60.000 64 2
60.125 64 2
60.250 64 2
60.375 64 2
60.500 64 2
60.625 64 2
60.750 66 4
61.000 64 2
61.125 62 0
61.250 62 0
61.375 62 0
61.500 62 0
61.625 62 0
61.750 62 0
61.875 69 7
62.125 66 4
62.188 64 2
62.250 62 0
62.375 62 0
63.875 57 7
64.000 59 9
64.125 62 0
64.250 62 0
64.375 62 0
64.500 66 4
64.750 62 0
64.875 66 4
65.625 62 0
65.750 65 3
65.875 62 0
66.000 69 7
66.125 69 7
66.250 69 7
66.375 69 7
66.500 65 3
66.625 64 2
66.750 62 0
66.875 64 2
67.625 66 4
68.000 66 4
68.125 66 4
68.250 64 2
68.500 62 0
68.625 62 0
68.750 59 9
69.000 57 7
69.125 54 4
69.750 62 0
69.875 62 0
70.000 66 4
70.375 62 0
70.500 64 2
71.875 62 0
72.000 64 2
72.250 64 2
72.375 62 0
72.500 64 2
72.625 66 4
73.000 57 7
73.625 69 7
73.875 66 4
74.000 64 2
74.125 62 0
74.250 64 2
74.375 62 0
74.500 64 2
74.625 66 4
75.000 57 7
75.875 57 7
76.000 64 2
76.250 66 4
76.375 62 0
76.625 62 0
76.750 66 4
76.875 66 4
77.000 69 7
77.250 71 9
77.375 65 3
77.500 64 2
77.750 64 2
77.875 62 0
88.000 66 4
88.125 69 7
88.250 69 7
88.375 69 7
88.625 64 2
88.750 64 2
88.875 66 4
89.000 64 2
89.188 62 0
89.375 62 0
89.625 57 7
89.750 62 0
89.812 62 0
90.000 66 4
90.250 62 0
90.375 62 0
91.875 57 7
92.000 64 2
92.250 64 2
92.500 66 4
92.625 66 4
92.875 64 2
93.000 62 0
93.125 57 7
93.250 62 0
93.375 62 0
93.500 62 0
93.625 62 0
93.750 62 0
93.875 62 0
94.000 69 7
94.250 66 4
94.375 66 4
95.875 57 7
96.000 59 9
96.125 62 0
96.250 62 0
96.375 59 9
96.500 62 0
96.625 62 0
96.750 62 0
97.000 62 0
97.125 59 9
97.625 69 7
98.000 69 7
98.125 66 4
98.250 66 4
98.375 65 3
98.500 64 2
98.750 62 0
98.875 62 0
99.000 64 2
99.750 66 4
100.000 66 4
100.125 66 4
100.250 64 2
100.500 62 0
100.750 59 9
101.000 57 7
101.125 54 4
101.500 59 9
101.625 62 0
101.875 66 4
102.000 62 0
102.125 64 2
103.625 62 0
103.750 64 2
103.875 62 0
104.000 64 2
104.250 64 2
104.500 64 2
104.625 64 2
104.750 66 4
105.000 57 7
105.625 59 9
105.750 69 7
105.875 66 4
106.000 64 2
106.250 64 2
106.375 62 0
106.500 64 2
106.625 66 4
106.875 57 7
107.875 57 7
108.000 64 2
108.188 66 4
108.375 64 2
108.438 62 0
108.750 66 4
108.875 66 4
109.000 69 7
109.250 71 9
109.375 65 3
109.500 64 2
109.750 64 2
109.875 62 0
146.000 69 7
146.125 69 7
146.625 66 4
147.000 64 2
147.125 62 0
147.875 69 7
148.250 71 9
148.375 64 2
148.625 64 2
149.000 62 0
153.875 62 0
154.000 67 5
154.125 69 7
154.375 67 5
154.500 71 9
154.875 64 2
155.125 62 0
156.000 59 9
156.125 62 0
156.250 64 2
157.000 66 4
157.125 64 2
157.250 66 4
157.312 69 7
158.500 78 4
159.000 78 4
159.125 76 2
159.375 74 0
