3.500 67 9
3.875 65 7
4.000 65 7
4.250 67 9
5.125 67 9
5.375 67 9
5.625 65 7
5.750 65 7
6.000 65 7
6.125 60 2
6.250 62 4
7.125 67 9
7.250 65 7
7.500 61 3
7.750 61 3
7.875 60 2
8.000 58 0
9.125 61 3
9.375 61 3
9.625 58 0
9.750 58 0
10.000 61 3
10.250 62 4
11.625 62 4
11.750 62 4
12.000 63 5
12.250 62 4
12.375 63 5
12.625 64 6
12.875 65 7
13.250 61 3
13.500 60 2
13.750 58 0
13.875 58 0
14.125 55 9
14.250 53 7
15.875 53 7
16.000 61 3
16.250 61 3
16.500 61 3
16.625 60 2
16.750 61 3
16.875 58 0
17.000 60 2
17.125 58 0
17.250 58 0
17.375 61 3
17.875 58 0
18.000 61 3
18.250 61 3
18.375 61 3
18.500 61 3
18.750 56 10
18.875 56 10
19.000 58 0
19.250 58 0
19.375 53 7
19.875 53 7
20.000 61 3
20.125 61 3
20.250 61 3
20.375 58 0
20.500 60 2
20.625 56 10
20.750 56 10
20.875 56 10
21.000 58 0
21.250 58 0
21.375 61 3
22.000 62 4
22.125 62 4
22.250 60 2
22.375 58 0
22.500 60 2
22.750 56 10
23.000 58 0
23.125 58 0
23.375 58 0
23.875 53 7
24.000 62 4
24.125 61 3
24.250 60 2
24.375 58 0
24.500 60 2
24.625 56 10
24.750 56 10
24.875 56 10
25.000 58 0
25.250 58 0
25.375 61 3
25.750 56 10
26.000 61 3
26.125 61 3
26.250 61 3
26.375 60 2
26.500 58 0
26.625 58 0
26.750 55 9
27.000 58 0
27.250 58 0
27.375 53 7
27.625 67 9
27.875 67 9
28.000 65 7
29.125 67 9
29.375 67 9
29.625 65 7
29.750 65 7
30.000 65 7
30.125 60 2
30.250 62 4
31.125 67 9
31.250 65 7
31.500 61 3
31.750 60 2
31.875 58 0
33.125 61 3
33.375 61 3
33.625 58 0
33.750 58 0
34.000 61 3
34.250 62 4
35.625 62 4
35.750 62 4
36.000 63 5
36.125 62 4
36.250 63 5
36.500 63 5
36.625 63 5
36.750 64 6
36.875 65 7
37.250 61 3
37.500 60 2
37.750 58 0
37.875 58 0
38.125 55 9
38.250 53 7
39.875 53 7
40.000 61 3
40.125 61 3
40.250 61 3
40.500 61 3
40.625 61 3
40.750 61 3
40.875 61 3
41.000 61 3
41.125 61 3
41.250 58 0
41.375 61 3
41.875 58 0
42.000 61 3
42.250 61 3
42.375 61 3
42.500 61 3
42.625 61 3
42.750 61 3
42.875 61 3
43.000 62 4
43.125 58 0
43.375 58 0
44.000 61 3
44.250 61 3
44.375 61 3
44.500 61 3
44.750 61 3
44.875 61 3
45.000 61 3
45.125 61 3
45.250 61 3
45.375 61 3
45.875 53 7
46.000 61 3
46.125 61 3
46.250 60 2
46.375 62 4
46.750 58 0
46.812 58 0
47.000 61 3
47.125 58 0
47.250 56 10
47.375 55 9
47.875 58 0
48.000 61 3
48.250 61 3
48.375 61 3
48.500 60 2
48.625 58 0
48.750 58 0
48.875 56 10
49.000 58 0
49.125 58 0
49.250 58 0
49.375 61 3
49.875 56 10
50.000 62 4
50.250 61 3
50.375 61 3
50.500 61 3
50.625 56 10
50.750 56 10
51.000 58 0
51.250 58 0
51.375 58 0
51.625 67 9
51.875 65 7
52.000 65 7
53.125 67 9
53.375 67 9
53.625 65 7
53.750 65 7
54.000 65 7
54.125 60 2
54.250 62 4
55.125 67 9
55.250 65 7
55.500 61 3
55.750 60 2
55.875 60 2
57.125 58 0
57.375 58 0
57.625 58 0
57.750 58 0
58.000 61 3
58.500 62 4
59.625 62 4
59.750 62 4
60.000 63 5
60.125 62 4
60.250 63 5
60.500 63 5
60.625 63 5
60.750 64 6
60.875 65 7
61.250 61 3
61.500 60 2
61.750 57 11
61.875 60 2
62.000 58 0
87.125 68 10
87.250 67 9
87.500 67 9
87.625 65 7
87.750 65 7
87.875 65 7
88.000 60 2
88.125 62 4
89.125 67 9
89.375 67 9
89.625 65 7
89.750 65 7
90.000 65 7
90.125 60 2
90.250 62 4
91.125 67 9
91.250 65 7
91.500 61 3
91.750 60 2
91.875 60 2
93.125 58 0
93.375 58 0
93.625 58 0
93.750 58 0
94.000 61 3
94.250 62 4
95.625 62 4
95.750 62 4
96.000 63 5
96.125 62 4
96.250 63 5
96.500 63 5
96.625 63 5
96.750 64 6
96.875 65 7
97.250 61 3
97.500 60 2
97.750 58 0
97.875 58 0
98.125 55 9
98.250 53 7
100.000 61 3
100.125 61 3
100.250 61 3
100.500 61 3
100.875 53 7
101.000 61 3
101.250 61 3
101.500 61 3
102.000 61 3
102.250 61 3
102.375 61 3
102.500 61 3
102.750 58 0
102.875 61 3
103.125 55 9
103.375 55 9
104.000 61 3
104.125 61 3
104.250 60 2
104.500 61 3
104.625 61 3
104.750 60 2
105.000 61 3
105.125 61 3
105.250 58 0
105.375 61 3
105.500 62 4
106.000 62 4
106.125 62 4
106.250 58 0
106.375 62 4
106.500 58 0
106.625 58 0
106.750 58 0
106.875 56 10
107.000 58 0
107.125 58 0
107.250 58 0
107.375 53 7
108.000 61 3
108.125 61 3
108.250 60 2
108.375 60 2
108.500 61 3
108.625 61 3
108.750 60 2
108.875 58 0
109.000 61 3
109.125 61 3
109.250 58 0
109.375 62 4
109.625 58 0
109.750 55 9
110.000 61 3
110.250 61 3
110.375 61 3
110.500 61 3
110.750 55 9
110.875 55 9
111.000 58 0
111.125 58 0
111.250 58 0
111.375 53 7
111.625 67 9
111.875 67 9
112.000 65 7
113.125 67 9
113.375 67 9
113.625 65 7
113.750 65 7
114.000 65 7
114.125 60 2
114.250 62 4
115.375 67 9
115.625 61 3
115.875 60 2
116.000 60 2
117.125 58 0
117.375 58 0
117.625 58 0
117.750 58 0
118.000 61 3
118.250 62 4
119.625 62 4
119.750 62 4
120.000 63 5
120.125 62 4
120.250 63 5
120.500 63 5
120.625 63 5
120.750 64 6
120.875 65 7
121.250 61 3
121.500 60 2
121.750 58 0
121.875 58 0
122.125 55 9
122.250 53 7
