2.000 62 7
2.062 62 7
2.188 64 9
2.375 62 7
2.438 59 4
2.500 57 2
2.562 59 4
3.125 62 7
3.188 64 9
3.312 62 7
3.375 60 5
3.438 59 4
3.812 55 0
3.875 55 0
4.000 62 7
4.125 62 7
4.188 62 7
4.438 62 7
4.500 60 5
4.562 59 4
4.625 57 2
4.688 55 0
4.875 57 2
5.062 57 2
6.000 60 5
6.062 60 5
6.188 62 7
6.438 60 5
6.500 59 4
6.625 57 2
6.688 59 4
7.062 60 5
7.125 60 5
7.188 62 7
7.312 60 5
7.375 62 7
7.438 60 5
7.500 59 4
7.938 60 5
8.000 60 5
8.062 60 5
8.188 62 7
8.438 60 5
8.500 59 4
8.562 57 2
8.688 55 0
8.750 57 2
8.812 55 0
9.000 59 4
9.875 62 7
10.000 62 7
10.250 64 9
10.312 62 7
10.438 60 5
10.500 59 4
10.750 59 4
10.812 60 5
11.000 62 7
11.062 62 7
11.250 64 9
11.312 62 7
11.438 60 5
11.562 59 4
11.875 62 7
11.938 62 7
12.000 62 7
12.062 62 7
12.250 62 7
12.375 64 9
12.500 65 10
12.562 65 10
12.750 64 9
12.875 62 7
12.938 64 9
13.375 62 7
13.438 60 5
14.000 67 0
14.125 67 0
14.250 67 0
14.375 67 0
14.500 69 2
14.562 67 0
14.688 66 11
14.875 64 9
15.125 62 7
15.188 59 4
15.375 62 7
15.438 62 7
15.500 64 9
15.562 62 7
15.625 60 5
15.688 59 4
16.000 59 4
16.062 57 2
16.250 59 4
16.375 57 2
16.438 59 4
16.500 57 2
16.625 57 2
16.750 59 4
16.875 57 2
16.938 62 7
18.000 64 9
18.125 64 9
18.250 64 9
18.375 66 11
18.438 67 0
18.562 66 11
18.625 64 9
18.875 64 9
19.125 62 7
19.188 60 5
19.250 59 4
19.375 60 5
19.438 62 7
20.000 60 5
20.062 57 2
20.312 67 0
20.375 67 0
20.438 71 4
20.562 69 2
20.625 67 0
20.688 64 9
20.750 67 0
20.812 67 0
21.000 67 0
21.062 64 9
21.125 62 7
21.875 67 0
22.000 64 9
22.125 64 9
22.250 64 9
22.375 67 0
22.500 70 3
22.625 67 0
22.688 70 3
22.875 67 0
23.125 67 0
23.188 64 9
23.312 67 0
23.438 67 0
23.500 67 0
23.531 64 9
23.562 62 7
23.812 62 7
23.875 62 7
24.000 57 2
24.125 57 2
24.250 57 2
24.375 59 4
24.500 60 5
24.625 59 4
24.688 60 5
24.875 59 4
24.938 62 7
26.000 57 2
26.125 57 2
26.188 57 2
26.375 59 4
26.438 60 5
26.562 60 5
26.625 62 7
26.688 59 4
26.812 57 2
26.938 57 2
27.000 55 0
28.875 62 5
28.938 64 7
29.000 64 7
29.250 64 7
29.312 64 7
29.438 66 9
29.562 64 7
29.875 64 7
29.938 62 5
30.000 64 7
30.125 66 9
30.188 64 7
30.375 62 5
30.438 61 4
30.875 64 7
30.938 64 7
31.062 64 7
31.250 64 7
31.375 64 7
31.438 62 5
31.562 61 4
31.688 59 2
31.750 57 0
31.875 59 2
32.125 59 2
32.875 62 5
32.938 62 5
33.250 64 7
33.375 62 5
33.438 64 7
33.562 66 9
33.938 61 4
34.000 64 7
34.125 61 4
34.188 64 7
34.375 61 4
34.438 66 9
34.938 69 0
35.000 72 3
35.062 71 2
35.188 69 0
35.312 66 9
35.500 69 0
35.625 66 9
35.750 64 7
35.875 59 2
35.938 61 4
36.125 59 2
36.188 57 0
36.875 64 7
37.000 64 7
37.125 63 6
37.250 64 7
37.375 62 5
37.438 64 7
37.562 61 4
37.625 69 0
37.688 71 2
37.750 69 0
38.062 66 9
38.125 69 0
38.188 66 9
38.312 69 0
38.375 69 0
38.438 69 0
38.500 66 9
38.562 64 7
38.875 64 7
39.000 64 7
39.062 64 7
39.250 64 7
39.312 66 9
39.438 67 10
39.688 67 10
39.750 69 0
39.812 69 0
39.938 69 0
40.000 66 9
40.062 62 5
40.250 64 7
40.312 60 3
40.812 69 0
40.875 69 0
41.000 72 3
41.125 69 0
41.188 67 10
41.250 72 3
41.375 69 0
41.438 72 3
41.562 69 0
41.625 67 10
41.812 69 0
41.875 69 0
42.000 72 3
42.125 69 0
42.188 67 10
42.250 67 10
42.438 69 0
42.500 69 0
42.562 67 10
42.625 64 7
42.812 64 7
42.875 64 7
43.000 59 2
43.125 59 2
43.250 59 2
43.375 61 4
43.438 62 5
43.562 62 5
43.750 59 2
43.812 57 0
43.875 56 11
43.938 64 7
45.000 66 9
45.125 66 9
45.250 66 9
45.375 68 11
45.438 69 0
45.562 68 11
45.625 66 9
45.875 66 9
46.125 64 7
46.188 62 5
46.250 61 4
46.375 62 5
46.438 64 7
47.000 62 5
47.062 59 2
47.312 69 0
47.375 69 0
47.438 72 3
47.562 69 0
47.688 72 3
47.812 69 0
47.875 69 0
48.125 69 0
48.188 66 9
48.250 64 7
48.875 69 0
49.000 66 9
49.125 66 9
49.250 66 9
49.375 69 0
49.500 72 3
49.625 69 0
49.688 72 3
49.812 69 0
50.125 69 0
50.188 66 9
50.312 69 0
50.438 69 0
50.500 69 0
50.531 66 9
50.562 64 7
50.875 64 7
51.000 59 2
51.125 59 2
51.250 59 2
51.375 61 4
51.500 62 5
51.625 61 4
51.688 62 5
51.875 61 4
51.938 64 7
52.375 66 9
52.438 68 11
53.000 59 2
53.125 59 2
53.188 59 2
53.375 61 4
53.438 62 5
53.562 62 5
53.625 64 7
53.688 61 4
53.812 59 2
53.938 59 2
54.000 57 0
54.875 61 4
54.938 62 5
55.000 64 7
55.375 64 7
55.438 62 5
55.500 62 5
55.625 61 4
55.875 61 4
55.938 62 5
56.000 64 7
56.188 66 9
56.250 64 7
56.375 62 5
56.438 61 4
57.125 64 7
57.188 66 9
57.250 64 7
57.375 62 5
57.438 62 5
57.562 61 4
57.625 61 4
57.688 61 4
57.750 62 5
57.812 62 5
57.875 61 4
58.062 61 4
58.125 59 2
58.438 56 11
59.000 62 5
59.188 64 7
59.250 62 5
59.375 61 4
59.438 61 4
59.625 59 2
60.125 62 5
60.188 64 7
60.250 62 5
60.375 61 4
60.438 59 2
61.000 62 5
61.188 64 7
61.250 62 5
61.375 61 4
61.438 61 4
61.625 59 2
61.688 61 4
61.812 61 4
61.875 59 2
61.938 59 2
62.000 57 0
62.375 54 9
62.438 57 0
62.875 61 4
62.938 62 5
63.000 64 7
63.250 69 0
63.312 66 9
63.375 64 7
63.438 69 0
63.562 66 9
63.625 64 7
63.688 69 0
63.812 66 9
63.875 66 9
64.250 61 4
64.312 62 5
64.375 61 4
64.438 64 7
64.562 66 9
64.625 64 7
64.688 69 0
64.812 71 2
64.875 69 0
65.250 69 0
65.375 66 9
65.438 69 0
65.562 66 9
65.625 69 0
65.688 66 9
65.750 69 0
65.812 66 9
65.875 69 0
65.938 71 2
66.188 68 11
66.250 66 9
66.312 64 7
66.750 64 7
66.875 66 9
66.938 71 2
67.062 68 11
67.125 64 7
67.188 71 2
67.312 68 11
67.375 64 7
67.438 66 9
67.750 64 7
67.812 66 9
67.875 64 7
67.938 71 2
68.062 68 11
68.125 64 7
68.188 71 2
68.312 68 11
68.375 64 7
68.438 71 2
68.562 68 11
68.625 64 7
68.688 71 2
68.812 68 11
68.875 64 7
68.938 66 9
69.250 69 0
69.375 66 9
69.438 69 0
69.562 66 9
69.625 69 0
69.688 66 9
69.750 69 0
69.812 66 9
69.875 69 0
69.938 73 4
70.438 71 2
70.500 69 0
70.750 72 3
70.812 67 10
70.875 67 10
70.938 69 0
71.062 67 10
71.125 69 0
71.188 73 4
71.250 67 10
71.500 69 0
71.562 67 10
71.625 69 0
71.688 73 4
71.812 67 10
71.875 69 0
71.938 67 10
72.000 69 0
72.062 67 10
72.125 69 0
72.188 69 0
72.312 67 10
72.375 69 0
72.438 69 0
72.500 76 7
72.562 76 7
72.688 71 2
72.750 69 0
72.812 67 10
72.875 69 0
73.062 76 7
73.125 76 7
73.188 72 3
73.312 69 0
73.375 69 0
73.562 76 7
73.625 76 7
73.688 72 3
73.812 69 0
73.875 69 0
73.938 71 2
74.188 68 11
74.250 66 9
74.312 64 7
74.750 73 4
74.875 71 2
74.938 71 2
75.125 69 0
75.188 69 0
75.375 68 11
75.438 68 11
75.625 66 9
75.688 66 9
75.875 64 7
75.938 64 7
76.125 62 5
76.188 62 5
76.375 61 4
76.438 64 7
76.625 66 9
77.000 69 0
77.250 72 3
77.438 69 0
77.500 67 10
77.750 69 0
77.812 67 10
77.875 69 0
77.938 73 4
78.438 76 7
78.625 72 3
78.688 71 2
78.750 69 0
98.750 73 4
98.875 71 2
98.938 71 2
99.125 69 0
99.188 69 0
99.375 68 11
99.438 68 11
99.625 66 9
99.688 66 9
99.875 64 7
99.938 64 7
100.125 62 5
100.188 62 5
100.375 61 4
100.438 64 7
101.000 69 0
101.250 72 3
101.500 69 0
101.750 69 0
101.812 67 10
101.875 69 0
101.938 73 4
102.125 71 2
102.188 69 0
