3.625 64 0
3.812 61 9
3.875 59 7
4.000 61 9
4.188 64 0
5.625 64 0
5.812 61 9
5.875 59 7
6.500 64 0
6.750 64 0
6.875 55 3
7.125 52 0
9.250 64 0
9.625 61 9
9.750 59 7
10.000 61 9
10.188 64 0
11.625 64 0
11.875 59 7
12.500 64 0
12.750 64 0
12.875 55 3
13.125 52 0
14.750 56 4
14.812 57 5
14.938 59 7
15.250 61 9
15.312 63 11
15.438 59 7
16.125 54 2
16.312 55 3
16.500 59 7
16.688 52 0
16.812 52 0
17.000 52 0
19.125 64 0
19.312 61 9
19.375 59 7
19.500 61 9
19.688 64 0
21.125 64 0
21.312 61 9
21.375 59 7
21.500 64 0
21.688 64 0
21.875 64 0
21.938 55 3
22.125 52 0
24.125 64 0
24.312 61 9
24.375 59 7
24.500 61 9
24.688 64 0
26.125 64 0
26.312 61 9
26.375 59 7
26.562 64 0
26.688 64 0
26.875 64 0
26.938 55 3
27.125 52 0
28.688 56 4
28.875 57 5
29.000 59 7
29.250 61 9
29.312 63 11
29.438 59 7
29.625 59 7
30.125 54 2
30.312 55 3
30.500 55 3
30.625 55 3
30.688 59 7
30.812 52 0
31.000 52 0
31.500 52 0
31.750 52 0
31.875 52 0
31.938 52 0
33.125 64 0
33.312 61 9
33.375 59 7
33.500 61 9
33.688 64 0
35.125 64 0
35.312 61 9
35.375 59 7
35.500 64 0
35.750 64 0
35.875 64 0
35.938 55 3
36.125 52 0
38.125 64 0
38.312 61 9
38.375 59 7
38.500 61 9
38.688 64 0
40.125 64 0
40.312 61 9
40.375 59 7
40.500 64 0
40.750 64 0
40.875 64 0
40.938 55 3
41.125 52 0
42.812 56 4
42.875 57 5
43.000 59 7
43.188 59 7
43.312 61 9
43.375 63 11
43.500 59 7
43.688 59 7
44.125 55 3
44.375 55 3
44.500 61 9
44.688 52 0
44.812 52 0
45.125 52 0
45.375 52 0
45.500 52 0
45.688 52 0
45.812 52 0
46.000 52 0
55.000 64 0
55.375 61 9
55.500 59 7
55.750 61 9
56.062 64 0
58.125 64 0
58.312 61 9
58.375 59 7
58.500 64 0
58.750 64 0
58.875 64 0
58.938 55 3
59.125 52 0
59.500 52 0
59.750 52 0
59.875 52 0
59.938 52 0
61.125 64 0
61.312 61 9
61.375 59 7
61.500 61 9
61.688 64 0
63.125 64 0
63.312 61 9
63.375 59 7
63.500 64 0
63.750 64 0
63.875 64 0
63.938 55 3
64.125 52 0
64.625 52 0
65.750 56 4
65.875 57 5
66.000 59 7
66.250 61 9
66.312 63 11
66.438 59 7
66.625 59 7
67.125 55 3
67.312 55 3
67.500 55 3
67.625 55 3
67.688 61 9
67.875 52 0
68.000 52 0
68.500 52 0
68.625 52 0
68.688 52 0
68.875 49 9
69.000 52 0
