7.875 64 0
8.125 64 0
8.250 64 0
8.375 64 0
8.500 64 0
8.625 59 7
8.750 59 7
8.875 59 7
9.000 59 7
9.250 59 7
9.375 61 9
11.875 54 2
12.000 59 7
12.250 59 7
12.375 59 7
12.500 59 7
12.625 68 4
12.750 56 4
12.875 54 2
13.000 52 0
13.250 52 0
13.375 52 0
15.875 64 0
16.250 64 0
16.375 64 0
16.500 64 0
16.750 59 7
17.000 59 7
17.250 59 7
17.375 61 9
17.625 59 7
17.750 57 5
19.875 57 5
20.000 59 7
20.125 59 7
20.500 59 7
20.625 71 7
20.750 56 4
20.875 54 2
21.000 52 0
21.250 52 0
21.500 52 0
21.625 54 2
21.750 56 4
23.625 57 5
23.750 59 7
23.875 57 5
24.000 59 7
24.250 59 7
24.375 59 7
24.625 68 4
24.750 56 4
24.875 54 2
25.000 52 0
25.250 52 0
25.500 52 0
34.000 64 0
34.125 64 0
34.375 64 0
34.500 64 0
34.625 73 9
34.750 59 7
34.875 59 7
35.000 59 7
35.250 59 7
35.375 59 7
35.500 61 9
37.875 57 5
38.000 59 7
38.125 57 5
38.250 59 7
38.375 59 7
38.500 59 7
38.625 68 4
38.750 56 4
38.875 54 2
39.000 52 0
39.125 52 0
39.250 52 0
39.375 52 0
39.625 47 7
42.000 64 0
42.125 64 0
42.375 64 0
42.500 64 0
42.875 59 7
43.125 59 7
43.250 59 7
43.500 59 7
43.625 61 9
43.750 73 9
45.875 54 2
46.000 59 7
46.250 59 7
46.375 59 7
46.500 59 7
46.625 71 7
46.750 56 4
46.875 54 2
47.000 52 0
47.250 52 0
47.500 52 0
49.875 59 7
50.000 59 7
50.250 59 7
50.375 59 7
50.625 68 4
50.750 56 4
50.875 54 2
51.000 52 0
51.250 52 0
51.375 52 0
81.875 64 0
82.125 64 0
82.250 64 0
82.375 64 0
82.500 64 0
82.625 59 7
82.750 59 7
82.875 59 7
83.000 59 7
83.250 59 7
83.375 59 7
83.500 61 9
83.625 59 7
83.750 57 5
85.875 54 2
86.000 59 7
86.250 59 7
86.375 59 7
86.500 59 7
86.625 68 4
86.750 56 4
86.875 54 2
87.000 52 0
87.250 52 0
87.375 52 0
89.875 64 0
90.000 64 0
90.250 64 0
90.375 64 0
90.625 73 9
90.750 59 7
91.000 59 7
91.250 59 7
91.500 59 7
91.625 61 9
93.875 54 2
94.000 59 7
94.250 59 7
94.500 59 7
94.625 68 4
94.750 56 4
94.875 54 2
95.000 52 0
95.250 52 0
95.500 52 0
95.625 54 2
95.750 56 4
97.875 59 7
98.000 59 7
98.250 59 7
98.500 59 7
98.625 68 4
98.750 56 4
98.875 54 2
99.000 52 0
99.250 52 0
99.500 52 0
