2.250 60 7
2.375 65 0
2.500 67 2
2.625 69 4
2.708 68 3
2.875 67 2
3.000 65 0
3.125 67 2
3.375 60 7
4.125 57 4
4.208 60 7
4.250 60 7
4.375 60 7
4.500 60 7
4.625 60 7
4.708 58 5
6.125 65 0
6.250 65 0
6.375 65 0
6.500 67 2
6.625 69 4
6.708 68 3
6.875 67 2
7.000 65 0
7.125 67 2
7.375 62 9
7.500 60 7
8.125 57 4
8.208 60 7
8.250 60 7
8.375 60 7
8.500 60 7
8.625 60 7
8.708 58 5
10.250 65 0
10.333 60 7
10.375 62 9
10.500 65 0
10.625 65 0
10.708 65 0
10.750 65 0
10.875 65 0
10.958 67 2
11.083 67 2
11.125 69 4
11.208 69 4
11.333 67 2
11.417 69 4
11.458 67 2
11.500 65 0
11.542 67 2
12.125 57 4
12.208 60 7
12.250 60 7
12.375 60 7
12.500 60 7
12.583 65 0
12.625 65 0
12.708 65 0
14.125 65 0
14.208 60 7
14.250 65 0
14.375 65 0
14.500 65 0
14.583 60 7
14.625 62 9
14.708 60 7
14.750 65 0
14.875 65 0
15.000 67 2
15.125 69 4
15.208 69 4
15.333 67 2
15.417 69 4
15.458 67 2
15.500 65 0
15.542 67 2
15.875 62 9
16.000 65 0
16.083 65 0
16.333 60 7
16.375 62 9
16.500 65 0
16.583 65 0
16.625 62 9
16.750 65 0
16.875 65 0
16.958 67 2
17.042 67 2
17.125 67 2
17.875 65 0
18.000 70 5
18.250 69 4
18.375 67 2
18.458 65 0
18.500 65 0
19.125 70 5
19.250 69 4
19.375 67 2
19.458 65 0
19.500 65 0
19.750 68 3
19.833 67 2
22.250 60 7
22.375 65 0
22.500 67 2
22.625 69 4
22.708 67 2
22.750 68 3
22.792 67 2
22.833 67 2
22.875 67 2
22.958 65 0
23.000 65 0
23.125 67 2
23.375 64 11
23.417 62 9
23.458 60 7
23.500 62 9
24.125 57 4
24.208 60 7
24.250 60 7
24.458 60 7
24.500 60 7
24.625 60 7
24.708 58 5
25.125 57 4
25.250 58 5
25.375 60 7
25.500 55 2
25.750 60 7
26.250 69 4
26.333 69 4
26.375 67 2
26.500 69 4
26.625 67 2
26.708 65 0
26.750 68 3
26.875 67 2
26.958 65 0
27.000 68 3
27.125 67 2
27.208 67 2
27.333 68 3
27.375 67 2
27.875 68 3
27.958 67 2
28.000 65 0
28.083 65 0
28.125 67 2
28.208 62 9
28.625 68 3
28.708 67 2
28.750 65 0
28.875 67 2
29.000 67 2
29.042 65 0
29.083 62 9
29.125 65 0
30.125 60 7
30.208 60 7
30.250 69 4
30.375 69 4
30.500 69 4
30.583 69 4
30.625 68 3
30.750 68 3
30.875 67 2
30.958 65 0
31.000 65 0
31.125 67 2
31.375 64 11
31.417 62 9
31.458 60 7
31.500 62 9
32.208 60 7
32.250 60 7
32.375 60 7
32.458 60 7
32.500 60 7
32.583 65 0
32.708 65 0
33.125 57 4
33.250 58 5
33.375 60 7
33.500 55 2
33.750 60 7
34.208 60 7
34.250 68 3
34.375 67 2
34.458 65 0
34.500 68 3
34.625 67 2
34.708 65 0
34.750 68 3
34.875 67 2
34.958 65 0
35.000 65 0
35.125 67 2
35.250 68 3
35.375 67 2
35.458 65 0
35.500 65 0
35.625 67 2
35.833 65 0
35.875 65 0
36.000 69 4
36.083 69 4
36.125 67 2
36.208 65 0
36.250 69 4
36.333 69 4
36.375 67 2
36.500 69 4
36.625 68 3
36.750 68 3
36.833 68 3
37.000 65 0
37.062 67 2
37.125 67 2
37.375 65 0
37.500 68 3
37.562 67 2
37.625 67 2
37.875 65 0
38.000 70 5
38.250 69 4
38.375 67 2
38.458 65 0
38.500 65 0
39.125 69 4
39.250 77 0
39.375 67 2
39.500 67 2
39.750 68 3
39.833 67 2
45.125 57 4
45.250 58 5
45.375 60 7
45.500 55 2
45.750 60 7
50.000 72 7
50.125 69 4
50.208 67 2
50.250 69 4
50.333 67 2
50.375 67 2
50.458 65 0
50.500 65 0
50.625 65 0
50.667 67 2
51.125 65 0
51.208 62 9
51.250 67 2
51.375 60 7
52.125 58 5
52.167 60 7
52.250 60 7
52.375 60 7
52.500 60 7
52.583 65 0
52.625 65 0
52.708 65 0
53.125 57 4
53.250 58 5
53.375 60 7
53.500 55 2
53.750 60 7
54.125 69 4
54.250 69 4
54.375 69 4
54.458 68 3
54.500 69 4
54.583 69 4
54.625 67 2
54.708 65 0
54.750 65 0
54.833 65 0
54.875 62 9
55.000 65 0
55.125 67 2
55.375 60 7
56.125 60 7
56.208 60 7
56.250 60 7
56.375 60 7
56.458 60 7
56.500 60 7
56.583 65 0
56.625 58 5
56.708 58 5
56.875 57 4
56.958 61 8
57.333 64 11
57.583 69 4
57.625 70 5
57.708 69 4
58.000 70 5
58.250 69 4
58.375 67 2
58.458 65 0
58.500 65 0
59.125 69 4
59.250 77 0
59.375 67 2
59.500 67 2
59.750 68 3
59.833 67 2
61.125 70 5
61.250 69 4
61.375 67 2
61.458 65 0
61.500 65 0
62.125 77 0
62.250 68 3
62.375 67 2
62.500 67 2
62.750 68 3
62.833 67 2
64.125 70 5
64.250 70 5
64.375 70 5
64.458 69 4
64.500 69 4
64.625 65 0
65.125 68 3
65.250 67 2
65.375 67 2
65.500 67 2
65.750 68 3
65.833 67 2
