4.375 57 9
4.438 60 0
4.625 60 0
4.688 57 9
4.812 62 2
4.938 57 9
6.375 45 9
6.500 57 9
6.562 59 11
6.625 60 0
6.750 57 9
6.875 62 2
8.375 57 9
8.438 60 0
8.625 60 0
8.688 57 9
8.875 62 2
9.062 57 9
9.125 57 9
9.375 55 7
9.625 57 9
10.375 55 7
10.438 64 4
10.625 62 2
10.750 60 0
10.938 57 9
11.062 62 2
11.625 60 0
11.875 62 2
12.250 64 4
12.438 64 4
13.250 64 4
13.375 64 4
14.125 52 4
14.188 52 4
14.250 64 4
14.438 64 4
14.625 62 2
15.125 52 4
15.188 52 4
15.250 64 4
16.250 64 4
16.375 64 4
17.125 52 4
17.188 64 4
17.312 64 4
17.500 64 4
17.625 62 2
17.688 57 9
18.188 64 4
18.312 64 4
18.500 64 4
18.688 60 0
18.875 55 7
18.938 55 7
19.125 64 4
19.375 64 4
19.750 60 0
19.875 57 9
19.938 57 9
24.625 57 9
24.688 60 0
24.750 60 0
24.812 57 9
24.938 62 2
25.125 57 9
26.188 55 7
26.250 57 9
26.375 57 9
26.438 57 9
26.625 59 11
26.875 60 0
26.938 57 9
27.062 62 2
28.375 57 9
28.438 57 9
28.625 59 11
28.750 60 0
28.812 60 0
28.875 57 9
29.000 62 2
29.188 57 9
30.125 57 9
30.188 57 9
30.312 57 9
30.438 64 4
30.625 62 2
30.688 60 0
30.812 57 9
30.938 62 2
31.625 60 0
31.812 62 2
32.250 64 4
32.375 64 4
33.250 64 4
33.375 64 4
34.125 53 5
34.250 64 4
34.375 64 4
34.500 64 4
34.688 62 2
34.875 60 0
35.125 62 2
35.188 64 4
35.312 64 4
36.062 52 4
36.188 64 4
36.750 52 4
36.875 52 4
37.125 63 3
37.250 62 2
37.375 60 0
37.562 57 9
37.688 57 9
37.812 55 7
38.125 64 4
38.188 64 4
38.312 62 2
38.438 60 0
38.562 55 7
38.875 64 4
38.938 64 4
39.062 62 2
39.188 60 0
39.312 55 7
39.625 62 2
44.375 55 7
44.438 55 7
44.500 57 9
44.625 59 11
44.812 60 0
44.938 57 9
45.062 62 2
45.188 57 9
46.312 57 9
46.375 57 9
46.500 57 9
46.625 59 11
46.688 60 0
47.000 57 9
47.125 62 2
48.312 57 9
48.375 57 9
48.500 57 9
48.625 59 11
48.812 60 0
48.875 57 9
49.062 62 2
49.250 57 9
50.312 55 7
50.375 55 7
50.438 64 4
50.562 62 2
50.812 60 0
50.875 57 9
51.062 62 2
52.125 52 4
52.188 52 4
52.250 64 4
52.375 64 4
52.500 64 4
53.125 64 4
53.333 64 4
53.417 64 4
53.500 64 4
54.062 55 7
54.188 64 4
54.312 64 4
54.438 64 4
54.562 62 2
54.688 60 0
54.875 57 9
55.125 64 4
55.312 64 4
55.500 64 4
56.125 52 4
56.188 64 4
56.833 55 7
56.917 55 7
57.000 63 3
57.125 62 2
57.250 60 0
57.625 57 9
57.812 55 7
58.125 64 4
58.375 60 0
58.500 60 0
58.625 60 0
58.750 55 7
58.875 55 7
59.000 64 4
59.125 64 4
59.250 62 2
59.375 60 0
59.625 62 2
59.812 60 0
60.125 67 7
60.375 65 5
60.438 64 4
60.500 60 0
60.625 62 2
60.938 67 7
61.188 67 7
61.250 65 5
61.312 64 4
61.438 60 0
61.875 67 7
62.250 65 5
62.312 64 4
62.438 60 0
62.562 62 2
62.875 67 7
63.188 67 7
63.250 65 5
63.312 64 4
63.438 60 0
63.875 55 7
63.938 67 7
64.125 65 5
64.375 64 4
64.438 60 0
64.625 62 2
64.875 55 7
64.938 67 7
65.062 67 7
65.188 65 5
65.312 64 4
65.438 62 2
65.938 62 2
66.000 62 2
66.125 62 2
66.312 64 4
66.500 62 2
66.750 59 11
66.875 60 0
67.375 55 7
67.438 60 0
67.562 64 4
67.750 62 2
67.875 60 0
68.375 57 9
68.438 60 0
68.562 62 2
68.625 64 4
68.750 65 5
68.875 64 4
69.250 64 4
69.375 64 4
70.250 64 4
70.438 64 4
71.250 64 4
71.375 64 4
71.625 62 2
71.750 60 0
71.875 57 9
72.000 64 4
72.125 64 4
72.250 62 2
72.375 64 4
73.250 65 5
73.375 64 4
74.250 64 4
74.312 64 4
74.438 64 4
74.625 60 0
75.250 64 4
75.375 64 4
76.125 64 4
76.375 62 2
76.438 60 0
76.500 55 7
77.250 64 4
77.375 64 4
77.750 62 2
77.875 60 0
78.125 63 3
78.250 62 2
78.375 60 0
78.625 55 7
78.688 57 9
78.812 55 7
79.125 64 4
79.188 64 4
79.312 62 2
79.438 60 0
79.562 55 7
79.875 64 4
79.938 64 4
80.125 62 2
80.250 60 0
80.375 55 7
80.625 62 2
82.875 62 2
89.250 67 7
89.438 69 9
89.750 67 7
90.500 64 4
90.625 67 7
90.750 67 7
91.375 67 7
91.625 60 0
91.875 67 7
92.125 60 0
92.375 67 7
92.625 60 0
92.875 74 2
93.375 72 0
94.625 64 4
94.750 67 7
94.875 74 2
95.344 76 4
95.375 74 2
95.500 72 0
96.375 65 5
96.875 74 2
97.375 72 0
98.875 74 2
99.375 72 0
