6.250 60 5
6.375 60 5
6.625 62 7
6.875 63 8
7.125 67 0
7.375 69 2
7.625 70 3
7.875 70 3
8.125 69 2
8.375 67 0
8.625 65 10
8.875 64 9
12.250 60 5
12.375 60 5
12.625 62 7
12.875 63 8
13.125 67 0
13.375 69 2
13.625 70 3
13.875 70 3
14.125 69 2
14.375 67 0
14.625 65 10
14.875 64 9
15.625 62 7
16.750 62 7
17.000 64 9
18.875 65 10
18.938 64 9
19.000 62 7
19.750 62 7
20.000 64 9
23.250 60 5
23.375 60 5
23.625 58 3
23.875 57 2
24.250 57 2
24.375 60 5
24.625 62 7
24.875 62 7
25.125 60 5
25.375 58 3
25.625 57 2
25.875 58 3
25.938 57 2
26.000 55 0
29.250 60 5
29.375 60 5
29.625 62 7
29.875 63 8
30.125 62 7
30.375 60 5
30.625 63 8
30.875 62 7
31.125 60 5
31.375 58 3
31.625 57 2
31.875 58 3
32.500 57 2
33.000 55 0
33.750 62 7
34.000 64 9
35.875 65 10
35.938 64 9
36.000 62 7
36.750 62 7
37.000 64 9
47.750 53 5
48.000 55 7
48.125 57 9
48.250 60 0
48.312 57 9
48.438 56 8
48.562 56 8
48.688 56 8
48.750 60 0
48.875 62 2
50.000 57 9
50.125 57 9
50.250 60 0
50.312 57 9
50.438 56 8
50.562 56 8
50.625 56 8
50.688 56 8
50.750 60 0
50.875 62 2
56.000 65 5
56.062 64 4
56.125 62 2
56.188 64 4
56.312 62 2
56.500 64 4
56.562 62 2
56.625 62 2
56.688 62 2
56.812 62 2
57.000 60 0
57.062 60 0
57.125 62 2
57.188 62 2
57.250 62 2
57.312 62 2
57.375 62 2
57.438 63 3
57.562 60 0
58.000 62 2
58.062 62 2
58.125 62 2
58.188 63 3
58.312 63 3
58.438 64 4
58.562 63 3
58.688 63 3
58.750 63 3
58.875 63 3
59.000 63 3
59.062 63 3
59.125 63 3
59.188 63 3
59.250 63 3
59.312 63 3
59.375 63 3
59.438 63 3
59.562 63 3
59.688 63 3
59.812 63 3
59.938 63 3
60.071 60 0
62.000 72 0
81.000 63 3
81.500 62 2
82.250 62 2
82.500 61 1
82.812 62 2
82.938 64 4
83.000 65 5
83.500 64 4
83.875 64 4
84.125 62 2
85.250 62 2
85.438 64 4
85.500 65 5
85.750 60 0
86.250 62 2
86.438 64 4
86.500 65 5
86.750 60 0
87.000 59 11
87.125 64 4
87.375 65 5
87.500 64 4
88.000 57 9
88.125 64 4
88.375 65 5
88.500 64 4
89.000 63 3
89.500 62 2
90.250 62 2
90.500 61 1
90.812 62 2
90.938 64 4
91.000 65 5
91.500 67 7
91.750 67 7
91.875 65 5
92.062 65 5
92.500 64 4
92.750 62 2
93.250 62 2
93.438 64 4
93.500 65 5
93.750 60 0
94.250 62 2
94.438 64 4
94.500 65 5
94.750 60 0
95.000 59 11
95.125 64 4
95.375 65 5
95.500 64 4
96.000 57 9
96.125 64 4
96.375 65 5
96.625 64 4
97.125 63 3
97.250 67 7
97.375 63 3
97.625 62 2
97.750 67 7
97.875 62 2
98.125 62 2
98.250 65 5
98.375 62 2
98.625 61 1
98.750 64 4
98.875 61 1
99.125 62 2
99.250 65 5
99.375 62 2
99.625 61 1
99.750 64 4
99.875 61 1
100.125 62 2
100.250 65 5
100.375 62 2
100.500 65 5
100.625 64 4
100.750 62 2
100.875 61 1
101.125 62 2
101.250 65 5
101.375 62 2
101.625 60 0
101.750 64 4
101.875 60 0
102.125 58 10
102.250 62 2
102.375 58 10
102.625 57 9
102.750 60 0
102.875 57 9
103.125 56 8
103.250 59 11
103.375 56 8
103.500 57 9
103.750 59 11
104.125 56 8
104.250 59 11
104.375 56 8
104.500 57 9
104.750 59 11
105.000 57 9
