6.000 59 9
6.125 62 0
6.250 62 0
6.375 62 0
6.625 64 2
6.750 62 0
6.875 66 4
7.000 66 4
8.000 64 2
8.125 66 4
8.250 65 3
8.375 66 4
8.500 64 2
8.625 62 0
8.750 62 0
8.875 62 0
9.000 64 2
9.125 66 4
9.375 66 4
10.000 65 3
10.125 66 4
10.250 65 3
10.375 66 4
10.500 64 2
10.625 62 0
10.750 62 0
10.875 66 4
11.125 66 4
11.250 66 4
11.375 64 2
11.625 62 0
12.000 64 2
12.125 66 4
12.250 64 2
12.375 66 4
12.500 64 2
12.625 62 0
12.750 62 0
13.000 64 2
13.125 66 4
13.375 66 4
14.000 64 2
14.125 64 2
14.375 62 0
14.500 64 2
14.625 64 2
14.875 64 2
15.125 66 4
15.875 65 3
16.250 64 2
16.375 62 0
16.500 64 2
16.625 62 0
16.875 62 0
17.125 59 9
17.875 66 4
18.125 66 4
18.875 66 4
19.125 66 4
19.875 66 4
20.125 66 4
20.250 64 2
20.375 62 0
20.500 64 2
20.750 62 0
22.000 59 9
22.125 62 0
22.250 62 0
22.375 59 9
22.500 62 0
22.750 64 2
22.875 66 4
23.125 66 4
24.000 65 3
24.125 66 4
24.250 65 3
24.375 66 4
24.500 64 2
24.625 62 0
24.750 62 0
24.875 62 0
25.000 64 2
25.125 66 4
25.375 66 4
26.000 65 3
26.125 66 4
26.250 65 3
26.375 66 4
26.500 64 2
26.625 62 0
26.750 62 0
26.875 66 4
27.125 66 4
27.250 65 3
27.375 66 4
27.500 64 2
27.625 62 0
28.000 66 4
28.125 66 4
28.250 65 3
28.375 66 4
28.500 64 2
28.625 62 0
28.750 62 0
28.875 62 0
29.000 64 2
29.125 66 4
29.250 66 4
29.500 66 4
30.000 64 2
30.125 64 2
30.375 62 0
30.500 64 2
30.625 64 2
30.875 64 2
31.125 66 4
31.875 65 3
32.250 64 2
32.375 62 0
32.500 64 2
32.625 62 0
32.875 62 0
33.125 59 9
33.875 66 4
34.125 66 4
34.875 66 4
35.125 66 4
35.875 66 4
36.125 66 4
36.250 64 2
36.375 62 0
36.500 64 2
36.750 62 0
55.875 66 4
56.125 66 4
56.875 66 4
57.125 66 4
57.875 66 4
58.125 66 4
58.250 64 2
58.375 62 0
58.500 64 2
58.750 62 0
66.000 59 9
66.125 62 0
66.250 59 9
66.375 62 0
66.625 64 2
66.750 62 0
66.875 66 4
67.125 66 4
68.000 65 3
68.125 66 4
68.250 65 3
68.375 66 4
68.500 64 2
68.625 62 0
68.750 62 0
68.875 64 2
69.125 66 4
69.250 66 4
69.375 66 4
70.000 66 4
70.125 66 4
70.250 65 3
70.375 66 4
70.500 64 2
70.625 62 0
70.875 66 4
71.125 66 4
71.250 65 3
71.375 66 4
71.500 64 2
71.625 62 0
72.000 65 3
72.125 66 4
72.250 65 3
72.375 66 4
72.500 64 2
72.625 62 0
72.750 62 0
72.875 64 2
73.125 66 4
73.250 66 4
73.375 66 4
74.000 64 2
74.125 64 2
74.375 62 0
74.500 64 2
74.625 64 2
74.875 64 2
75.125 66 4
75.875 65 3
76.250 64 2
76.375 62 0
76.500 64 2
76.625 62 0
76.875 62 0
77.125 59 9
77.875 66 4
78.125 66 4
78.875 66 4
79.125 66 4
79.875 66 4
80.125 66 4
80.250 64 2
80.375 62 0
80.500 64 2
80.750 62 0
81.875 66 4
82.125 66 4
82.875 66 4
83.125 66 4
83.875 66 4
84.125 66 4
84.250 64 2
84.375 62 0
84.500 64 2
84.750 62 0
85.875 66 4
86.125 66 4
86.875 66 4
87.125 66 4
87.875 66 4
88.125 66 4
88.250 64 2
88.375 62 0
88.500 64 2
88.750 62 0
