4.594 53 7
4.625 60 2
4.656 60 2
4.688 60 2
4.719 60 2
4.750 60 2
4.844 60 2
4.906 58 0
4.938 55 9
5.000 58 0
5.062 60 2
6.531 53 7
6.562 60 2
6.594 60 2
6.625 60 2
6.656 60 2
6.688 60 2
6.781 60 2
6.875 58 0
6.906 55 9
6.938 58 0
8.531 60 2
8.562 60 2
8.594 60 2
8.625 60 2
8.656 60 2
8.688 60 2
8.781 60 2
8.875 58 0
8.906 55 9
8.938 58 0
9.031 60 2
9.969 46 0
10.000 63 5
10.125 63 5
10.250 63 5
10.375 63 5
10.500 63 5
10.625 63 5
10.750 63 5
10.875 63 5
11.000 63 5
11.250 63 5
11.500 62 4
11.750 60 2
11.875 58 0
12.000 58 0
12.250 58 0
12.375 60 2
12.438 58 0
12.500 62 4
12.750 62 4
12.812 60 2
12.875 58 0
12.938 58 0
14.250 58 0
14.375 60 2
14.438 58 0
14.500 62 4
14.750 62 4
14.812 60 2
14.875 58 0
14.938 58 0
16.250 58 0
16.375 60 2
16.438 58 0
16.500 62 4
16.750 62 4
16.812 60 2
16.875 58 0
16.938 55 9
17.000 53 7
18.969 46 0
19.000 63 5
19.125 63 5
19.250 63 5
19.375 63 5
19.500 63 5
19.625 63 5
19.750 63 5
19.875 63 5
20.000 63 5
20.250 63 5
20.500 62 4
20.750 60 2
20.875 58 0
21.000 58 0
21.188 62 4
21.250 62 4
21.281 60 2
21.312 62 4
21.344 60 2
21.375 60 2
21.406 62 4
21.469 62 4
21.750 65 7
21.812 60 2
21.875 58 0
21.938 58 0
22.000 58 0
24.531 60 2
24.562 60 2
24.594 60 2
24.625 60 2
24.656 60 2
24.688 60 2
24.750 60 2
24.812 58 0
24.844 55 9
24.938 58 0
25.312 62 4
25.375 60 2
26.438 60 2
26.469 60 2
26.500 62 4
26.562 62 4
26.594 62 4
26.625 62 4
26.688 65 7
26.750 62 4
26.781 60 2
26.875 58 0
26.906 55 9
26.938 58 0
26.969 60 2
28.438 53 7
28.500 63 5
28.625 63 5
28.750 63 5
28.875 63 5
29.000 63 5
29.250 63 5
29.500 62 4
29.750 60 2
29.875 58 0
30.000 58 0
30.250 58 0
30.375 60 2
30.438 58 0
30.500 62 4
30.750 62 4
30.812 60 2
30.875 58 0
30.938 58 0
32.250 58 0
32.375 60 2
32.438 58 0
32.500 62 4
32.750 62 4
32.812 60 2
32.875 58 0
32.938 58 0
34.250 58 0
34.375 60 2
34.438 58 0
34.500 62 4
34.750 62 4
34.812 60 2
34.875 58 0
34.938 55 9
35.000 53 7
37.000 63 5
37.125 63 5
37.250 63 5
37.375 63 5
37.500 63 5
37.625 63 5
37.750 63 5
37.875 63 5
38.000 63 5
38.250 63 5
38.500 62 4
38.750 60 2
38.875 58 0
39.000 58 0
39.125 60 2
39.156 60 2
39.188 63 5
39.219 65 7
39.281 65 7
39.375 62 4
39.406 65 7
39.500 65 7
39.625 65 7
39.688 65 7
39.750 62 4
39.812 65 7
39.875 62 4
39.938 62 4
40.000 65 7
40.062 62 4
40.094 60 2
40.125 58 0
42.531 60 2
42.562 60 2
42.625 60 2
42.656 60 2
42.688 60 2
42.750 60 2
42.812 58 0
42.844 58 0
42.906 55 9
42.938 58 0
43.250 58 0
43.281 58 0
43.312 62 4
43.375 58 0
43.438 61 3
44.531 61 3
44.562 61 3
44.594 61 3
44.625 61 3
44.656 61 3
44.688 61 3
44.719 58 0
45.062 58 0
45.094 58 0
45.125 58 0
45.188 58 0
45.219 58 0
45.250 58 0
45.281 58 0
45.312 58 0
45.344 60 2
45.406 55 9
45.812 58 0
45.844 58 0
45.875 58 0
45.906 58 0
45.938 58 0
46.531 53 7
46.594 55 9
46.625 58 0
46.656 58 0
46.688 60 2
46.750 58 0
46.812 55 9
47.250 62 4
47.375 65 7
47.500 62 4
47.625 62 4
47.750 58 0
48.250 58 0
48.375 60 2
48.438 58 0
48.500 62 4
48.750 62 4
48.812 60 2
48.875 58 0
48.938 58 0
49.188 61 3
49.250 58 0
49.375 55 9
50.250 58 0
50.375 60 2
50.438 58 0
50.500 62 4
50.750 62 4
50.812 60 2
50.875 58 0
50.938 58 0
51.688 63 5
51.719 65 7
51.750 64 6
51.781 63 5
51.812 63 5
51.875 63 5
51.938 63 5
52.000 63 5
52.031 63 5
52.062 63 5
52.094 60 2
52.156 63 5
52.188 65 7
52.250 58 0
52.375 60 2
52.438 58 0
52.500 62 4
52.750 62 4
52.812 60 2
52.875 58 0
52.938 55 9
53.000 53 7
55.125 68 10
55.188 68 10
55.219 68 10
55.281 65 7
55.344 63 5
55.406 63 5
55.469 61 3
55.500 58 0
55.656 68 10
55.719 68 10
55.750 68 10
55.781 65 7
55.844 63 5
55.906 63 5
55.969 61 3
56.000 58 0
56.250 58 0
56.375 58 0
56.500 62 4
56.625 62 4
56.750 62 4
78.500 67 9
78.688 65 7
78.875 63 5
78.938 62 4
79.000 60 2
79.031 62 4
79.500 65 7
79.688 63 5
79.875 62 4
79.938 60 2
80.000 60 2
80.500 63 5
80.688 62 4
80.812 65 7
80.875 60 2
80.938 58 0
81.000 58 0
82.500 67 9
82.688 65 7
82.875 63 5
82.938 62 4
83.000 60 2
83.031 62 4
83.500 65 7
83.688 63 5
83.875 62 4
83.938 60 2
84.000 60 2
84.500 63 5
84.688 67 9
84.812 70 0
84.875 67 9
84.938 65 7
86.500 67 9
86.688 65 7
86.875 63 5
86.938 65 7
87.000 60 2
87.031 62 4
87.500 65 7
87.688 63 5
87.875 62 4
87.938 60 2
88.000 60 2
88.500 63 5
88.688 67 9
88.812 70 0
88.938 67 9
89.031 65 7
89.062 60 2
89.094 62 4
89.125 60 2
89.188 58 0
