4.000 50 7
4.625 50 7
4.688 50 7
4.750 52 9
4.812 50 7
4.875 48 5
5.000 50 7
6.875 47 4
6.938 47 4
7.000 47 4
7.625 47 4
7.688 48 5
7.812 47 4
7.875 45 2
8.000 47 4
10.000 50 7
10.625 50 7
10.688 52 9
10.812 50 7
10.875 48 5
10.938 50 7
13.000 47 4
13.167 47 4
13.250 47 4
13.500 47 4
13.583 43 0
13.750 45 2
13.833 42 11
14.000 43 0
15.000 50 7
15.250 54 11
15.500 57 2
15.812 57 2
15.875 57 2
16.000 55 0
16.062 55 0
16.250 55 0
16.312 55 0
16.500 52 9
16.562 50 7
16.812 50 7
16.875 50 7
17.000 50 7
17.250 54 11
17.500 57 2
17.812 55 0
17.875 55 0
18.000 55 0
18.250 55 0
18.500 52 9
18.562 50 7
18.812 47 4
18.875 45 2
19.000 43 0
19.500 47 4
20.000 50 7
20.625 47 4
20.750 48 5
20.875 45 2
21.000 47 4
21.125 50 7
21.625 43 0
21.750 45 2
21.875 42 11
22.000 43 0
31.000 50 7
31.250 54 11
31.500 57 2
31.812 57 2
31.875 57 2
32.000 55 0
32.062 55 0
32.250 55 0
32.312 55 0
32.500 52 9
32.562 50 7
32.812 50 7
32.875 50 7
33.000 50 7
33.250 54 11
33.500 57 2
33.812 55 0
33.875 55 0
34.000 55 0
34.250 55 0
34.500 52 9
34.562 50 7
34.812 47 4
34.875 45 2
35.000 43 0
35.500 47 4
36.000 50 7
36.625 47 4
36.750 48 5
36.875 45 2
37.000 47 4
37.125 50 7
37.625 43 0
37.750 45 2
37.875 42 11
38.000 43 0
38.875 50 7
39.000 50 7
39.625 50 7
39.750 52 9
39.812 48 5
40.000 50 7
41.875 47 4
42.000 47 4
42.625 47 4
42.750 45 2
42.875 42 11
43.000 43 0
45.000 50 7
45.062 50 7
45.250 50 7
45.375 50 7
45.500 52 9
45.625 48 5
45.750 50 7
48.000 47 4
48.625 47 4
48.688 47 4
48.750 48 5
48.875 45 2
49.000 47 4
50.000 50 7
50.250 54 11
50.500 57 2
50.812 57 2
50.875 57 2
51.000 55 0
51.062 55 0
51.250 55 0
51.312 55 0
51.500 52 9
51.562 50 7
51.812 50 7
51.875 50 7
52.000 50 7
52.250 54 11
52.500 57 2
52.812 55 0
52.875 55 0
53.000 55 0
53.250 55 0
53.500 52 9
53.562 50 7
53.812 47 4
53.875 45 2
54.000 43 0
54.500 47 4
55.000 50 7
55.625 47 4
55.688 48 5
55.875 45 2
56.000 47 4
56.125 50 7
56.625 43 0
56.750 45 2
56.875 42 11
57.000 43 0
58.000 50 7
58.250 54 11
58.500 57 2
58.812 57 2
58.875 57 2
59.000 55 0
59.062 55 0
59.188 55 0
59.312 55 0
59.500 52 9
59.562 50 7
59.812 50 7
59.875 50 7
60.000 50 7
60.250 54 11
60.500 57 2
60.812 55 0
60.875 55 0
61.000 55 0
61.250 55 0
61.500 52 9
61.562 50 7
61.812 47 4
61.875 45 2
62.000 43 0
62.500 47 4
63.000 50 7
63.625 47 4
63.688 48 5
63.875 45 2
64.000 47 4
64.125 50 7
64.625 43 0
64.750 45 2
64.875 42 11
65.000 43 0
65.750 47 4
65.812 45 2
66.000 43 0
66.500 47 4
67.000 50 7
67.625 47 4
67.688 48 5
67.875 45 2
68.000 47 4
68.125 50 7
68.625 43 0
68.750 45 2
68.875 42 11
69.000 43 0
69.625 43 0
69.750 45 2
69.875 42 11
70.000 43 0
70.625 43 0
70.688 45 2
70.875 42 11
71.000 43 0
71.625 43 0
71.688 45 2
71.875 42 11
