7.875 64 0
8.000 66 2
8.125 67 3
8.250 67 3
8.375 67 3
8.500 67 3
9.750 67 3
10.000 67 3
10.125 64 0
10.375 64 0
10.625 62 10
11.750 67 3
11.875 67 3
12.000 67 3
12.125 64 0
12.250 64 0
12.375 64 0
12.500 67 3
13.750 67 3
13.875 67 3
14.000 67 3
14.125 64 0
14.250 64 0
14.375 64 0
14.500 64 0
15.750 67 3
15.875 67 3
16.000 67 3
16.250 67 3
16.375 67 3
16.625 64 0
16.750 64 0
16.875 62 10
17.000 62 10
17.250 62 10
17.375 64 0
17.750 67 3
17.875 67 3
18.000 67 3
18.125 64 0
18.250 64 0
18.375 64 0
18.500 64 0
18.625 64 0
18.750 64 0
18.875 62 10
19.000 62 10
19.125 62 10
19.250 62 10
19.500 64 0
19.750 67 3
20.000 67 3
20.250 64 0
20.500 64 0
20.625 64 0
20.750 64 0
20.875 64 0
21.000 62 10
21.250 62 10
21.375 64 0
21.750 67 3
21.875 67 3
22.000 67 3
22.125 64 0
22.250 64 0
22.375 64 0
22.625 64 0
22.750 64 0
22.875 64 0
23.000 67 3
23.125 64 0
23.375 64 0
23.625 62 10
24.500 67 0
24.625 67 0
24.875 66 11
25.125 66 11
25.250 66 11
25.375 66 11
25.500 67 0
25.750 64 9
28.500 67 0
28.625 67 0
28.875 66 11
29.125 66 11
29.250 66 11
29.375 66 11
29.500 67 0
29.750 64 9
32.500 67 0
32.625 67 0
32.875 66 11
33.125 66 11
33.250 66 11
33.375 66 11
33.500 67 0
33.750 64 9
36.500 67 0
36.625 67 0
36.875 66 11
37.125 66 11
37.250 66 11
37.375 66 11
37.500 67 0
37.750 64 9
51.625 64 0
51.750 67 3
51.875 67 3
52.000 67 3
52.125 64 0
52.250 64 0
52.375 64 0
52.500 64 0
53.750 67 3
53.875 67 3
54.000 67 3
54.125 64 0
54.250 64 0
54.375 64 0
54.500 64 0
55.750 67 3
55.875 67 3
56.000 67 3
56.250 64 0
56.500 64 0
57.750 67 3
57.875 67 3
58.000 67 3
58.125 64 0
58.250 64 0
58.500 64 0
59.750 67 3
59.875 67 3
60.000 67 3
60.125 66 2
60.250 67 3
60.375 67 3
60.500 64 0
60.750 64 0
60.875 64 0
61.000 69 5
61.125 64 0
61.250 64 0
61.375 64 0
61.500 64 0
61.875 64 0
62.000 67 3
62.250 64 0
62.375 64 0
62.625 64 0
62.750 64 0
62.875 62 10
63.000 62 10
63.250 62 10
63.375 64 0
63.750 67 3
64.000 67 3
64.250 67 3
64.500 67 3
64.750 67 3
64.875 67 3
65.000 67 3
65.125 67 3
65.250 67 3
65.375 67 3
65.500 64 0
65.750 67 3
65.875 67 3
66.000 67 3
66.125 64 0
66.250 64 0
66.375 64 0
66.500 64 0
66.750 67 3
66.875 67 3
67.000 67 3
67.125 64 0
67.250 64 0
67.500 64 0
68.500 67 0
68.625 67 0
68.875 66 11
69.125 66 11
69.250 66 11
69.375 66 11
69.500 67 0
69.750 64 9
72.500 67 0
72.625 67 0
72.875 66 11
73.125 66 11
73.250 66 11
73.375 66 11
73.500 67 0
73.750 64 9
76.500 67 0
76.625 67 0
76.875 66 11
77.125 66 11
77.250 66 11
77.375 66 11
77.500 67 0
77.750 64 9
80.500 67 0
80.625 67 0
80.875 66 11
81.125 66 11
81.250 66 11
81.375 66 11
81.500 67 0
81.750 64 9
103.625 67 3
103.750 67 3
103.875 67 3
104.000 67 3
104.125 64 0
104.250 64 0
104.375 64 0
104.500 64 0
105.750 67 3
105.875 67 3
106.000 67 3
106.250 64 0
106.500 64 0
107.625 67 3
107.750 67 3
107.875 67 3
108.000 67 3
108.250 64 0
108.500 64 0
108.750 64 0
108.875 64 0
109.000 62 10
109.250 62 10
109.500 64 0
111.625 67 3
111.750 67 3
111.875 67 3
112.000 67 3
112.125 64 0
112.250 64 0
112.375 64 0
112.625 64 0
112.750 64 0
113.000 62 10
113.125 62 10
113.375 64 0
113.750 67 3
114.000 67 3
114.125 64 0
114.250 64 0
114.500 64 0
114.625 64 0
114.750 64 0
114.875 64 0
115.000 62 10
115.125 62 10
115.375 64 0
115.750 67 3
115.875 67 3
116.000 67 3
116.250 67 3
116.375 67 3
116.500 67 3
116.625 64 0
116.750 67 3
117.000 67 3
117.125 67 3
117.250 67 3
117.375 67 3
117.750 67 3
118.000 67 3
118.250 67 3
118.375 67 3
118.750 67 3
118.875 67 3
119.000 67 3
119.250 64 0
119.375 64 0
119.625 62 10
120.500 67 0
120.625 67 0
120.875 66 11
121.125 66 11
121.250 66 11
121.375 66 11
121.500 67 0
121.750 64 9
124.500 67 0
124.625 67 0
124.875 66 11
125.125 66 11
125.250 66 11
125.375 66 11
125.500 67 0
125.750 64 9
128.500 67 0
128.625 67 0
128.875 66 11
129.125 66 11
129.250 66 11
129.375 66 11
129.500 67 0
129.750 64 9
132.500 67 0
132.625 67 0
132.875 66 11
133.125 66 11
133.250 66 11
133.375 66 11
133.500 67 0
133.750 64 9
134.375 62 7
134.438 60 5
