0.125 58 7
0.250 60 9
0.375 61 10
0.500 61 10
0.625 61 10
0.750 61 10
0.875 60 9
1.000 60 9
1.250 58 7
1.500 58 7
1.750 55 4
1.875 58 7
2.125 60 9
2.875 61 10
3.125 61 10
3.250 60 9
3.375 56 5
3.500 58 7
3.750 55 4
3.875 58 7
4.125 51 0
4.750 61 10
4.875 58 7
5.000 61 10
5.250 60 9
5.500 58 7
5.625 55 4
5.875 58 7
6.125 60 9
6.875 61 10
7.125 61 10
7.250 60 9
7.500 58 7
7.750 55 4
7.875 58 7
8.125 51 0
9.000 61 10
9.125 61 10
9.250 60 9
9.375 58 7
9.625 55 4
9.875 58 7
10.125 60 9
10.875 58 7
11.125 58 7
11.250 56 5
11.375 56 5
11.500 55 4
11.750 53 2
11.875 51 0
12.875 58 7
13.125 58 7
13.250 56 5
13.375 56 5
13.500 55 4
13.750 53 2
13.875 51 0
14.125 58 7
14.250 58 7
14.375 58 7
14.500 58 7
14.625 56 5
14.750 56 5
15.000 55 4
15.125 53 2
15.250 53 2
15.375 53 2
16.125 53 2
16.250 53 2
16.375 56 5
16.500 56 5
16.625 56 5
16.750 56 5
16.875 56 5
17.000 56 5
17.125 55 4
17.375 55 4
17.500 53 2
17.625 51 0
18.125 55 4
18.250 56 5
18.375 56 5
18.500 58 7
18.625 58 7
18.750 58 7
18.875 58 7
19.000 58 7
19.125 56 5
19.250 56 5
19.375 56 5
20.125 56 5
20.250 56 5
20.375 58 7
20.500 60 9
20.625 60 9
20.750 60 9
20.875 60 9
21.000 60 9
21.250 58 7
21.375 58 7
22.125 61 10
22.250 61 10
22.375 61 10
22.500 61 10
22.625 61 10
22.750 60 9
23.000 60 9
23.250 58 7
23.500 58 7
23.750 55 4
23.875 58 7
24.125 60 9
24.875 61 10
25.125 61 10
25.250 60 9
25.375 56 5
25.500 58 7
25.750 55 4
25.875 58 7
26.125 51 0
26.750 61 10
26.875 58 7
27.000 61 10
27.250 60 9
27.500 58 7
27.625 55 4
27.875 58 7
28.125 60 9
28.875 61 10
29.125 61 10
29.250 60 9
29.500 58 7
29.750 55 4
29.875 58 7
30.125 51 0
31.000 61 10
31.125 61 10
31.250 60 9
31.375 58 7
31.625 55 4
31.875 58 7
32.125 60 9
32.875 58 7
33.125 58 7
33.250 56 5
33.375 56 5
33.500 55 4
33.750 53 2
33.875 51 0
34.875 58 7
35.125 58 7
35.250 56 5
35.375 56 5
35.500 55 4
35.750 53 2
35.875 51 0
36.125 58 7
36.250 58 7
36.375 58 7
36.500 58 7
36.625 56 5
36.750 56 5
36.875 58 7
37.000 55 4
37.250 53 2
37.375 53 2
38.125 53 2
38.250 53 2
38.375 55 4
38.500 56 5
38.625 56 5
38.750 56 5
38.875 58 7
39.000 58 7
39.125 56 5
39.250 55 4
39.375 55 4
40.125 55 4
40.250 55 4
40.375 56 5
40.500 58 7
40.625 58 7
40.750 58 7
40.875 58 7
41.000 60 9
41.125 58 7
41.250 56 5
41.375 56 5
42.125 61 10
42.250 60 9
42.375 56 5
42.500 60 9
42.625 56 5
42.750 60 9
42.875 56 5
43.000 60 9
43.250 58 7
43.375 58 7
44.125 61 10
44.250 61 10
44.375 61 10
44.500 61 10
44.625 60 9
44.750 60 9
44.875 58 7
45.000 60 9
45.250 58 7
45.500 58 7
45.750 55 4
45.875 58 7
46.125 51 0
46.875 61 10
47.125 61 10
47.250 60 9
47.375 56 5
47.500 58 7
47.750 55 4
47.875 58 7
48.125 51 0
48.750 61 10
48.875 58 7
49.000 61 10
49.250 60 9
49.500 58 7
49.625 55 4
49.875 58 7
50.125 60 9
50.875 61 10
51.125 61 10
51.250 60 9
51.500 58 7
51.750 55 4
51.875 58 7
52.125 51 0
53.000 61 10
53.125 61 10
53.250 60 9
53.375 58 7
53.625 55 4
53.875 58 7
54.125 60 9
54.875 58 7
55.125 58 7
55.250 56 5
55.375 56 5
55.500 55 4
55.750 53 2
55.875 51 0
56.875 58 7
57.125 58 7
57.250 56 5
57.375 56 5
57.500 55 4
57.750 53 2
57.875 51 0
58.125 58 7
58.250 58 7
58.500 58 7
58.625 56 5
58.750 56 5
58.875 58 7
59.000 55 4
59.250 53 2
59.375 53 2
60.125 53 2
60.250 53 2
60.375 55 4
60.500 56 5
60.625 56 5
60.750 56 5
60.875 56 5
61.000 56 5
61.250 55 4
61.375 55 4
62.125 55 4
62.250 55 4
62.375 56 5
62.500 58 7
62.625 58 7
62.750 58 7
62.875 58 7
63.000 58 7
63.125 56 5
63.250 56 5
63.375 56 5
64.125 56 5
64.250 60 9
64.500 60 9
64.625 56 5
64.750 60 9
64.875 60 9
65.250 58 7
65.375 58 7
66.125 61 10
66.250 61 10
66.375 61 10
66.500 61 10
66.625 60 9
66.750 60 9
67.000 58 7
67.125 60 9
67.250 58 7
67.500 58 7
67.750 55 4
67.875 58 7
68.125 51 0
68.875 61 10
69.125 61 10
69.250 60 9
69.375 56 5
69.500 58 7
69.750 55 4
69.875 58 7
70.125 51 0
70.750 61 10
70.875 58 7
71.000 61 10
71.250 60 9
71.500 58 7
71.625 55 4
71.875 58 7
72.125 60 9
72.875 61 10
73.125 61 10
73.250 60 9
73.500 58 7
73.750 55 4
73.875 58 7
74.125 51 0
75.000 61 10
75.125 61 10
75.250 60 9
75.375 58 7
75.625 55 4
75.875 58 7
76.125 60 9
76.875 58 7
77.125 58 7
77.250 56 5
77.375 56 5
77.500 55 4
77.750 53 2
77.875 51 0
78.875 58 7
79.125 58 7
79.250 56 5
79.375 56 5
79.500 55 4
79.750 53 2
79.875 51 0
80.125 58 7
80.250 58 7
80.375 58 7
80.500 58 7
80.625 60 9
80.750 56 5
80.875 56 5
81.000 55 4
81.125 53 2
81.375 53 2
82.125 53 2
82.250 53 2
82.375 55 4
82.500 56 5
82.625 56 5
82.750 56 5
82.875 56 5
83.000 56 5
83.125 55 4
83.375 55 4
84.125 55 4
84.250 55 4
84.375 56 5
84.500 58 7
84.625 58 7
84.750 58 7
84.875 58 7
85.000 58 7
85.125 56 5
85.375 56 5
86.125 58 7
86.250 60 9
86.375 60 9
86.500 60 9
86.625 60 9
86.750 60 9
86.875 60 9
87.000 60 9
87.375 58 7
88.125 61 10
88.250 61 10
88.375 61 10
88.500 61 10
88.625 60 9
88.750 60 9
88.875 60 9
89.000 60 9
89.250 58 7
89.500 58 7
89.750 55 4
89.875 58 7
90.125 60 9
90.875 61 10
91.125 61 10
91.250 60 9
91.375 56 5
91.500 58 7
91.750 55 4
91.875 58 7
92.125 51 0
92.750 61 10
92.875 58 7
93.000 61 10
93.250 60 9
93.500 58 7
93.625 55 4
93.875 58 7
94.125 60 9
94.875 61 10
95.125 61 10
95.250 60 9
95.500 58 7
95.750 55 4
95.875 58 7
96.125 51 0
97.000 61 10
97.125 61 10
97.250 60 9
97.375 58 7
97.625 55 4
97.875 58 7
98.125 60 9
98.875 58 7
99.125 58 7
99.250 56 5
99.375 56 5
99.500 55 4
99.750 53 2
99.875 51 0
100.875 58 7
101.125 58 7
101.250 56 5
101.375 56 5
101.500 55 4
101.750 53 2
101.875 51 0
