3.750 63 0
3.917 63 0
4.167 63 0
4.250 63 0
4.500 63 0
5.000 63 0
5.250 60 9
5.500 60 9
5.750 58 7
5.917 58 7
6.000 55 4
7.750 63 0
7.917 63 0
8.167 63 0
8.250 63 0
8.500 63 0
9.000 63 0
9.250 60 9
9.500 60 9
9.750 58 7
9.917 58 7
10.000 55 4
11.667 63 0
11.917 63 0
12.000 63 0
12.167 63 0
12.250 63 0
12.500 63 0
12.667 58 7
12.750 60 9
12.917 58 7
13.000 61 10
13.250 60 9
13.417 58 7
13.500 60 9
13.750 58 7
13.917 58 7
14.000 51 0
15.667 63 0
15.917 63 0
16.000 63 0
16.250 63 0
16.500 63 0
16.667 58 7
16.917 58 7
17.000 63 0
17.250 60 9
17.500 60 9
17.750 58 7
17.917 58 7
18.000 55 4
19.667 63 0
19.917 63 0
20.000 63 0
20.250 63 0
20.500 63 0
20.667 51 0
20.917 51 0
21.000 63 0
21.250 60 9
21.500 60 9
21.750 58 7
21.917 58 7
22.000 55 4
23.667 58 7
23.750 63 0
23.917 61 10
24.000 63 0
24.250 63 0
24.417 63 0
24.750 60 9
24.917 60 9
25.000 61 10
25.250 60 9
25.417 60 9
25.750 58 7
25.917 58 7
26.000 51 0
27.667 63 0
27.917 63 0
28.000 63 0
28.250 63 0
28.417 63 0
28.500 63 0
28.750 63 0
28.917 63 0
29.000 63 0
29.167 63 0
29.250 63 0
29.500 60 9
29.750 58 7
30.000 55 4
31.667 63 0
31.917 63 0
32.000 66 3
32.250 65 2
32.417 63 0
32.500 63 0
32.750 63 0
32.917 63 0
33.000 63 0
33.167 63 0
33.250 63 0
33.333 58 7
33.500 63 0
33.750 63 0
33.917 63 0
35.667 63 0
35.917 63 0
36.167 63 0
36.417 63 0
36.500 63 0
36.917 58 7
37.000 61 10
37.167 58 7
37.250 60 9
37.500 60 9
37.667 58 7
37.917 58 7
38.000 51 0
39.667 58 7
39.750 60 9
40.000 63 0
40.500 63 0
40.667 63 0
40.750 63 0
40.917 63 0
42.000 63 0
42.500 63 0
42.667 63 0
42.750 63 0
42.917 63 0
44.000 63 0
44.500 63 0
44.667 63 0
44.750 63 0
44.917 63 0
45.000 66 3
46.000 63 0
46.500 63 0
46.667 63 0
46.750 63 0
46.917 63 0
47.667 63 0
47.917 63 0
48.000 63 0
48.250 63 0
48.500 63 0
48.917 58 7
49.000 61 10
49.250 60 9
49.500 60 9
49.750 58 7
50.000 58 7
50.083 51 0
50.667 63 0
51.167 67 4
51.417 67 4
63.667 63 0
63.750 63 0
63.917 60 9
64.000 63 0
64.167 63 0
64.417 63 0
65.000 63 0
65.167 58 7
65.250 60 9
65.417 58 7
65.500 60 9
65.667 58 7
65.917 58 7
66.000 55 4
67.667 63 0
67.750 63 0
67.917 60 9
68.000 63 0
68.167 63 0
68.500 63 0
69.000 63 0
69.167 58 7
69.250 60 9
69.417 58 7
69.500 63 0
69.667 63 0
69.917 63 0
71.667 63 0
71.750 63 0
71.917 63 0
72.000 63 0
72.167 63 0
72.417 63 0
72.750 61 10
72.917 61 10
73.000 61 10
73.250 60 9
73.500 60 9
73.750 58 7
73.917 58 7
74.000 51 0
75.667 63 0
76.000 63 0
76.500 63 0
76.667 63 0
76.750 63 0
76.917 63 0
78.000 63 0
78.500 63 0
78.667 63 0
78.750 63 0
78.917 63 0
80.000 63 0
80.500 63 0
80.667 63 0
80.750 63 0
80.917 63 0
82.000 63 0
82.500 63 0
82.667 63 0
82.750 63 0
82.917 63 0
83.667 63 0
83.917 63 0
84.000 63 0
84.250 63 0
84.500 63 0
84.917 58 7
85.000 61 10
85.250 60 9
85.500 60 9
85.750 58 7
86.000 58 7
86.083 51 0
87.667 63 0
87.750 63 0
87.917 63 0
88.000 67 4
88.167 67 4
88.250 65 2
88.417 67 4
89.000 67 4
89.083 63 0
89.250 65 2
89.333 63 0
89.500 63 0
89.750 60 9
89.917 51 0
91.667 58 7
91.750 63 0
91.917 63 0
92.167 63 0
92.250 63 0
92.417 63 0
93.000 63 0
93.167 63 0
93.333 60 9
93.500 63 0
93.750 63 0
93.917 63 0
95.667 60 9
95.750 63 0
95.917 63 0
96.000 63 0
96.250 63 0
96.417 63 0
97.000 63 0
97.167 58 7
97.250 60 9
97.417 58 7
97.500 60 9
97.750 60 9
98.000 60 9
98.083 51 0
99.667 58 7
99.750 60 9
100.000 63 0
100.500 63 0
100.667 63 0
100.750 63 0
100.917 63 0
102.000 63 0
102.500 63 0
102.667 63 0
102.750 63 0
102.917 63 0
104.000 63 0
104.500 63 0
104.667 63 0
104.750 63 0
104.917 63 0
105.000 67 4
106.000 63 0
106.500 63 0
106.667 63 0
106.750 63 0
106.917 63 0
107.667 63 0
107.917 63 0
108.000 63 0
108.250 63 0
108.500 63 0
108.667 61 10
108.917 58 7
109.000 61 10
109.250 60 9
109.500 60 9
109.750 58 7
110.000 58 7
110.083 51 0
110.917 63 0
111.083 63 0
111.167 63 0
111.250 63 0
111.417 60 9
111.500 63 0
