0.875 62 7
1.000 64 9
1.250 67 0
1.500 67 0
2.000 66 11
2.375 64 9
2.875 62 7
3.000 64 9
3.250 67 0
3.500 67 0
4.000 66 11
4.375 64 9
4.875 62 7
5.000 64 9
5.250 67 0
5.500 67 0
6.000 66 11
6.500 64 9
7.000 62 7
8.875 50 7
9.000 55 0
9.250 57 2
9.500 59 4
9.750 60 5
9.875 59 4
10.750 59 4
10.875 59 4
11.000 62 7
11.250 59 4
11.500 59 4
11.875 57 2
12.000 59 4
12.125 62 7
12.250 59 4
12.875 55 0
13.000 55 0
13.250 57 2
13.500 59 4
13.750 60 5
13.875 59 4
14.750 59 4
14.875 59 4
15.000 62 7
15.250 59 4
15.500 59 4
15.875 57 2
16.000 59 4
16.125 62 7
16.250 59 4
16.625 62 7
16.750 62 7
16.875 62 7
17.000 64 9
17.250 67 0
17.750 55 0
17.875 57 2
18.000 59 4
18.250 59 4
18.500 57 2
18.750 55 0
18.875 57 2
19.000 52 9
20.750 55 0
20.875 55 0
21.000 57 2
21.250 57 2
21.750 57 2
21.875 57 2
22.000 57 2
22.250 57 2
22.500 60 5
22.750 63 8
22.875 63 8
23.125 62 7
24.875 50 7
25.000 55 0
25.250 57 2
25.500 59 4
25.750 60 5
25.875 59 4
26.875 59 4
27.000 62 7
27.250 59 4
27.500 59 4
27.875 57 2
28.000 59 4
28.125 62 7
28.250 59 4
28.875 55 0
29.000 55 0
29.250 57 2
29.500 59 4
29.750 60 5
29.875 59 4
30.875 59 4
31.000 62 7
31.250 59 4
31.500 59 4
31.875 57 2
32.000 59 4
32.125 62 7
32.250 59 4
32.625 62 7
32.750 62 7
32.875 62 7
33.000 64 9
33.250 67 0
33.750 55 0
33.875 57 2
34.000 59 4
34.250 59 4
34.500 57 2
34.750 55 0
35.000 52 9
36.750 55 0
36.875 55 0
37.000 57 2
37.250 57 2
37.750 57 2
37.875 57 2
38.000 57 2
38.250 57 2
38.500 60 5
38.750 63 8
38.875 63 8
39.125 62 7
39.875 71 4
40.875 62 7
41.000 64 9
41.250 67 0
41.500 67 0
42.000 66 11
42.375 64 9
42.875 62 7
43.000 64 9
43.250 67 0
43.500 67 0
44.000 66 11
44.375 64 9
44.750 57 2
44.875 57 2
45.000 57 2
45.250 57 2
45.500 57 2
45.875 57 2
46.000 58 3
46.250 58 3
46.500 57 2
46.750 57 2
46.875 57 2
47.125 55 0
48.875 50 7
49.000 55 0
49.250 57 2
49.500 59 4
49.750 60 5
49.875 59 4
50.875 59 4
51.000 62 7
51.250 59 4
51.500 59 4
51.875 57 2
52.000 59 4
52.125 62 7
52.250 59 4
53.000 55 0
53.250 57 2
53.500 59 4
53.750 60 5
53.875 59 4
54.875 59 4
55.000 62 7
55.250 59 4
55.375 58 3
55.500 59 4
55.875 57 2
56.000 59 4
56.125 62 7
56.250 59 4
56.625 62 7
56.750 62 7
56.875 62 7
57.000 64 9
57.250 67 0
57.750 55 0
57.875 57 2
58.000 59 4
58.250 59 4
58.500 57 2
58.750 55 0
59.000 52 9
60.875 55 0
61.000 57 2
61.250 57 2
61.750 57 2
61.875 57 2
62.000 57 2
62.250 57 2
62.500 60 5
62.750 63 8
62.875 63 8
63.125 62 7
63.875 71 4
64.875 62 7
65.000 64 9
65.250 67 0
65.500 67 0
66.000 66 11
66.375 64 9
66.875 62 7
67.000 64 9
67.250 67 0
67.500 67 0
68.000 66 11
68.375 64 9
68.750 57 2
68.875 57 2
69.000 57 2
69.250 57 2
69.500 57 2
69.875 57 2
70.000 58 3
70.250 58 3
70.500 57 2
70.750 57 2
70.875 57 2
71.125 55 0
72.750 55 0
72.875 55 0
73.000 57 2
73.250 57 2
73.500 57 2
73.875 57 2
74.000 58 3
74.250 58 3
74.500 57 2
74.750 57 2
74.875 57 2
75.125 55 0
76.750 55 0
76.875 55 0
77.000 57 2
77.250 57 2
77.500 57 2
77.875 57 2
78.000 58 3
78.250 58 3
78.375 58 3
78.438 57 2
78.500 55 0
78.625 57 2
78.875 55 0
79.000 55 0
81.500 67 0
82.000 66 11
82.375 64 9
83.500 67 0
84.000 66 11
84.500 64 9
85.000 64 9
86.250 62 7
