7.125 52 2
7.250 50 0
7.375 50 0
7.500 55 5
7.625 50 0
7.750 50 0
7.875 48 10
8.000 50 0
9.250 50 0
9.375 50 0
9.500 53 3
9.625 50 0
9.750 53 3
9.875 53 3
10.000 50 0
10.125 48 10
11.125 57 7
11.375 57 7
11.500 60 10
11.625 57 7
11.750 57 7
11.875 57 7
12.000 57 7
12.125 55 5
13.125 50 0
13.250 50 0
13.375 50 0
13.500 53 3
13.625 50 0
13.750 53 3
13.875 53 3
14.000 50 0
15.125 57 7
15.375 57 7
15.500 60 10
15.625 57 7
15.750 59 9
15.875 60 10
16.000 57 7
16.125 55 5
16.500 57 7
17.250 50 0
17.375 50 0
17.500 54 4
17.625 50 0
17.750 53 3
17.875 53 3
18.000 50 0
19.125 53 3
19.250 52 2
19.375 50 0
19.500 57 7
19.750 57 7
20.000 57 7
20.125 50 0
21.125 52 2
21.250 50 0
21.375 50 0
21.500 53 3
21.625 50 0
21.750 53 3
21.875 53 3
22.000 50 0
22.125 48 10
23.125 57 7
23.250 57 7
23.375 57 7
23.500 57 7
23.625 57 7
23.750 57 7
23.875 57 7
24.000 55 5
25.125 50 0
25.250 50 0
25.375 50 0
25.500 53 3
25.625 50 0
25.750 53 3
25.875 53 3
26.000 50 0
27.125 55 5
27.250 57 7
27.375 60 10
27.625 57 7
27.750 60 10
27.875 60 10
28.000 57 7
28.125 55 5
29.250 50 0
29.375 50 0
29.500 54 4
29.625 50 0
29.750 54 4
29.875 54 4
30.000 50 0
31.250 50 0
31.375 50 0
31.500 55 5
31.625 55 5
31.750 55 5
31.875 53 3
32.000 57 7
32.125 50 0
33.250 50 0
33.375 50 0
33.500 54 4
33.625 54 4
33.750 56 6
33.875 54 4
34.000 57 7
34.125 50 0
35.250 50 0
35.375 50 0
35.500 54 4
35.625 54 4
35.750 56 6
35.875 54 4
36.000 57 7
36.125 57 7
36.375 55 5
37.125 50 0
37.250 50 0
37.375 50 0
37.500 53 3
37.625 53 3
37.750 55 5
37.875 53 3
38.000 57 7
38.125 50 0
39.250 57 7
39.375 57 7
39.500 60 10
39.625 57 7
39.750 60 10
39.875 60 10
40.000 57 7
40.125 55 5
40.625 57 7
42.125 48 10
42.250 50 0
42.375 50 0
42.500 54 4
42.625 50 0
42.750 50 0
42.875 48 10
43.000 50 0
44.125 48 10
44.250 50 0
44.375 50 0
44.500 54 4
44.625 50 0
44.750 50 0
44.875 48 10
45.000 50 0
46.125 57 7
46.250 57 7
46.375 57 7
46.500 60 10
46.625 57 7
46.750 57 7
46.875 57 7
47.000 57 7
47.125 55 5
48.125 50 0
48.250 50 0
48.375 50 0
48.500 54 4
48.625 50 0
48.750 52 2
48.875 48 10
49.000 57 7
49.125 50 0
50.375 57 7
50.500 60 10
50.625 57 7
50.750 60 10
50.875 60 10
51.000 57 7
51.125 55 5
52.125 50 0
52.250 50 0
52.375 50 0
52.500 53 3
52.625 50 0
52.750 53 3
52.875 53 3
53.000 50 0
53.125 48 10
66.250 50 0
66.375 50 0
66.500 55 5
66.625 55 5
66.750 55 5
66.875 53 3
67.000 57 7
67.125 50 0
68.250 50 0
68.375 50 0
68.500 53 3
68.625 53 3
68.750 55 5
68.875 53 3
69.000 57 7
69.125 50 0
70.250 50 0
70.375 50 0
70.500 54 4
70.625 54 4
70.750 56 6
70.875 54 4
71.000 57 7
71.125 57 7
71.375 55 5
72.125 50 0
72.250 50 0
72.375 50 0
72.500 53 3
72.625 53 3
72.750 55 5
72.875 53 3
73.000 57 7
73.125 50 0
74.250 57 7
74.375 57 7
74.500 60 10
74.625 57 7
74.750 57 7
74.875 55 5
75.000 57 7
75.125 55 5
76.125 53 3
76.250 50 0
76.375 50 0
76.500 55 5
76.625 50 0
76.750 54 4
76.875 54 4
77.000 50 0
77.125 48 10
78.250 50 0
78.375 50 0
78.500 54 4
78.625 54 4
78.750 56 6
78.875 54 4
79.000 57 7
79.125 50 0
80.250 50 0
80.375 50 0
80.500 54 4
80.625 54 4
80.750 56 6
80.875 54 4
81.000 57 7
81.125 57 7
81.375 55 5
82.125 50 0
82.250 50 0
82.375 50 0
82.500 53 3
82.625 53 3
82.750 55 5
82.875 53 3
83.000 57 7
83.125 50 0
84.250 57 7
84.375 57 7
84.500 60 10
84.625 57 7
84.750 57 7
84.875 55 5
85.000 57 7
85.125 55 5
86.000 57 7
86.250 50 0
86.375 50 0
86.500 54 4
86.625 50 0
86.750 53 3
86.875 53 3
87.000 50 0
