7.625 61 4
7.750 64 7
7.875 66 9
8.750 61 4
8.875 64 7
10.375 57 0
10.438 59 2
10.500 61 4
10.688 59 2
10.938 57 0
11.625 57 0
11.750 59 2
11.875 61 4
11.938 59 2
12.000 57 0
12.625 57 0
12.750 61 4
12.875 59 2
13.000 57 0
13.125 59 2
13.250 57 0
13.688 59 2
13.812 59 2
14.000 57 0
15.625 61 4
15.750 64 7
15.875 66 9
16.625 61 4
16.750 64 7
16.875 66 9
17.375 62 5
17.500 62 5
17.625 61 4
17.750 59 2
17.875 57 0
17.938 59 2
18.000 61 4
18.625 59 2
18.750 59 2
19.000 57 0
19.625 57 0
19.750 59 2
19.875 61 4
19.938 59 2
20.000 57 0
20.625 59 2
20.750 61 4
20.875 59 2
21.000 57 0
21.625 61 4
21.750 59 2
21.875 57 0
22.125 57 0
22.875 66 9
23.000 66 9
23.125 64 7
23.250 64 7
23.500 69 0
23.625 68 11
23.750 68 11
24.000 66 9
24.125 64 7
24.250 66 9
24.688 66 9
24.938 66 9
25.375 66 9
25.625 64 7
25.750 66 9
25.875 61 4
26.000 59 2
26.062 57 0
26.125 59 2
26.188 61 4
26.625 59 2
26.812 61 4
26.875 59 2
26.938 57 0
27.000 57 0
27.625 61 4
28.000 59 2
28.125 57 0
29.250 61 4
29.375 59 2
29.500 57 0
29.625 57 0
30.250 61 4
30.375 59 2
30.500 57 0
30.750 57 0
31.625 61 4
31.750 64 7
31.875 66 9
32.625 61 4
32.750 64 7
32.833 64 7
32.917 66 9
33.000 64 7
33.312 66 9
34.375 60 3
34.500 61 4
34.625 61 4
34.750 59 2
35.000 57 0
35.625 57 0
35.750 59 2
35.875 61 4
36.062 59 2
36.125 57 0
36.875 60 3
37.000 61 4
37.125 59 2
37.250 57 0
37.625 57 0
37.750 59 2
38.000 57 0
39.625 61 4
39.750 64 7
39.875 64 7
40.000 66 9
40.625 61 4
40.750 66 9
40.938 66 9
41.375 66 9
41.500 66 9
41.688 64 7
41.875 60 3
42.000 59 2
42.062 57 0
42.125 59 2
42.188 61 4
42.625 59 2
42.750 59 2
43.000 57 0
43.625 57 0
43.750 59 2
43.875 61 4
43.938 59 2
44.000 57 0
44.625 59 2
44.750 61 4
44.875 59 2
45.000 57 0
45.625 61 4
45.750 59 2
45.875 57 0
46.125 57 0
46.875 66 9
47.000 66 9
47.125 64 7
47.250 64 7
47.500 69 0
47.625 68 11
47.750 68 11
48.000 66 9
48.125 64 7
48.250 66 9
48.625 66 9
48.875 66 9
49.375 66 9
49.625 64 7
49.875 60 3
49.938 59 2
50.000 57 0
50.125 59 2
50.188 61 4
50.625 59 2
50.812 61 4
50.875 59 2
50.938 57 0
51.000 59 2
51.062 57 0
51.625 66 9
51.875 60 3
51.938 59 2
52.000 57 0
52.125 59 2
52.188 57 0
53.250 61 4
53.375 59 2
53.500 57 0
53.750 57 0
54.250 61 4
54.375 59 2
54.500 57 0
54.688 57 0
71.000 66 9
71.125 64 7
71.250 64 7
71.500 69 0
71.625 68 11
71.750 68 11
72.000 66 9
72.125 64 7
72.250 66 9
72.625 66 9
72.875 66 9
73.375 66 9
73.625 64 7
73.875 60 3
74.000 59 2
74.062 57 0
74.125 59 2
74.188 61 4
74.625 59 2
74.812 61 4
74.875 59 2
74.938 57 0
75.000 59 2
75.062 57 0
75.625 66 9
75.875 60 3
76.000 57 0
76.188 59 2
76.875 61 4
77.000 59 2
77.062 57 0
77.250 57 0
77.875 61 4
78.000 59 2
78.062 57 0
78.250 57 0
78.875 66 9
79.000 66 9
79.125 64 7
79.250 64 7
79.375 66 9
79.500 64 7
79.625 66 9
79.750 64 7
79.875 66 9
