5.625 59 7
5.750 61 9
5.875 59 7
6.000 64 0
6.125 64 0
6.250 64 0
6.375 64 0
6.500 61 9
6.750 59 7
6.875 56 4
7.000 59 7
7.125 59 7
7.250 59 7
7.375 59 7
7.500 56 4
7.625 54 2
7.750 52 0
9.625 59 7
9.750 61 9
9.875 59 7
10.000 64 0
10.125 64 0
10.250 64 0
10.500 62 10
10.625 61 9
10.750 59 7
10.875 56 4
11.000 58 6
11.125 58 6
11.250 59 7
11.375 59 7
11.500 54 2
11.750 52 0
13.562 57 5
13.875 57 5
14.000 57 5
14.125 57 5
14.250 57 5
14.375 55 3
14.500 57 5
14.625 52 0
15.000 63 11
15.125 63 11
15.250 64 0
15.375 64 0
15.500 63 11
15.875 52 0
16.000 54 2
16.188 47 7
16.375 43 3
16.500 42 2
16.750 40 0
16.875 40 0
17.000 40 0
17.125 40 0
17.250 40 0
17.500 40 0
18.000 57 5
18.125 57 5
18.375 54 2
18.500 57 5
18.625 52 0
18.875 55 3
19.000 64 0
19.125 64 0
19.250 64 0
19.375 64 0
19.500 59 7
19.750 59 7
19.875 61 9
20.000 64 0
20.250 64 0
20.500 62 10
20.625 61 9
20.750 59 7
20.875 52 0
21.000 55 3
21.250 64 0
21.500 55 3
21.750 54 2
22.000 52 0
27.625 59 7
27.750 61 9
27.875 59 7
28.000 64 0
28.125 64 0
28.250 64 0
28.375 64 0
28.500 62 10
28.625 61 9
28.750 59 7
28.875 56 4
29.000 59 7
29.125 59 7
29.250 59 7
29.375 59 7
29.500 55 3
29.625 54 2
29.750 52 0
31.625 59 7
31.750 61 9
31.875 59 7
32.000 64 0
32.125 64 0
32.250 64 0
32.375 64 0
32.500 62 10
32.625 61 9
32.750 59 7
32.875 56 4
33.000 59 7
33.125 59 7
33.250 59 7
33.500 54 2
33.750 52 0
35.625 57 5
35.750 57 5
35.875 57 5
36.000 57 5
36.125 57 5
36.250 57 5
36.375 54 2
36.500 57 5
36.750 57 5
36.875 57 5
37.000 63 11
37.125 64 0
37.250 63 11
37.500 64 0
37.750 44 4
37.875 42 2
38.000 44 4
38.250 42 2
38.375 42 2
38.500 40 0
38.750 40 0
38.875 40 0
39.000 40 0
39.125 40 0
39.250 40 0
39.375 40 0
39.500 40 0
40.000 54 2
40.125 57 5
40.375 54 2
40.500 57 5
40.625 52 0
40.875 57 5
41.000 64 0
41.125 64 0
41.250 64 0
41.375 64 0
41.500 59 7
41.750 59 7
41.875 61 9
42.000 64 0
42.250 64 0
42.500 62 10
42.625 61 9
42.750 59 7
42.875 52 0
43.000 55 3
43.250 64 0
43.500 55 3
43.750 54 2
44.000 52 0
49.625 59 7
49.750 61 9
49.875 59 7
50.000 64 0
50.250 64 0
50.500 62 10
50.625 61 9
50.750 59 7
50.875 56 4
51.000 59 7
51.125 59 7
51.250 59 7
51.375 61 9
51.500 56 4
51.625 54 2
51.750 52 0
53.625 59 7
53.750 61 9
53.875 59 7
54.000 64 0
54.250 64 0
54.500 62 10
54.625 61 9
54.750 59 7
54.875 56 4
55.000 59 7
55.250 59 7
55.375 61 9
55.500 54 2
55.750 52 0
57.688 57 5
57.875 57 5
58.000 57 5
58.250 57 5
58.375 57 5
58.625 57 5
58.750 57 5
58.875 57 5
59.000 61 9
59.125 64 0
59.375 63 11
60.000 44 4
60.125 42 2
60.250 44 4
60.375 40 0
60.500 40 0
60.750 40 0
60.875 40 0
61.000 40 0
61.125 40 0
61.250 40 0
61.500 40 0
62.000 57 5
62.125 57 5
62.375 54 2
62.500 57 5
62.625 52 0
62.875 57 5
63.000 64 0
63.125 64 0
63.250 64 0
63.375 64 0
63.500 59 7
63.750 59 7
63.875 61 9
64.000 64 0
64.250 64 0
64.500 62 10
64.625 61 9
64.750 59 7
64.875 52 0
65.000 55 3
65.250 64 0
65.500 55 3
65.750 54 2
66.000 52 0
