11.500 61 10
11.625 63 0
11.750 63 0
11.875 61 10
11.938 66 3
12.062 63 0
13.500 61 10
13.625 58 7
13.750 56 5
13.875 54 3
13.938 56 5
14.000 54 3
15.500 61 10
15.625 63 0
15.750 63 0
15.875 61 10
15.938 66 3
16.062 63 0
17.500 61 10
17.562 58 7
17.688 56 5
17.812 54 3
17.938 56 5
18.000 54 3
19.500 61 10
19.562 63 0
19.688 63 0
19.812 63 0
19.938 66 3
20.062 63 0
21.438 61 10
21.562 58 7
21.750 56 5
21.875 54 3
21.938 56 5
22.125 54 3
23.500 58 7
23.562 63 0
23.688 63 0
23.812 63 0
23.938 66 3
24.250 66 3
24.312 63 0
25.438 58 7
25.500 61 10
25.562 58 7
25.750 56 5
25.875 54 3
25.938 56 5
26.000 54 3
27.625 58 7
27.750 58 7
27.812 58 7
27.875 65 2
28.188 65 2
28.312 65 2
28.750 58 7
28.812 58 7
28.875 65 2
29.062 65 2
29.188 63 0
29.312 63 0
29.625 61 10
29.688 63 0
29.875 65 2
29.938 63 0
30.188 61 10
30.250 58 7
30.312 56 5
30.375 54 3
30.438 51 0
31.250 66 3
31.312 66 3
31.500 63 0
31.562 58 7
31.750 56 5
31.875 54 3
31.938 56 5
32.000 51 0
32.750 58 7
32.938 63 0
35.312 66 3
35.500 61 10
35.625 63 0
35.750 63 0
35.875 61 10
35.938 66 3
36.062 63 0
36.250 58 7
36.312 56 5
36.438 54 3
37.500 61 10
37.625 58 7
37.750 56 5
37.875 54 3
37.938 56 5
38.000 54 3
39.500 61 10
39.625 63 0
39.688 63 0
39.875 63 0
39.938 66 3
40.312 63 0
41.500 58 7
41.562 63 0
41.688 61 10
41.750 58 7
41.812 58 7
41.938 56 5
42.062 54 3
43.500 70 7
43.625 68 5
43.750 68 5
43.875 68 5
43.938 66 3
44.000 65 2
44.125 63 0
44.375 58 7
44.438 56 5
44.500 54 3
45.500 61 10
45.562 58 7
45.750 56 5
45.812 54 3
45.938 56 5
46.000 54 3
47.500 61 10
47.562 63 0
47.688 63 0
47.812 63 0
47.938 66 3
48.188 63 0
48.250 61 10
48.312 58 7
48.375 56 5
48.438 54 3
48.500 63 0
49.500 61 10
49.562 58 7
49.750 56 5
49.875 54 3
49.938 56 5
50.000 54 3
51.625 58 7
51.688 58 7
51.750 58 7
51.812 65 2
52.188 65 2
52.312 65 2
52.875 58 7
52.938 65 2
53.125 65 2
53.250 63 0
53.375 66 3
53.625 66 3
53.750 70 7
53.938 70 7
54.000 68 5
54.062 66 3
54.125 63 0
54.188 63 0
54.438 61 10
54.500 63 0
54.562 66 3
54.625 63 0
54.688 61 10
54.750 58 7
54.812 56 5
54.875 54 3
55.250 66 3
55.312 66 3
55.500 63 0
55.562 58 7
55.750 56 5
55.875 54 3
55.938 56 5
56.000 54 3
56.062 51 0
56.688 54 3
56.812 56 5
56.875 58 7
56.938 63 0
57.188 58 7
61.625 75 0
62.875 78 3
63.875 73 10
67.500 70 7
67.625 68 5
67.750 66 3
67.875 63 0
67.938 63 0
68.062 63 0
68.188 61 10
68.250 63 0
68.312 66 3
69.500 61 10
69.562 58 7
69.750 56 5
69.875 54 3
69.938 56 5
70.000 54 3
71.500 61 10
71.625 63 0
71.688 63 0
71.875 63 0
71.938 66 3
72.062 63 0
72.250 58 7
72.312 56 5
72.375 54 3
73.438 58 7
73.500 61 10
73.562 58 7
73.688 56 5
73.875 56 5
73.938 56 5
74.000 54 3
75.438 73 10
75.562 70 7
75.688 68 5
75.812 66 3
75.938 70 7
76.125 70 7
76.375 63 0
77.500 61 10
77.625 63 0
77.688 63 0
77.812 68 5
78.062 66 3
79.250 70 7
79.438 68 5
79.500 70 7
79.812 66 3
79.875 68 5
80.062 63 0
80.188 61 10
80.250 58 7
80.312 56 5
80.375 54 3
81.500 66 3
81.562 70 7
81.750 68 5
81.875 68 5
81.938 66 3
82.812 63 0
82.938 63 0
83.625 58 7
83.750 58 7
83.812 58 7
83.875 65 2
84.188 65 2
84.312 65 2
84.875 63 0
84.938 63 0
85.000 66 3
85.125 68 5
85.250 66 3
85.312 70 7
85.625 70 7
85.688 70 7
85.750 72 9
85.938 70 7
86.125 68 5
86.312 66 3
86.500 63 0
87.250 73 10
87.312 70 7
87.500 68 5
87.562 68 5
87.750 66 3
87.875 63 0
87.938 70 7
88.000 63 0
89.688 63 0
89.812 63 0
89.938 63 0
