10.000 59 7
10.188 59 7
10.250 59 7
10.500 59 7
10.688 59 7
10.750 59 7
10.875 59 7
11.000 59 7
11.188 57 5
11.438 57 5
11.812 57 5
11.938 57 5
12.000 57 5
12.375 57 5
12.438 57 5
12.500 56 4
12.875 57 5
13.000 59 7
14.125 54 2
14.250 59 7
14.312 59 7
14.375 59 7
14.625 59 7
14.688 59 7
14.812 59 7
14.875 61 9
15.125 59 7
15.188 57 5
15.375 57 5
15.875 57 5
16.000 57 5
16.062 57 5
16.125 55 3
16.188 57 5
16.750 57 5
16.875 55 3
17.000 59 7
18.250 59 7
18.375 59 7
18.500 59 7
18.750 59 7
18.938 61 9
19.188 59 7
19.250 57 5
19.438 57 5
19.750 57 5
19.875 57 5
20.000 57 5
20.125 57 5
20.562 54 2
20.625 57 5
20.688 56 4
20.875 54 2
21.000 59 7
22.250 59 7
22.375 59 7
22.625 59 7
22.875 59 7
23.000 59 7
23.188 57 5
23.750 57 5
23.875 57 5
24.000 57 5
24.562 52 0
24.688 59 7
24.750 57 5
24.875 55 3
25.000 59 7
27.250 63 11
27.375 63 11
27.438 63 11
27.625 63 11
28.250 64 0
28.375 61 9
28.438 64 0
28.625 64 0
29.000 64 0
30.625 66 2
30.812 62 10
31.000 63 11
31.062 63 11
31.125 57 5
31.375 59 7
31.750 59 7
31.875 57 5
32.125 64 0
32.375 59 7
32.438 57 5
32.625 57 5
32.750 57 5
33.000 56 4
33.125 59 7
35.250 59 7
35.375 59 7
35.438 59 7
35.750 59 7
36.000 59 7
36.062 57 5
36.188 57 5
36.750 57 5
36.812 57 5
37.000 57 5
37.125 57 5
37.250 57 5
37.375 55 3
37.438 57 5
37.562 56 4
37.750 57 5
37.875 56 4
37.938 57 5
38.000 59 7
39.250 59 7
39.375 59 7
39.438 59 7
39.750 59 7
39.875 59 7
40.000 59 7
40.062 57 5
40.188 57 5
40.750 57 5
40.875 56 4
40.938 57 5
41.250 52 0
41.750 57 5
41.875 56 4
41.938 59 7
43.125 59 7
43.250 64 0
43.375 64 0
43.438 64 0
43.750 64 0
43.875 64 0
43.938 64 0
44.125 62 10
44.250 62 10
44.750 64 0
44.875 64 0
44.938 64 0
45.125 64 0
45.312 64 0
45.750 64 0
45.875 62 10
45.938 64 0
46.125 64 0
46.375 62 10
48.250 66 2
48.375 63 11
48.438 66 2
48.562 59 7
49.125 68 4
49.375 64 0
49.500 68 4
49.625 64 0
50.000 64 0
50.812 64 0
51.000 62 10
51.062 59 7
51.562 68 4
51.875 64 0
52.000 66 2
52.125 59 7
52.375 59 7
52.750 59 7
52.875 57 5
53.125 67 3
53.312 64 0
53.500 68 4
53.688 64 0
54.000 64 0
54.625 64 0
54.875 62 10
56.125 57 5
56.250 64 0
56.375 64 0
56.438 64 0
56.750 64 0
56.875 64 0
56.938 64 0
57.125 62 10
57.375 62 10
57.750 64 0
57.875 62 10
57.938 64 0
58.125 64 0
58.188 64 0
58.750 64 0
58.875 62 10
58.938 64 0
59.125 64 0
59.375 62 10
59.438 59 7
59.875 64 0
60.000 67 3
60.062 64 0
60.188 64 0
60.500 67 3
60.625 64 0
60.875 64 0
61.000 64 0
61.062 62 10
61.188 62 10
61.750 66 2
61.812 62 10
61.938 66 2
62.125 64 0
62.188 64 0
62.750 64 0
62.875 62 10
63.000 64 0
63.125 64 0
63.375 62 10
64.250 67 3
64.375 64 0
64.500 64 0
64.750 64 0
64.875 64 0
64.938 66 2
65.125 64 0
65.188 62 10
65.312 62 10
65.750 67 3
65.875 64 0
65.938 64 0
66.250 64 0
66.438 67 3
66.750 62 10
66.938 62 10
67.000 64 0
68.125 62 10
68.188 67 3
68.375 64 0
68.500 64 0
68.750 64 0
69.000 64 0
69.125 62 10
69.188 62 10
69.750 66 2
69.812 62 10
70.000 64 0
70.125 62 10
70.188 64 0
70.375 62 10
70.438 64 0
70.750 64 0
70.938 62 10
73.250 66 2
73.375 64 0
73.438 66 2
73.625 66 2
74.125 68 4
74.312 64 0
74.438 68 4
74.625 64 0
75.000 64 0
75.562 64 0
76.000 64 0
76.625 67 3
76.812 64 0
77.000 66 2
77.125 58 6
77.375 59 7
77.750 59 7
77.875 58 6
78.125 67 3
78.312 64 0
78.500 68 4
78.688 64 0
79.000 64 0
79.562 67 3
79.875 62 10
80.438 59 7
80.500 67 3
80.562 67 3
80.750 62 10
80.812 62 10
98.250 67 3
98.375 64 0
98.438 67 3
98.562 67 3
99.125 67 3
99.312 64 0
99.438 67 3
99.625 64 0
99.938 67 3
100.625 67 3
100.938 67 3
101.500 67 3
101.625 67 3
101.875 66 2
102.000 66 2
102.125 66 2
102.375 66 2
102.625 63 11
102.750 63 11
102.875 63 11
103.125 67 3
103.250 64 0
103.375 67 3
103.625 64 0
104.000 67 3
104.500 67 3
104.938 64 0
105.625 66 2
105.750 64 0
106.000 64 0
106.125 64 0
106.375 64 0
106.625 64 0
106.750 64 0
107.000 64 0
107.125 62 10
107.188 62 10
107.812 62 10
107.875 67 3
108.375 62 10
108.500 64 0
108.562 64 0
108.938 67 3
109.875 64 0
110.000 67 3
110.125 64 0
110.375 64 0
110.625 64 0
110.750 64 0
110.875 64 0
111.250 66 2
111.375 62 10
111.438 62 10
111.688 62 10
111.750 64 0
111.875 62 10
112.000 64 0
112.250 64 0
112.375 64 0
112.750 64 0
112.938 67 3
113.688 62 10
113.750 64 0
113.875 62 10
114.000 64 0
114.125 64 0
114.500 64 0
114.688 64 0
114.938 66 2
115.125 62 10
115.250 62 10
115.750 64 0
115.875 62 10
116.000 67 3
116.125 64 0
116.188 64 0
116.625 64 0
116.875 62 10
117.000 64 0
117.875 64 0
118.000 67 3
118.312 62 10
118.438 64 0
118.625 64 0
119.000 64 0
119.125 62 10
119.188 62 10
119.750 62 10
119.812 64 0
120.000 66 2
120.188 63 11
120.750 64 0
120.875 61 9
120.938 64 0
121.812 64 0
122.000 64 0
123.250 67 3
123.375 64 0
123.438 67 3
123.625 67 3
124.125 67 3
124.312 64 0
124.438 67 3
124.625 64 0
125.000 64 0
125.562 67 3
125.938 64 0
126.625 68 4
126.750 66 2
127.000 66 2
127.125 57 5
127.375 59 7
127.625 59 7
127.750 57 5
128.125 68 4
128.312 64 0
128.375 68 4
128.562 64 0
129.000 64 0
129.562 64 0
130.000 64 0
130.125 56 4
130.625 64 0
130.750 56 4
146.750 76 0
146.812 74 10
146.938 76 0
147.125 71 7
147.750 76 0
147.812 76 0
148.000 74 10
148.750 76 0
148.875 74 10
148.938 76 0
149.062 71 7
149.625 76 0
149.688 74 10
149.750 76 0
149.812 76 0
150.000 74 10
150.688 76 0
150.812 74 10
150.875 76 0
151.125 71 7
151.750 76 0
151.812 76 0
151.938 74 10
152.688 71 7
152.750 74 10
152.875 71 7
152.938 76 0
153.125 71 7
153.750 76 0
153.875 76 0
153.938 64 0
154.688 76 0
154.938 69 5
155.750 76 0
155.938 71 7
156.750 79 3
156.938 67 3
157.625 55 3
157.938 52 0
159.125 81 5
159.312 76 0
159.500 76 0
159.562 74 10
160.125 80 4
160.312 76 0
160.500 76 0
160.562 74 10
161.125 79 3
161.312 76 0
161.500 76 0
161.562 74 10
161.875 74 10
161.938 76 0
162.125 71 7
162.688 79 3
162.875 76 0
163.000 76 0
163.062 74 10
163.625 79 3
163.812 76 0
164.000 76 0
164.062 74 10
164.625 79 3
165.000 71 7
165.562 71 7
165.688 76 0
165.812 76 0
166.000 74 10
166.062 71 7
166.625 71 7
166.750 76 0
166.875 74 10
166.938 76 0
167.125 71 7
167.625 71 7
167.688 76 0
167.812 76 0
168.000 74 10
168.250 76 0
168.750 76 0
168.875 74 10
169.000 76 0
169.125 71 7
169.625 67 3
169.688 71 7
169.812 71 7
170.000 69 5
170.125 67 3
170.625 79 3
170.812 76 0
171.000 76 0
171.062 74 10
171.625 79 3
171.812 76 0
172.000 76 0
172.062 74 10
172.625 80 4
172.812 76 0
173.000 76 0
173.062 74 10
173.625 79 3
173.812 76 0
174.000 76 0
174.062 74 10
175.125 81 5
175.312 76 0
175.500 76 0
175.562 74 10
176.125 79 3
176.312 76 0
176.500 76 0
176.562 74 10
177.125 80 4
177.312 76 0
177.500 76 0
177.562 74 10
177.875 76 0
178.938 76 0
