1.250 51 0
1.312 51 0
1.500 55 4
1.625 55 4
1.750 58 7
1.812 58 7
2.000 56 5
3.125 49 10
3.250 49 10
3.375 49 10
3.438 53 2
3.625 53 2
3.750 56 5
3.875 56 5
4.000 54 3
5.125 54 0
5.250 54 0
5.375 54 0
5.500 58 4
5.625 58 4
5.750 61 7
5.875 61 7
6.000 63 9
6.250 63 9
6.375 61 7
7.250 54 0
7.375 54 0
7.500 58 4
7.625 58 4
7.750 61 7
7.875 61 7
8.000 63 9
8.500 63 9
8.750 61 7
9.750 54 0
9.875 54 0
10.000 63 9
10.125 63 9
10.750 63 9
10.875 65 11
11.000 66 0
11.125 66 0
11.500 65 11
11.625 63 9
11.875 61 7
12.750 63 9
12.875 61 7
13.000 58 4
14.250 54 0
14.500 54 0
14.750 54 0
15.000 61 7
15.875 53 11
16.000 54 3
16.125 51 0
17.125 51 0
17.250 51 0
17.375 51 0
17.500 54 3
17.625 54 3
17.750 58 7
17.875 54 3
18.000 56 5
19.125 53 2
19.250 53 2
19.375 53 2
19.500 53 2
19.625 53 2
19.750 56 5
19.875 56 5
20.000 54 3
21.125 54 0
21.250 54 0
21.375 54 0
21.500 58 4
21.625 58 4
21.750 61 7
21.875 61 7
22.000 63 9
22.250 63 9
22.375 61 7
23.125 54 0
23.250 54 0
23.375 54 0
23.500 58 4
23.625 58 4
23.750 61 7
23.875 61 7
24.000 63 9
24.500 63 9
24.750 61 7
25.750 54 0
25.875 54 0
26.000 63 9
26.250 63 9
26.375 63 9
26.750 63 9
26.875 65 11
27.000 66 0
27.250 66 0
27.375 66 0
27.500 65 11
27.625 63 9
27.875 61 7
28.625 54 0
28.750 63 9
28.875 61 7
29.000 58 4
30.250 54 0
30.500 54 0
30.750 54 0
31.000 61 7
31.875 53 11
32.000 54 3
32.125 51 0
33.125 51 0
33.250 51 0
33.375 51 0
33.500 54 3
33.625 54 3
33.750 58 7
33.875 54 3
34.000 56 5
35.125 53 2
35.250 53 2
35.375 53 2
35.500 53 2
35.625 53 2
35.750 56 5
35.875 53 2
36.000 54 3
37.250 54 0
37.375 54 0
37.500 58 4
37.625 58 4
37.750 61 7
37.875 61 7
38.000 63 9
38.250 63 9
38.375 61 7
39.250 54 0
39.375 54 0
39.500 58 4
39.625 58 4
39.750 61 7
39.875 61 7
40.000 63 9
40.250 63 9
40.375 61 7
41.250 54 0
41.375 54 0
41.500 58 4
41.625 61 7
42.000 63 9
42.750 65 11
43.000 66 0
43.125 66 0
43.500 65 11
43.625 63 9
43.875 61 7
44.750 63 9
44.875 61 7
45.000 58 4
46.250 54 0
46.500 54 0
46.750 54 0
47.000 61 7
47.875 53 11
48.000 54 3
48.125 51 0
49.250 51 0
49.438 51 0
49.500 54 3
49.625 54 3
49.750 58 7
49.875 54 3
50.000 56 5
51.250 53 2
51.375 53 2
51.500 53 2
51.625 53 2
51.750 56 5
51.875 53 2
52.000 54 3
53.250 54 0
53.375 54 0
53.500 58 4
53.625 58 4
53.750 61 7
53.875 61 7
54.000 63 9
54.250 63 9
54.375 61 7
55.250 54 0
55.375 54 0
55.500 58 4
55.625 58 4
55.750 61 7
55.875 61 7
56.000 63 9
56.500 63 9
56.750 61 7
57.750 54 0
57.875 54 0
58.000 63 9
58.750 65 11
59.000 66 0
59.125 66 0
59.500 65 11
59.625 63 9
60.000 61 7
61.875 51 9
62.000 54 0
62.125 54 0
62.875 54 0
63.000 61 7
63.875 53 11
64.000 54 3
64.125 51 0
65.250 51 0
65.375 51 0
65.500 54 3
65.625 54 3
65.750 58 7
65.875 54 3
66.000 56 5
67.125 53 2
67.250 53 2
67.375 53 2
67.500 53 2
67.562 53 2
67.750 56 5
67.875 53 2
68.000 54 3
69.250 54 0
69.375 54 0
69.500 58 4
69.625 58 4
69.750 61 7
69.875 61 7
70.000 63 9
70.250 63 9
70.375 61 7
71.250 54 0
71.375 54 0
71.500 58 4
71.625 58 4
71.750 61 7
71.875 61 7
72.000 63 9
72.250 63 9
72.375 61 7
73.250 54 0
73.375 54 0
73.500 58 4
73.750 61 7
73.875 61 7
74.000 63 9
74.250 63 9
74.375 63 9
74.500 63 9
74.625 63 9
74.750 65 11
75.000 66 0
75.125 66 0
75.250 66 0
75.375 66 0
75.500 65 11
75.625 63 9
75.875 61 7
76.625 54 0
76.750 63 9
76.812 63 9
76.875 61 7
77.000 58 4
78.000 51 9
78.125 54 0
78.250 54 0
78.875 54 0
79.000 61 7
79.875 53 11
80.000 54 3
80.125 51 0
