8.250 59 4
8.375 62 7
8.500 64 9
8.750 59 4
8.875 59 4
9.000 59 4
9.250 57 2
9.375 57 2
9.500 55 0
9.625 57 2
9.750 59 4
9.875 57 2
10.000 55 0
10.125 57 2
10.250 57 2
10.375 57 2
10.500 57 2
10.625 55 0
10.875 55 0
11.625 67 0
11.750 67 0
11.875 67 0
12.000 67 0
12.125 66 11
12.250 64 9
12.375 66 11
12.438 64 9
12.500 62 7
12.562 60 5
12.750 59 4
12.812 57 2
12.875 59 4
12.906 57 2
12.938 55 0
13.062 57 2
13.250 57 2
13.375 57 2
13.500 55 0
13.625 55 0
14.125 64 9
14.375 59 4
14.500 57 2
14.625 55 0
14.750 55 0
14.875 55 0
15.625 62 7
15.750 64 9
15.875 62 7
16.000 67 0
16.375 64 9
16.500 67 0
16.667 64 9
16.833 62 7
17.000 64 9
17.625 62 7
17.750 64 9
17.875 62 7
18.000 69 2
18.250 67 0
18.500 67 0
18.667 64 9
18.833 62 7
19.000 64 9
19.625 62 7
19.750 64 9
19.875 62 7
20.000 69 2
20.250 67 0
20.375 64 9
20.500 67 0
20.542 64 9
20.667 64 9
20.833 62 7
21.000 64 9
21.375 59 4
21.500 60 5
21.688 59 4
21.875 59 4
21.938 57 2
22.000 55 0
22.125 57 2
22.250 55 0
23.625 65 10
23.750 69 2
24.000 64 9
24.125 62 7
24.625 71 4
24.812 69 2
24.875 67 0
25.000 67 0
26.250 67 0
26.375 64 9
26.500 64 9
26.625 62 7
26.750 62 7
26.875 64 9
27.000 59 4
27.125 59 4
27.250 57 2
27.375 57 2
27.500 55 0
27.562 57 2
27.688 59 4
27.719 57 2
27.750 55 0
28.000 57 2
28.125 57 2
28.250 57 2
28.375 57 2
28.500 57 2
28.625 55 0
28.750 55 0
28.875 55 0
29.000 52 9
29.125 50 7
29.625 67 0
29.750 67 0
29.875 67 0
30.000 67 0
30.125 66 11
30.375 64 9
30.406 66 11
30.625 64 9
30.750 62 7
30.875 60 5
31.125 60 5
31.250 59 4
31.375 57 2
31.625 55 0
31.750 55 0
32.250 64 9
32.281 59 4
32.375 58 3
32.500 57 2
32.625 55 0
32.750 55 0
32.875 55 0
33.625 62 7
33.750 64 9
33.875 62 7
34.000 69 2
34.188 71 4
34.250 69 2
34.312 67 0
34.500 67 0
34.667 64 9
34.833 62 7
35.125 62 7
35.250 64 9
35.375 67 0
35.625 64 9
35.750 67 0
35.875 64 9
36.000 69 2
36.250 64 9
36.375 62 7
36.938 67 0
37.125 64 9
37.250 67 0
37.375 64 9
37.500 67 0
37.625 64 9
37.750 67 0
37.875 69 2
38.125 71 4
38.188 69 2
38.250 67 0
38.500 69 2
38.688 64 9
39.125 67 0
39.375 62 7
39.500 64 9
39.688 62 7
39.875 59 4
40.000 60 5
40.031 59 4
40.125 57 2
40.250 55 0
40.375 55 0
41.000 64 9
41.125 67 0
41.250 69 2
41.375 67 0
41.406 69 2
41.625 67 0
41.750 69 2
42.000 67 0
42.625 71 4
42.812 69 2
42.875 67 0
43.000 67 0
43.062 69 2
43.125 71 4
45.625 67 0
45.750 64 9
45.938 67 0
46.125 64 9
46.250 62 7
47.625 64 9
47.750 67 0
47.875 69 2
48.000 67 0
48.125 69 2
48.250 64 9
48.375 62 7
49.250 71 4
49.375 69 2
49.625 67 0
49.688 69 2
49.875 64 9
50.000 64 9
50.125 62 7
50.250 62 7
51.250 69 2
51.375 69 2
51.500 67 0
51.625 64 9
51.750 67 0
51.875 64 9
52.000 67 0
52.125 64 9
52.375 69 2
52.500 67 0
52.562 64 9
52.625 62 7
52.875 64 9
53.000 67 0
53.167 66 11
53.333 64 9
53.500 67 0
53.667 66 11
53.833 64 9
54.000 67 0
54.167 66 11
54.333 64 9
54.500 67 0
54.667 64 9
54.833 67 0
55.000 69 2
55.500 71 4
55.625 71 4
55.750 71 4
55.875 69 2
56.000 71 4
56.250 69 2
56.312 67 0
56.500 69 2
56.667 64 9
56.833 67 0
57.125 64 9
57.375 67 0
57.625 69 2
57.750 69 2
57.875 67 0
58.000 71 4
58.250 69 2
58.312 67 0
58.500 67 0
58.667 64 9
58.833 62 7
59.125 71 4
59.500 71 4
59.625 71 4
59.875 71 4
60.125 69 2
60.188 67 0
60.375 64 9
60.625 69 2
60.812 64 9
61.125 67 0
61.375 64 9
61.500 67 0
61.625 64 9
61.750 67 0
61.875 69 2
62.062 71 4
62.375 69 2
62.625 71 4
62.875 71 4
63.125 69 2
63.250 69 2
63.375 67 0
63.500 67 0
63.625 69 2
63.750 71 4
63.875 69 2
64.000 71 4
64.250 69 2
64.312 67 0
64.500 69 2
64.688 64 9
64.875 76 9
65.125 74 7
65.375 72 5
65.500 71 4
65.688 69 2
65.812 67 0
65.875 69 2
66.062 69 2
66.125 67 0
66.625 69 2
67.125 71 4
67.250 71 4
67.375 69 2
67.500 71 4
67.625 69 2
67.750 71 4
67.875 71 4
68.125 69 2
68.188 67 0
68.250 69 2
68.312 67 0
68.375 64 9
68.875 69 2
69.000 64 9
69.375 62 7
69.500 71 4
69.667 69 2
69.833 67 0
70.000 67 0
70.125 64 9
70.188 62 7
70.500 69 2
70.625 67 0
71.000 69 2
71.125 67 0
71.375 76 9
71.625 71 4
71.750 69 2
71.875 67 0
