2.000 54 7
2.062 54 7
2.250 54 7
2.375 56 9
2.438 54 7
2.625 51 4
2.750 51 4
2.812 52 5
3.000 54 7
3.062 54 7
3.250 59 0
3.375 58 11
3.500 56 9
3.750 56 9
3.875 58 11
4.000 56 9
4.125 54 7
4.250 54 7
4.375 56 9
4.438 54 7
4.562 49 2
4.875 49 2
4.938 51 4
5.000 52 5
5.062 52 5
5.250 52 5
5.375 52 5
5.438 52 5
5.562 51 4
5.750 47 0
5.875 49 2
6.000 52 5
6.062 51 4
6.188 47 0
7.125 59 0
7.250 59 0
7.375 58 11
7.500 59 0
7.750 59 0
7.875 59 0
7.938 59 0
8.125 58 11
8.375 58 11
8.438 58 11
8.500 58 11
8.625 56 9
8.688 56 9
8.875 56 9
9.000 56 9
9.125 58 11
9.188 56 9
9.375 54 7
9.438 54 7
9.750 52 5
9.875 51 4
9.938 54 7
11.000 52 5
11.500 51 4
11.750 49 2
12.000 51 4
12.500 54 7
13.812 51 4
13.875 52 5
13.938 54 7
14.062 54 7
14.188 54 7
14.312 54 7
14.375 54 7
14.500 54 7
14.625 52 5
14.688 51 4
14.875 51 4
14.938 51 4
15.000 54 7
15.125 59 0
15.250 59 0
15.375 58 11
15.438 56 9
15.750 56 9
15.875 58 11
16.000 56 9
16.125 54 7
16.188 54 7
16.375 54 7
16.500 54 7
16.625 49 2
16.875 49 2
16.938 51 4
17.000 52 5
17.062 52 5
17.250 52 5
17.375 52 5
17.438 52 5
17.562 51 4
17.750 47 0
17.875 49 2
18.000 52 5
18.062 51 4
18.250 47 0
19.250 59 0
19.375 58 11
19.500 59 0
19.750 59 0
19.875 59 0
19.938 59 0
20.125 58 11
20.188 58 11
20.375 58 11
20.438 58 11
20.562 56 9
20.750 56 9
20.875 56 9
20.938 56 9
21.125 58 11
21.188 56 9
21.312 54 7
21.438 54 7
21.750 51 4
21.812 52 5
21.938 54 7
22.125 49 2
22.188 49 2
22.375 49 2
22.438 52 5
22.625 52 5
22.750 51 4
22.875 49 2
23.000 47 0
23.750 59 0
23.875 58 11
23.938 59 0
24.750 59 0
24.875 59 0
24.938 59 0
25.062 58 11
25.250 58 11
25.375 56 9
25.438 54 7
25.750 59 0
25.875 58 11
25.938 59 0
26.750 61 2
26.875 63 4
26.938 64 5
27.125 63 4
27.250 61 2
27.375 59 0
27.438 61 2
27.625 59 0
27.688 59 0
27.750 59 0
27.812 58 11
28.000 59 0
29.750 51 4
29.875 52 5
29.938 54 7
30.125 54 7
30.250 54 7
30.375 54 7
30.500 54 7
30.625 51 4
30.750 51 4
30.875 51 4
31.000 54 7
31.062 51 4
31.250 49 2
31.375 47 0
31.438 51 4
31.625 51 4
31.688 51 4
31.750 51 4
31.812 51 4
31.938 51 4
32.062 49 2
32.875 49 2
32.938 49 2
33.000 52 5
33.062 52 5
33.250 52 5
33.375 52 5
33.438 52 5
33.625 51 4
33.750 47 0
33.812 49 2
33.938 52 5
34.125 51 4
34.188 51 4
35.125 59 0
35.250 59 0
35.375 58 11
35.438 59 0
35.750 59 0
35.875 59 0
35.938 59 0
36.125 58 11
36.188 58 11
36.375 58 11
36.438 58 11
36.625 56 9
36.750 56 9
36.812 56 9
37.000 56 9
37.125 58 11
37.250 56 9
37.375 54 7
37.438 54 7
37.750 54 7
37.812 54 7
37.938 54 7
38.062 54 7
38.188 54 7
38.312 54 7
38.438 54 7
50.750 59 0
50.875 58 11
50.938 59 0
51.750 59 0
51.875 59 0
51.938 59 0
52.062 58 11
52.250 58 11
52.375 56 9
52.438 54 7
52.750 59 0
52.875 58 11
52.938 59 0
53.750 61 2
53.875 63 4
53.938 64 5
54.125 63 4
54.250 61 2
54.375 59 0
54.438 61 2
54.625 59 0
54.688 59 0
54.750 59 0
54.812 58 11
55.000 59 0
56.812 51 4
56.875 52 5
56.938 54 7
57.125 54 7
57.188 54 7
57.375 54 7
57.500 54 7
57.625 51 4
57.688 51 4
57.875 51 4
58.000 54 7
58.062 59 0
58.188 59 0
58.375 58 11
58.500 56 9
58.750 56 9
58.875 51 4
58.938 54 7
59.875 49 2
59.938 51 4
60.000 52 5
60.062 52 5
60.250 52 5
60.312 52 5
60.438 52 5
60.562 51 4
60.750 47 0
60.875 49 2
61.000 52 5
61.125 51 4
61.250 51 4
62.250 59 0
62.375 58 11
62.500 54 7
63.000 56 9
63.750 56 9
63.875 51 4
63.938 54 7
67.812 51 4
67.875 52 5
67.938 54 7
68.062 54 7
68.250 54 7
68.375 54 7
68.438 54 7
68.562 51 4
68.750 51 4
68.875 52 5
68.938 54 7
69.062 54 7
69.250 59 0
69.375 58 11
69.500 56 9
69.750 56 9
69.875 58 11
69.938 56 9
70.062 54 7
70.250 54 7
70.375 56 9
70.438 54 7
70.625 49 2
70.938 49 2
71.000 52 5
71.125 52 5
71.188 52 5
71.312 52 5
71.438 52 5
71.562 51 4
71.750 47 0
71.875 49 2
72.000 52 5
72.125 51 4
72.250 47 0
72.375 49 2
72.438 52 5
72.625 51 4
72.875 54 7
72.938 54 7
73.000 54 7
73.125 59 0
73.188 59 0
73.312 58 11
73.438 59 0
73.750 59 0
73.875 59 0
74.000 59 0
74.125 58 11
74.250 58 11
74.375 58 11
74.500 58 11
74.625 56 9
74.750 56 9
74.875 56 9
74.938 56 9
75.125 58 11
75.250 56 9
75.375 54 7
75.438 54 7
75.750 52 5
75.812 51 4
76.000 54 7
77.750 59 0
77.875 58 11
77.938 59 0
78.750 59 0
78.875 59 0
78.938 59 0
79.062 58 11
79.250 58 11
79.375 56 9
79.438 54 7
79.750 59 0
79.875 58 11
79.938 59 0
80.750 61 2
80.875 63 4
80.938 64 5
81.125 63 4
81.250 61 2
81.375 59 0
81.438 61 2
81.625 59 0
81.688 59 0
81.750 59 0
81.812 58 11
82.000 59 0
82.750 59 0
82.875 59 0
82.938 59 0
83.062 58 11
83.250 58 11
83.375 56 9
83.438 54 7
83.750 59 0
83.875 58 11
83.938 59 0
84.750 61 2
84.875 63 4
84.938 64 5
85.125 63 4
85.250 61 2
85.375 59 0
85.438 61 2
85.625 59 0
85.688 59 0
85.750 59 0
85.812 58 11
86.000 59 0
86.750 59 0
86.875 59 0
86.938 59 0
87.062 58 11
87.250 58 11
87.375 56 9
87.438 54 7
87.750 59 0
87.875 58 11
87.938 59 0
88.750 61 2
88.875 63 4
88.938 64 5
89.125 63 4
89.250 61 2
89.375 59 0
89.438 61 2
89.625 59 0
89.688 59 0
89.750 59 0
89.812 58 11
90.000 59 0
90.750 59 0
90.875 59 0
90.938 59 0
91.062 58 11
91.250 58 11
91.375 56 9
91.438 54 7
91.750 59 0
91.875 58 11
91.938 59 0
92.750 61 2
92.875 63 4
92.938 64 5
93.125 63 4
93.250 61 2
93.375 59 0
93.438 61 2
93.625 59 0
93.688 59 0
93.750 59 0
93.812 58 11
94.000 59 0
94.750 59 0
94.875 59 0
94.938 59 0
95.062 58 11
95.250 58 11
95.375 56 9
95.438 54 7
95.750 59 0
95.875 58 11
95.938 59 0
96.750 61 2
96.875 63 4
96.938 64 5
97.125 63 4
97.250 61 2
97.375 59 0
97.438 61 2
97.625 59 0
97.688 59 0
97.750 59 0
97.812 58 11
98.000 59 0
98.750 59 0
98.875 59 0
98.938 59 0
99.062 58 11
99.250 58 11
99.375 56 9
99.438 54 7
99.750 59 0
99.875 58 11
99.938 59 0
100.750 61 2
100.875 63 4
100.938 64 5
101.125 63 4
101.250 61 2
101.375 59 0
101.438 61 2
101.625 59 0
101.688 59 0
101.750 59 0
101.812 58 11
102.000 59 0
102.750 59 0
102.875 59 0
102.938 59 0
103.062 58 11
103.250 58 11
103.375 56 9
103.438 54 7
103.750 59 0
103.875 58 11
103.938 59 0
104.750 61 2
104.875 63 4
104.938 64 5
105.125 63 4
105.250 61 2
105.375 59 0
105.438 61 2
105.625 59 0
105.688 59 0
105.750 59 0
105.812 58 11
106.000 59 0
106.750 59 0
106.875 59 0
106.938 59 0
107.062 58 11
107.250 58 11
107.375 56 9
107.438 54 7
107.750 59 0
107.875 58 11
107.938 59 0
108.750 61 2
108.875 63 4
108.938 64 5
109.125 63 4
109.250 61 2
109.375 59 0
109.438 61 2
109.625 59 0
109.688 59 0
109.750 59 0
109.812 58 11
110.000 59 0
