7.875 53 0
8.000 60 7
8.125 60 7
8.500 60 7
9.375 58 5
9.625 58 5
9.875 58 5
10.125 57 4
10.188 55 2
10.250 53 0
11.750 57 4
11.875 60 7
12.000 60 7
12.125 60 7
12.250 60 7
12.375 60 7
12.625 60 7
12.875 60 7
13.000 60 7
13.250 60 7
13.375 60 7
13.625 58 5
13.875 58 5
14.000 58 5
14.125 58 5
14.375 57 4
14.500 55 2
14.625 53 0
15.625 58 5
16.000 58 5
16.125 58 5
16.250 58 5
16.375 58 5
16.500 57 4
16.625 57 4
16.750 57 4
16.875 57 4
17.000 57 4
17.125 55 2
17.250 55 2
17.625 57 4
17.875 57 4
18.000 57 4
18.125 57 4
18.250 57 4
18.375 57 4
18.625 60 7
18.875 60 7
19.000 58 5
19.125 58 5
19.625 60 7
19.750 60 7
19.875 60 7
20.000 60 7
20.125 58 5
20.250 58 5
20.375 58 5
20.625 58 5
20.875 58 5
21.125 57 4
21.375 57 4
21.625 57 4
21.875 57 4
22.125 57 4
22.250 57 4
22.375 55 2
22.625 55 2
22.750 55 2
23.625 60 7
24.000 60 7
24.125 60 7
24.250 60 7
24.375 60 7
24.750 60 7
24.875 58 5
25.000 58 5
25.125 58 5
25.500 58 5
25.625 57 4
25.750 57 4
25.875 57 4
26.125 57 4
26.188 55 2
26.250 53 0
27.625 57 4
27.750 60 7
27.875 60 7
28.250 60 7
28.375 60 7
28.500 60 7
28.625 60 7
28.750 60 7
29.000 60 7
29.125 60 7
29.250 60 7
29.375 60 7
29.625 60 7
29.875 62 9
30.500 60 7
30.750 60 7
30.875 58 5
31.500 65 0
31.625 65 0
31.750 65 0
31.875 65 0
32.000 65 0
32.250 58 5
32.375 58 5
32.625 58 5
32.750 58 5
32.875 57 4
33.000 57 4
33.125 55 2
33.625 57 4
33.750 57 4
33.875 57 4
34.000 57 4
34.125 57 4
34.250 57 4
34.375 58 5
34.625 58 5
34.750 60 7
35.000 60 7
35.250 58 5
36.375 62 9
36.875 60 7
37.000 60 7
37.125 60 7
37.500 58 5
37.625 57 4
37.875 53 0
38.000 52 11
39.625 53 0
39.750 53 0
39.875 53 0
40.250 53 0
40.375 53 0
40.500 57 4
40.625 57 4
40.750 60 7
41.000 62 9
41.125 60 7
41.250 57 4
41.375 60 7
41.875 53 0
42.000 53 0
42.125 53 0
42.250 53 0
42.375 53 0
42.500 57 4
42.625 57 4
42.875 60 7
43.125 60 7
43.375 58 5
43.500 58 5
43.625 57 4
43.750 55 2
44.375 57 4
44.625 60 7
44.750 60 7
44.875 60 7
45.000 57 4
45.125 60 7
45.250 60 7
45.375 60 7
45.500 62 9
45.625 62 9
45.750 62 9
45.875 62 9
46.000 60 7
46.125 60 7
46.250 60 7
46.375 60 7
46.500 58 5
46.625 58 5
46.750 58 5
46.875 57 4
47.000 55 2
47.625 65 0
47.750 65 0
47.875 65 0
48.125 65 0
48.375 60 7
48.500 60 7
48.750 60 7
48.875 60 7
49.000 57 4
49.125 62 9
49.625 53 0
49.875 53 0
49.938 53 0
50.000 53 0
50.125 53 0
50.250 53 0
50.375 53 0
50.500 57 4
50.625 57 4
50.750 60 7
50.875 58 5
51.000 58 5
51.125 58 5
51.375 53 0
51.500 53 0
51.625 53 0
51.750 55 2
52.125 57 4
52.250 60 7
52.375 60 7
52.625 60 7
52.750 60 7
52.875 60 7
53.000 57 4
53.125 60 7
53.375 62 9
53.750 62 9
54.000 62 9
54.125 62 9
54.375 62 9
54.500 62 9
54.750 64 11
55.000 64 11
55.375 64 11
55.625 65 0
55.875 65 0
56.125 65 0
56.375 65 0
56.500 65 0
56.625 65 0
56.875 65 0
57.125 65 0
57.375 65 0
57.500 65 0
57.750 62 9
58.000 62 9
58.125 60 7
58.375 60 7
59.625 65 0
59.875 65 0
60.000 65 0
60.250 65 0
60.375 65 0
60.500 65 0
60.625 65 0
60.750 65 0
61.000 64 11
61.125 64 11
61.375 60 7
61.500 60 7
61.750 62 9
62.000 62 9
62.500 60 7
63.000 58 5
63.625 65 0
63.750 65 0
64.000 65 0
64.125 65 0
64.375 65 0
64.625 65 0
64.750 65 0
64.875 64 11
65.000 64 11
65.125 60 7
65.750 60 7
65.875 60 7
66.125 60 7
66.250 60 7
66.375 60 7
66.625 60 7
66.875 65 0
67.125 65 0
68.125 62 9
68.375 62 9
68.625 62 9
68.875 62 9
69.125 60 7
69.250 57 4
69.375 58 5
69.500 58 5
69.625 57 4
69.875 57 4
70.000 55 2
70.125 55 2
70.250 55 2
72.000 53 0
72.375 57 4
72.625 60 7
72.875 62 9
73.125 60 7
73.375 60 7
73.875 53 0
74.000 53 0
74.125 53 0
74.250 53 0
74.375 53 0
74.500 57 4
74.750 60 7
74.875 58 5
75.125 58 5
75.375 53 0
75.500 53 0
75.625 53 0
75.750 55 2
76.250 53 0
76.375 57 4
76.625 60 7
76.875 62 9
77.125 60 7
77.375 60 7
77.500 60 7
77.875 62 9
78.125 60 7
78.375 60 7
78.500 60 7
78.875 57 4
79.125 60 7
79.375 60 7
79.500 60 7
80.125 65 0
80.250 65 0
80.375 65 0
80.625 64 11
80.750 62 9
80.875 62 9
81.000 62 9
81.125 62 9
81.250 62 9
81.375 62 9
81.500 62 9
81.875 65 0
82.000 65 0
82.125 65 0
82.375 65 0
82.500 65 0
82.625 64 11
82.875 62 9
83.125 62 9
83.375 60 7
83.500 60 7
83.625 60 7
83.750 62 9
84.250 53 0
84.375 57 4
84.625 60 7
84.875 62 9
85.125 60 7
85.375 60 7
85.500 60 7
85.750 62 9
86.000 62 9
86.062 60 7
86.125 58 5
86.625 64 11
86.875 64 11
87.000 62 9
87.062 60 7
87.625 64 11
87.875 65 0
88.125 65 0
88.750 62 9
88.812 60 7
89.500 65 0
89.625 65 0
89.875 65 0
90.125 65 0
90.375 65 0
90.500 62 9
90.750 62 9
90.875 62 9
91.000 62 9
91.250 60 7
91.375 57 4
91.500 60 7
91.625 60 7
91.875 62 9
93.625 65 0
93.750 65 0
94.000 65 0
94.250 65 0
94.500 65 0
94.750 60 7
94.875 62 9
95.000 62 9
95.125 62 9
95.250 62 9
95.375 62 9
95.750 62 9
96.000 62 9
96.625 64 11
96.750 62 9
96.875 60 7
97.000 60 7
97.625 57 4
97.750 57 4
97.875 58 5
98.125 58 5
98.375 58 5
98.500 58 5
98.750 62 9
99.000 60 7
99.625 58 5
99.750 60 7
100.000 60 7
100.125 60 7
100.250 60 7
100.375 60 7
100.500 60 7
100.750 62 9
101.000 62 9
101.062 60 7
101.125 57 4
101.750 62 9
101.875 62 9
102.125 62 9
102.250 62 9
102.375 62 9
102.500 62 9
102.625 62 9
102.750 62 9
102.875 62 9
103.000 62 9
103.125 62 9
103.375 64 11
103.500 62 9
103.875 67 2
104.000 67 2
104.125 67 2
104.250 65 0
104.375 67 2
104.625 67 2
104.750 65 0
104.875 69 4
105.000 67 2
105.062 67 2
105.125 67 2
105.250 65 0
105.375 69 4
105.625 67 2
105.750 67 2
105.875 67 2
106.125 67 2
106.375 65 0
106.500 65 0
106.625 65 0
106.875 65 0
107.000 65 0
107.250 65 0
107.375 65 0
107.750 62 9
107.875 62 9
108.000 60 7
108.125 60 7
109.375 65 0
109.500 65 0
109.625 65 0
109.875 65 0
110.125 65 0
110.250 65 0
110.500 65 0
110.750 65 0
110.875 65 0
111.000 65 0
111.125 64 11
111.250 64 11
111.375 64 11
111.750 62 9
111.875 62 9
112.250 62 9
112.500 60 7
112.750 60 7
112.875 58 5
113.625 65 0
113.875 65 0
114.125 65 0
114.250 65 0
114.375 65 0
114.500 65 0
114.625 65 0
114.750 65 0
114.875 65 0
115.375 60 7
115.500 60 7
115.625 60 7
115.750 60 7
115.875 60 7
116.000 60 7
116.125 60 7
116.375 60 7
116.500 60 7
116.625 60 7
116.875 65 0
117.125 65 0
117.625 65 0
117.750 65 0
117.875 65 0
118.000 65 0
118.125 64 11
118.250 64 11
118.375 64 11
118.500 62 9
118.625 62 9
118.750 62 9
119.000 62 9
119.125 64 11
119.188 62 9
119.250 60 7
119.625 62 9
119.750 65 0
119.875 65 0
120.000 65 0
120.125 65 0
120.375 65 0
120.500 64 11
120.625 64 11
120.875 64 11
121.125 62 9
121.750 60 7
121.875 62 9
122.000 62 9
122.125 62 9
122.375 62 9
122.500 62 9
122.875 62 9
123.250 60 7
123.625 57 4
123.875 55 2
124.000 55 2
124.125 53 0
125.250 58 5
125.375 58 5
125.625 57 4
125.750 57 4
126.000 57 4
126.125 55 2
127.625 65 0
127.750 65 0
127.875 65 0
128.125 65 0
128.188 65 0
128.250 62 9
128.375 62 9
128.875 62 9
129.000 69 4
129.125 67 2
129.250 67 2
129.375 67 2
129.500 67 2
129.750 67 2
130.000 67 2
130.875 69 4
130.938 67 2
131.000 65 0
