0.000 65 0
0.250 65 0
0.417 62 9
0.500 65 0
0.667 65 0
0.917 62 9
1.000 65 0
1.250 65 0
1.500 65 0
1.750 68 3
1.917 69 4
2.000 69 4
2.167 69 4
2.667 67 2
2.917 65 0
3.167 65 0
3.750 67 2
3.917 68 3
4.000 68 3
4.250 68 3
4.667 67 2
4.917 65 0
5.167 65 0
5.750 67 2
5.917 67 2
6.000 68 3
6.250 68 3
6.667 67 2
6.750 65 0
6.917 65 0
7.167 74 9
7.667 68 3
7.750 68 3
7.917 72 7
8.083 69 4
8.167 67 2
8.250 65 0
8.375 62 9
8.500 65 0
8.917 65 0
9.167 63 10
9.750 67 2
9.917 68 3
10.000 69 4
10.250 67 2
10.667 67 2
10.750 65 0
10.917 65 0
11.167 62 9
11.917 62 9
12.000 65 0
12.250 65 0
12.417 62 9
12.500 65 0
12.667 65 0
12.917 62 9
13.000 65 0
13.250 65 0
13.500 65 0
13.667 65 0
13.750 65 0
13.917 65 0
14.000 68 3
14.167 69 4
14.667 65 0
14.917 65 0
15.917 65 0
16.000 69 4
16.250 69 4
16.500 67 2
16.750 62 9
16.917 65 0
17.625 69 4
17.750 69 4
17.875 69 4
18.000 72 7
18.083 69 4
18.167 67 2
18.250 65 0
18.667 65 0
18.917 65 0
19.917 65 0
20.000 69 4
20.250 69 4
20.500 67 2
20.750 62 9
20.917 65 0
21.917 60 7
22.000 65 0
22.250 65 0
22.417 65 0
22.500 65 0
22.917 60 7
23.000 65 0
23.250 65 0
23.417 65 0
23.500 65 0
23.917 63 10
24.000 68 3
24.250 67 2
24.417 65 0
24.667 67 2
24.917 69 4
25.167 67 2
25.417 65 0
25.500 67 2
25.750 68 3
25.917 68 3
26.000 67 2
26.250 68 3
26.667 67 2
26.750 65 0
26.917 65 0
27.167 65 0
27.750 68 3
27.917 68 3
28.000 68 3
28.250 68 3
28.667 67 2
28.750 65 0
28.917 65 0
29.167 65 0
29.417 77 0
29.750 68 3
29.917 68 3
30.000 70 5
30.125 68 3
30.250 65 0
30.375 63 10
30.500 62 9
30.667 65 0
30.917 65 0
31.167 65 0
31.750 67 2
31.917 68 3
32.000 69 4
32.250 69 4
32.667 67 2
32.750 65 0
32.917 65 0
33.167 63 10
33.750 67 2
33.917 67 2
34.000 69 4
34.250 67 2
34.667 67 2
34.750 65 0
34.917 65 0
35.167 62 9
35.917 62 9
36.000 65 0
36.250 65 0
36.417 62 9
36.500 65 0
36.667 65 0
36.917 62 9
37.000 65 0
37.250 65 0
37.500 65 0
37.667 65 0
37.750 65 0
37.917 65 0
38.000 68 3
38.167 69 4
38.667 65 0
38.917 65 0
39.167 60 7
39.917 65 0
40.000 68 3
40.250 68 3
40.500 68 3
40.750 68 3
40.917 65 0
41.167 65 0
41.750 69 4
41.833 69 4
42.000 72 7
42.083 69 4
42.167 67 2
42.250 65 0
42.667 65 0
42.917 65 0
43.167 62 9
43.917 65 0
44.000 68 3
44.250 69 4
44.500 65 0
44.750 62 9
44.917 65 0
45.167 62 9
45.917 60 7
46.000 69 4
46.250 68 3
46.417 65 0
46.500 65 0
46.750 62 9
47.000 65 0
47.250 65 0
47.417 67 2
47.500 68 3
48.000 68 3
48.167 65 0
48.250 67 2
48.500 65 0
48.750 67 2
48.917 65 0
49.000 68 3
49.250 67 2
49.417 65 0
49.500 67 2
49.667 67 2
49.750 68 3
49.917 67 2
50.000 68 3
50.167 69 4
50.667 65 0
50.917 65 0
51.167 60 7
51.750 68 3
51.917 68 3
52.000 68 3
52.250 68 3
52.667 65 0
52.917 65 0
53.167 65 0
53.417 77 0
53.750 68 3
53.917 68 3
54.000 70 5
54.167 65 0
54.667 65 0
54.917 65 0
55.167 65 0
55.750 67 2
55.917 68 3
56.000 69 4
56.167 69 4
56.750 65 0
57.000 65 0
57.167 65 0
57.750 65 0
57.917 65 0
58.000 69 4
58.250 67 2
58.667 65 0
58.917 65 0
59.167 62 9
60.000 65 0
60.250 65 0
60.417 63 10
60.500 65 0
60.667 65 0
73.167 72 7
73.750 72 7
73.917 72 7
74.000 70 5
74.250 68 3
74.667 65 0
74.917 65 0
75.167 63 10
75.750 71 6
75.917 71 6
76.000 70 5
76.250 68 3
76.667 65 0
76.917 65 0
77.167 65 0
77.417 77 0
77.750 67 2
77.917 67 2
78.000 69 4
78.167 65 0
78.667 65 0
78.917 65 0
79.167 65 0
79.750 68 3
79.917 68 3
80.000 69 4
80.250 69 4
80.667 67 2
80.750 65 0
80.917 65 0
81.167 62 9
81.750 68 3
81.917 68 3
82.000 69 4
82.250 67 2
82.667 65 0
82.917 65 0
83.167 62 9
83.917 60 7
84.000 65 0
84.250 65 0
84.417 62 9
84.500 65 0
84.667 65 0
84.917 62 9
85.000 65 0
85.250 65 0
85.500 65 0
85.667 65 0
85.750 68 3
85.917 68 3
86.000 68 3
86.167 69 4
86.667 65 0
86.917 65 0
87.167 62 9
87.917 65 0
88.000 68 3
88.250 68 3
88.500 68 3
88.750 68 3
88.917 65 0
89.167 65 0
89.667 69 4
89.750 69 4
89.917 72 7
90.000 69 4
90.083 67 2
90.167 65 0
90.667 65 0
90.917 65 0
91.167 62 9
91.917 65 0
92.000 68 3
92.250 68 3
92.500 68 3
92.750 65 0
92.917 65 0
93.167 62 9
93.917 58 5
94.000 65 0
94.250 65 0
94.417 62 9
94.500 65 0
94.750 65 0
95.000 65 0
95.167 65 0
95.417 67 2
95.500 68 3
96.000 68 3
96.167 65 0
96.250 67 2
96.500 65 0
96.750 67 2
96.917 65 0
97.000 68 3
97.250 67 2
97.417 65 0
97.500 67 2
97.667 67 2
97.750 68 3
97.917 67 2
98.000 68 3
98.167 69 4
98.667 65 0
98.917 65 0
99.167 65 0
99.750 68 3
99.917 68 3
100.000 69 4
100.250 69 4
100.667 67 2
100.750 65 0
100.917 65 0
101.167 65 0
101.333 77 0
101.750 68 3
101.917 68 3
102.000 69 4
102.167 65 0
102.667 65 0
102.917 65 0
103.167 65 0
103.750 67 2
103.917 67 2
104.000 68 3
104.750 65 0
105.000 65 0
105.167 60 7
105.750 67 2
105.917 67 2
106.000 67 2
106.167 67 2
106.667 65 0
106.917 65 0
107.167 65 0
107.917 60 7
108.000 65 0
108.250 65 0
108.417 62 9
108.500 65 0
108.667 65 0
108.917 60 7
109.000 65 0
109.250 65 0
109.500 65 0
