23.750 56 5
23.875 58 7
24.000 61 10
24.125 63 0
24.250 66 3
24.375 63 0
24.438 58 7
24.500 61 10
24.625 63 0
25.188 58 7
25.250 61 10
25.312 58 7
25.375 61 10
25.438 58 7
25.625 61 10
25.688 58 7
25.750 61 10
25.812 58 7
25.875 58 7
25.938 56 5
26.000 54 3
26.062 51 0
29.750 61 10
29.875 63 0
30.000 70 7
30.125 63 0
30.250 68 5
30.375 68 5
30.438 66 3
30.500 68 5
30.625 68 5
30.688 66 3
30.750 63 0
31.250 61 10
31.375 58 7
31.438 63 0
31.625 58 7
31.688 58 7
31.750 61 10
31.812 56 5
31.875 58 7
32.000 56 5
32.062 54 3
32.125 51 0
33.750 58 7
33.812 56 5
34.000 61 10
34.062 58 7
34.125 61 10
34.250 58 7
34.312 61 10
34.375 58 7
34.438 58 7
34.500 58 7
34.562 56 5
34.625 61 10
34.688 58 7
35.250 61 10
35.312 61 10
35.375 58 7
35.562 68 5
35.688 66 3
35.812 63 0
35.875 63 0
35.938 61 10
37.750 61 10
37.812 63 0
37.938 63 0
38.000 63 0
38.062 63 0
38.188 63 0
38.375 66 3
39.500 70 7
39.625 70 7
39.750 68 5
39.812 66 3
39.938 70 7
40.000 66 3
40.125 66 3
40.250 63 0
40.375 63 0
40.438 58 7
61.688 56 5
61.750 58 7
61.812 58 7
61.938 68 5
62.062 66 3
62.188 63 0
62.250 61 10
62.312 63 0
62.438 61 10
62.562 58 7
62.625 54 3
63.125 58 7
63.188 61 10
63.219 61 10
63.250 61 10
63.312 61 10
63.375 61 10
63.438 58 7
63.750 61 10
63.781 58 7
63.812 58 7
63.938 56 5
64.000 54 3
67.562 58 7
67.625 61 10
67.688 58 7
67.875 61 10
67.938 61 10
68.000 61 10
68.062 58 7
68.125 61 10
68.188 58 7
68.250 61 10
68.375 58 7
68.500 61 10
68.625 58 7
69.312 58 7
69.375 61 10
69.438 58 7
69.500 68 5
69.562 66 3
69.750 63 0
69.812 61 10
69.875 63 0
70.000 63 0
71.812 58 7
71.875 58 7
72.000 61 10
72.062 61 10
72.125 61 10
72.250 61 10
72.312 58 7
72.375 61 10
72.500 56 5
72.562 58 7
73.188 61 10
73.250 61 10
73.312 61 10
73.375 58 7
73.438 61 10
73.500 61 10
73.562 56 5
73.688 56 5
73.750 61 10
73.875 58 7
74.000 56 5
74.062 54 3
74.625 69 6
74.750 66 3
74.875 63 0
75.750 61 10
75.812 63 0
75.938 63 0
76.000 66 3
76.062 66 3
76.188 66 3
76.312 61 10
76.375 61 10
76.438 63 0
77.438 69 6
77.562 68 5
77.750 66 3
77.812 65 2
78.125 69 6
78.188 69 6
78.312 68 5
