4.000 61 9
4.250 56 4
4.375 59 7
4.500 59 7
4.562 61 9
5.438 61 9
5.625 59 7
5.812 59 7
5.875 61 9
6.000 56 4
6.125 56 4
6.312 54 2
6.562 52 0
8.000 64 0
8.125 59 7
8.188 61 9
8.312 56 4
8.375 59 7
8.562 59 7
8.625 61 9
9.312 59 7
9.500 61 9
9.625 59 7
9.750 59 7
9.812 61 9
10.000 56 4
10.125 56 4
10.312 54 2
10.438 52 0
10.562 52 0
11.438 61 9
11.500 56 4
11.625 56 4
11.812 54 2
12.000 52 0
12.125 54 2
12.188 56 4
12.375 52 0
12.500 52 0
13.500 61 9
13.688 64 0
13.812 66 2
14.000 68 4
14.125 68 4
14.375 68 4
14.500 66 2
14.625 66 2
14.688 61 9
15.125 63 11
15.375 61 9
15.625 59 7
16.000 61 9
16.250 56 4
16.375 59 7
16.562 59 7
16.625 61 9
17.438 61 9
17.562 59 7
17.750 61 9
17.875 56 4
18.125 54 2
18.250 56 4
18.375 54 2
18.562 52 0
19.562 52 0
19.625 52 0
20.000 64 0
20.125 59 7
20.250 61 9
20.375 56 4
20.438 59 7
20.688 59 7
20.750 61 9
21.375 59 7
21.438 61 9
21.562 59 7
21.688 61 9
21.750 56 4
21.875 56 4
22.125 54 2
22.250 56 4
22.375 54 2
22.562 52 0
23.438 61 9
23.562 56 4
23.688 54 2
23.812 54 2
24.000 52 0
24.125 54 2
24.188 56 4
24.562 52 0
24.688 52 0
25.500 61 9
25.625 64 0
25.812 68 4
26.000 68 4
26.125 68 4
26.375 68 4
26.500 66 2
26.562 66 2
26.688 61 9
26.875 63 11
27.062 61 9
27.375 59 7
27.625 61 9
28.000 56 4
28.062 59 7
28.188 59 7
28.250 61 9
28.875 52 0
29.000 56 4
29.062 59 7
29.188 59 7
29.250 61 9
29.875 52 0
30.000 56 4
30.125 59 7
30.250 61 9
30.625 61 9
30.812 64 0
31.000 61 9
31.125 59 7
31.250 59 7
31.312 61 9
32.000 56 4
32.125 59 7
32.250 61 9
32.875 52 0
33.000 56 4
33.125 59 7
33.250 59 7
33.312 61 9
33.625 68 4
33.875 68 4
34.000 66 2
34.125 64 0
34.188 64 0
34.250 59 7
34.312 61 9
34.875 68 4
35.000 66 2
35.125 64 0
35.188 64 0
35.250 59 7
35.312 61 9
35.625 64 0
35.688 66 2
35.875 68 4
36.000 66 2
36.125 64 0
36.188 64 0
36.250 59 7
36.312 61 9
36.625 68 4
36.875 68 4
37.000 66 2
37.125 64 0
37.188 64 0
37.250 59 7
37.312 61 9
37.562 71 7
37.875 64 0
37.938 67 3
38.062 69 5
38.188 69 5
38.250 71 7
40.125 71 7
40.312 67 3
40.375 64 0
40.438 67 3
40.562 64 0
40.688 64 0
40.812 67 3
40.938 71 7
41.062 71 7
41.188 67 3
41.219 69 5
41.250 67 3
41.375 64 0
44.125 71 7
44.312 72 8
44.438 72 8
44.500 71 7
44.562 71 7
44.688 71 7
44.750 64 0
44.812 64 0
44.938 64 0
45.000 59 7
45.062 59 7
45.188 59 7
45.312 55 3
45.438 54 2
45.562 52 0
46.375 61 9
46.438 64 0
46.562 61 9
46.938 73 9
47.062 67 3
47.188 64 0
47.312 61 9
47.438 73 9
47.562 67 3
47.688 64 0
48.312 59 7
48.375 61 9
48.438 73 9
48.562 67 3
48.688 64 0
48.812 61 9
48.938 68 4
49.062 69 5
49.188 71 7
49.312 68 4
49.438 64 0
49.469 66 2
49.500 64 0
49.625 61 9
50.000 61 9
50.250 56 4
50.375 59 7
50.562 59 7
50.625 61 9
51.500 61 9
51.625 59 7
51.688 61 9
51.875 56 4
52.000 59 7
52.188 56 4
52.375 54 2
52.438 52 0
53.625 61 9
53.875 61 9
54.000 64 0
54.125 59 7
54.188 61 9
54.312 56 4
54.375 59 7
54.562 59 7
54.625 61 9
55.500 61 9
55.625 59 7
55.688 61 9
55.875 56 4
56.000 56 4
56.188 54 2
56.250 56 4
56.375 54 2
56.562 52 0
57.125 66 2
57.188 68 4
57.438 68 4
57.562 66 2
57.625 64 0
57.750 64 0
58.000 64 0
58.125 66 2
58.188 68 4
58.562 64 0
58.688 64 0
59.438 61 9
59.562 64 0
59.688 64 0
59.812 66 2
59.875 68 4
60.000 68 4
60.125 68 4
60.250 68 4
60.375 66 2
60.438 66 2
60.500 61 9
60.875 63 11
61.188 61 9
61.250 63 11
61.375 61 9
61.625 59 7
62.000 56 4
62.062 59 7
62.188 61 9
62.875 52 0
63.000 56 4
63.062 59 7
63.188 59 7
63.250 61 9
63.875 52 0
64.000 56 4
64.125 59 7
64.250 61 9
64.625 61 9
64.812 61 9
64.875 64 0
65.000 61 9
65.125 59 7
65.250 59 7
65.312 61 9
65.750 59 7
65.812 61 9
65.875 64 0
66.062 64 0
66.125 66 2
66.250 61 9
66.938 61 9
67.062 59 7
67.250 59 7
67.312 61 9
67.500 68 4
67.750 71 7
67.875 68 4
68.000 66 2
68.125 64 0
68.188 64 0
68.250 59 7
68.312 61 9
68.625 68 4
68.875 68 4
69.000 66 2
69.125 64 0
69.188 64 0
69.250 59 7
69.312 61 9
69.625 64 0
69.688 66 2
69.812 66 2
69.875 68 4
70.000 66 2
70.125 64 0
70.188 64 0
70.250 59 7
70.312 61 9
70.438 68 4
70.562 68 4
70.688 68 4
70.812 68 4
71.000 66 2
71.125 64 0
71.188 64 0
71.250 59 7
71.312 61 9
71.562 71 7
71.875 64 0
72.000 64 0
72.188 67 3
72.312 69 5
72.438 71 7
74.125 71 7
74.312 67 3
74.375 64 0
74.438 67 3
74.562 64 0
74.688 64 0
74.812 67 3
74.938 71 7
75.062 72 8
75.188 71 7
75.312 67 3
75.438 64 0
75.562 64 0
78.062 71 7
78.188 72 8
78.312 72 8
78.438 72 8
78.500 71 7
78.562 71 7
78.688 71 7
78.750 64 0
78.812 64 0
78.938 64 0
79.000 59 7
79.062 59 7
79.188 59 7
79.312 55 3
79.438 54 2
79.562 52 0
80.312 59 7
80.375 61 9
80.438 64 0
80.562 61 9
80.938 73 9
81.062 67 3
81.188 64 0
81.312 61 9
82.312 59 7
82.375 61 9
82.438 73 9
82.562 67 3
82.688 64 0
82.812 61 9
82.938 68 4
83.062 69 5
83.188 71 7
83.312 71 7
83.438 71 7
83.562 67 3
83.688 64 0
