3.833 70 9
3.917 70 9
4.000 70 9
4.167 68 7
4.333 68 7
4.417 65 4
4.500 68 7
4.667 68 7
4.750 70 9
5.250 65 4
5.333 63 2
5.375 61 0
5.458 61 0
5.542 58 9
5.583 61 0
5.625 58 9
5.708 61 0
5.792 56 7
5.833 58 9
5.917 56 7
5.958 53 4
6.250 65 4
6.333 63 2
6.417 61 0
6.500 63 2
6.750 56 7
6.792 56 7
6.833 58 9
6.917 61 0
7.125 58 9
7.208 61 0
7.292 56 7
7.333 58 9
7.750 70 9
7.833 70 9
7.917 68 7
8.000 70 9
8.125 68 7
8.333 68 7
8.417 65 4
8.500 68 7
8.708 70 9
9.250 65 4
9.292 63 2
9.375 63 2
9.458 61 0
9.542 58 9
9.625 61 0
9.708 56 7
9.750 58 9
9.833 56 7
9.875 53 4
9.917 53 4
10.250 65 4
10.292 63 2
10.375 63 2
10.458 61 0
10.500 61 0
10.583 61 0
10.667 61 0
10.708 63 2
10.875 56 7
10.917 56 7
11.000 58 9
11.042 61 0
11.125 61 0
11.750 70 9
11.833 70 9
12.000 70 9
12.125 68 7
12.333 68 7
12.417 65 4
12.500 68 7
12.667 68 7
12.750 70 9
13.250 65 4
13.333 63 2
13.375 63 2
13.458 61 0
13.542 61 0
13.625 58 9
13.667 61 0
13.750 58 9
13.875 56 7
13.917 53 4
14.250 65 4
14.333 63 2
14.417 63 2
14.500 61 0
14.583 63 2
14.833 56 7
14.917 58 9
14.958 61 0
15.125 58 9
15.167 61 0
15.333 58 9
15.750 70 9
15.833 70 9
15.917 68 7
16.000 70 9
16.125 68 7
16.417 65 4
16.500 68 7
16.667 68 7
16.750 70 9
17.167 53 4
17.250 65 4
17.333 63 2
17.375 61 0
17.458 58 9
17.542 61 0
17.625 58 9
17.792 56 7
17.833 53 4
18.250 65 4
18.333 63 2
18.375 63 2
18.458 61 0
18.542 58 9
18.583 63 2
18.833 56 7
18.917 58 9
19.042 61 0
19.125 61 0
20.333 66 5
20.417 66 5
20.500 70 9
20.875 68 7
20.917 70 9
21.125 63 2
21.167 65 4
21.250 68 7
22.333 66 5
22.417 70 9
22.500 70 9
22.583 70 9
22.708 70 9
22.750 70 9
22.917 70 9
23.125 68 7
23.250 65 4
23.625 63 2
23.667 61 0
24.250 66 5
24.417 66 5
24.500 70 9
24.667 70 9
24.833 70 9
24.917 66 5
25.000 68 7
25.250 68 7
25.333 68 7
25.375 70 9
25.500 63 2
25.583 61 0
26.000 70 9
26.167 70 9
26.500 70 9
26.667 70 9
26.833 70 9
26.917 70 9
27.000 70 9
27.083 68 7
27.750 70 9
27.833 70 9
28.000 70 9
28.125 68 7
28.375 68 7
28.417 65 4
28.500 68 7
28.708 68 7
28.750 70 9
29.250 65 4
29.333 63 2
29.417 61 0
29.500 58 9
29.583 61 0
29.667 56 7
29.750 58 9
29.833 56 7
29.875 53 4
30.250 65 4
30.333 63 2
30.417 63 2
30.500 61 0
30.583 61 0
30.667 63 2
30.833 56 7
30.917 58 9
31.083 61 0
31.167 61 0
31.333 56 7
31.375 58 9
31.750 70 9
31.833 70 9
31.917 68 7
32.000 70 9
32.125 68 7
32.333 68 7
32.417 68 7
32.458 65 4
32.583 70 9
33.250 65 4
33.333 63 2
33.375 63 2
33.458 61 0
33.542 58 9
33.625 61 0
33.708 56 7
33.750 58 9
34.250 65 4
34.333 63 2
34.375 61 0
34.417 63 2
34.667 56 7
34.833 58 9
35.000 61 0
35.083 61 0
35.750 70 9
35.833 70 9
36.000 70 9
36.125 68 7
36.333 68 7
36.417 65 4
36.500 68 7
36.708 68 7
36.750 70 9
37.250 65 4
37.292 63 2
37.375 63 2
37.458 61 0
37.500 61 0
37.583 58 9
37.667 61 0
37.750 58 9
37.875 56 7
37.917 53 4
38.250 65 4
38.292 63 2
38.375 63 2
38.458 61 0
38.542 63 2
38.792 56 7
38.875 58 9
39.000 61 0
39.083 61 0
39.167 58 9
39.750 70 9
39.833 70 9
39.917 68 7
40.000 70 9
40.083 68 7
40.333 68 7
40.417 65 4
40.500 68 7
40.667 68 7
40.708 70 9
41.208 61 0
41.250 65 4
41.292 63 2
41.375 63 2
41.458 61 0
41.500 61 0
41.583 58 9
41.625 61 0
41.708 56 7
41.750 58 9
41.833 56 7
41.875 53 4
41.917 53 4
42.250 65 4
42.333 65 4
42.458 63 2
42.500 63 2
42.583 61 0
42.667 63 2
42.708 65 4
42.917 56 7
42.958 58 9
43.042 61 0
43.167 58 9
43.208 61 0
43.292 56 7
43.333 58 9
43.750 70 9
43.833 70 9
