16.000 57 0
16.125 57 0
16.250 57 0
16.375 57 0
16.750 59 2
16.875 57 0
17.000 55 10
17.875 55 10
18.000 55 10
18.125 55 10
18.250 55 10
18.375 55 10
18.500 55 10
18.875 55 10
18.938 55 10
19.000 57 0
19.875 55 10
20.000 57 0
20.125 57 0
20.250 57 0
20.375 57 0
20.750 59 2
20.875 57 0
21.000 55 10
21.125 55 10
22.000 55 10
22.125 55 10
22.250 52 7
22.375 55 10
22.625 52 7
23.000 56 11
23.250 52 7
23.375 56 11
23.625 57 0
23.875 57 0
24.000 57 0
24.125 57 0
24.250 57 0
24.375 57 0
24.750 59 2
24.875 57 0
25.125 55 10
25.875 52 7
26.000 55 10
26.125 55 10
26.250 52 7
26.375 55 10
26.625 55 10
26.750 52 7
26.875 56 11
27.000 52 7
28.000 57 0
28.250 57 0
28.375 57 0
28.750 59 2
29.000 57 0
29.125 55 10
29.250 55 10
29.375 57 0
29.625 59 2
30.125 56 11
30.250 56 11
30.375 56 11
30.500 56 11
30.875 56 11
31.000 56 11
31.125 56 11
31.250 56 11
31.500 57 0
31.625 59 2
32.000 57 0
32.125 57 0
32.250 57 0
32.375 57 0
32.625 57 0
32.750 59 2
32.875 57 0
33.125 55 10
33.875 55 10
34.000 55 10
34.125 55 10
34.250 55 10
34.375 55 10
34.625 55 10
34.750 55 10
34.875 57 0
35.000 57 0
36.000 57 0
36.125 57 0
36.250 57 0
36.375 57 0
36.625 57 0
36.750 59 2
36.875 57 0
37.125 55 10
38.000 55 10
38.125 55 10
38.250 55 10
38.375 55 10
38.625 55 10
38.875 55 10
39.000 56 11
39.250 52 7
39.500 56 11
39.750 57 0
40.000 57 0
40.125 57 0
40.250 57 0
40.375 57 0
40.625 57 0
40.750 57 0
40.812 59 2
40.875 57 0
41.125 55 10
42.000 55 10
42.125 55 10
42.250 55 10
42.375 55 10
42.625 55 10
42.750 57 0
42.875 57 0
43.125 52 7
44.000 57 0
44.125 57 0
44.250 57 0
44.375 57 0
44.625 57 0
44.750 59 2
44.875 57 0
45.000 55 10
46.000 55 10
46.125 55 10
46.250 55 10
46.375 55 10
46.500 55 10
46.750 55 10
47.125 52 7
47.375 55 10
47.750 57 0
50.750 81 0
51.500 75 6
51.562 74 5
51.688 72 3
51.750 69 0
51.938 69 0
53.500 74 5
54.000 72 3
54.375 71 2
56.000 57 0
56.125 57 0
56.250 57 0
56.375 57 0
56.750 59 2
56.875 57 0
57.000 55 10
58.000 55 10
58.125 55 10
58.250 55 10
58.375 55 10
58.625 55 10
58.750 57 0
59.000 57 0
59.188 55 10
59.250 52 7
60.000 57 0
60.125 57 0
60.250 57 0
60.375 57 0
60.750 59 2
60.875 57 0
60.938 59 2
61.000 57 0
61.250 55 10
61.500 57 0
61.750 59 2
62.125 55 10
62.250 55 10
62.375 55 10
62.500 56 11
62.750 52 7
63.000 56 11
63.250 56 11
63.375 57 0
63.625 59 2
63.875 57 0
64.000 57 0
64.125 57 0
64.250 57 0
64.375 57 0
64.625 57 0
64.750 59 2
64.875 57 0
65.125 55 10
65.875 55 10
66.000 55 10
66.125 55 10
66.250 55 10
66.375 55 10
66.625 55 10
66.750 57 0
66.875 57 0
68.000 57 0
68.125 57 0
68.250 57 0
68.375 57 0
68.625 57 0
68.750 59 2
68.875 57 0
69.125 55 10
70.000 55 10
70.125 55 10
70.250 55 10
70.375 55 10
70.625 55 10
70.875 55 10
71.000 56 11
71.250 52 7
71.500 56 11
71.750 57 0
72.000 57 0
72.125 57 0
72.250 57 0
72.375 57 0
72.625 57 0
72.812 57 0
73.000 57 0
73.188 55 10
74.000 55 10
74.125 55 10
74.250 55 10
74.375 55 10
74.625 55 10
74.750 57 0
74.875 57 0
76.000 57 0
76.125 57 0
76.250 57 0
76.375 57 0
76.625 57 0
76.750 59 2
76.875 57 0
77.000 55 10
78.000 55 10
78.125 55 10
78.250 55 10
78.375 55 10
78.500 55 10
78.750 55 10
79.125 52 7
79.375 55 10
79.750 57 0
81.625 81 0
82.688 74 5
82.750 76 7
82.812 74 5
82.938 72 3
83.000 74 5
83.125 76 7
83.188 74 5
83.250 74 5
83.375 72 3
83.438 69 0
83.500 72 3
83.625 69 0
83.688 67 10
83.750 72 3
83.812 69 0
84.500 67 10
84.562 64 7
85.375 57 0
85.500 60 3
85.625 62 5
85.750 62 5
85.875 62 5
88.000 57 0
88.125 57 0
88.250 57 0
88.375 57 0
88.625 57 0
88.750 59 2
88.875 57 0
89.125 55 10
89.875 55 10
90.000 55 10
90.125 55 10
90.250 55 10
90.375 55 10
90.625 55 10
90.750 55 10
90.875 57 0
91.000 57 0
92.000 57 0
92.125 57 0
92.250 57 0
92.375 57 0
92.625 57 0
92.750 59 2
92.875 57 0
93.125 55 10
94.000 55 10
94.125 55 10
94.250 55 10
94.375 55 10
94.625 55 10
94.875 55 10
95.000 56 11
95.250 52 7
95.500 56 11
95.750 57 0
96.000 57 0
96.125 57 0
96.250 57 0
96.375 57 0
96.625 57 0
96.750 57 0
96.812 59 2
96.875 57 0
97.125 55 10
98.000 55 10
98.125 55 10
98.250 55 10
98.375 55 10
98.625 55 10
98.750 57 0
98.875 57 0
99.125 52 7
100.000 57 0
100.125 57 0
100.250 57 0
100.375 57 0
100.625 57 0
100.750 59 2
100.875 57 0
101.000 55 10
102.000 55 10
102.125 55 10
102.250 55 10
102.375 55 10
102.500 55 10
102.750 55 10
103.125 52 7
103.375 55 10
103.750 57 0
105.250 60 3
105.375 62 5
105.625 62 5
105.875 60 3
106.375 59 2
108.750 60 3
108.875 62 5
109.125 62 5
109.375 60 3
115.125 72 3
115.250 71 2
115.375 71 2
115.500 69 0
115.625 69 0
115.750 67 10
115.875 69 0
116.062 67 10
116.125 65 8
117.125 72 3
117.250 71 2
117.375 71 2
117.500 69 0
117.625 69 0
117.875 69 0
118.062 67 10
118.125 64 7
119.125 72 3
119.250 71 2
119.375 71 2
119.500 69 0
119.625 69 0
119.875 69 0
120.062 67 10
120.125 64 7
121.125 72 3
121.250 71 2
121.375 71 2
121.500 69 0
121.625 69 0
121.875 69 0
122.125 72 3
122.250 71 2
122.375 71 2
122.500 69 0
122.625 69 0
122.875 69 0
123.125 72 3
123.250 71 2
123.375 71 2
123.500 69 0
123.625 69 0
123.875 69 0
124.062 67 10
124.125 64 7
125.250 60 3
125.375 62 5
125.750 60 3
127.250 60 3
127.375 62 5
128.000 60 3
128.250 60 3
129.250 60 3
129.375 62 5
129.625 60 3
129.750 60 3
152.375 69 0
153.375 72 3
154.375 74 5
155.000 76 7
155.125 77 8
155.250 76 7
155.500 72 3
155.750 74 5
160.000 69 0
161.000 72 3
162.000 74 5
163.000 77 8
164.000 79 10
164.750 76 7
165.000 72 3
165.750 79 10
166.250 76 7
166.500 72 3
167.000 71 2
167.125 67 10
167.188 64 7
167.250 67 10
167.375 64 7
167.438 62 5
167.500 64 7
167.625 62 5
167.688 60 3
167.750 62 5
167.875 60 3
167.938 57 0
168.000 57 0
169.375 57 0
169.500 62 5
170.000 62 5
170.875 57 0
171.125 57 0
171.625 60 3
171.875 57 0
172.062 55 10
172.125 52 7
174.875 55 10
175.000 57 0
175.125 57 0
175.625 60 3
175.875 57 0
176.062 55 10
176.125 52 7
177.625 60 3
177.875 57 0
178.125 67 10
178.375 60 3
178.500 57 0
178.625 57 0
178.812 57 0
179.000 69 0
179.125 57 0
179.312 57 0
179.500 69 0
179.625 60 3
179.750 57 0
180.000 57 0
180.125 55 10
180.250 52 7
