4.688 71 7
4.812 71 7
5.062 71 7
5.125 69 5
5.250 67 3
5.312 62 10
5.688 64 0
5.750 62 10
5.812 64 0
5.875 64 0
6.062 67 3
6.250 64 0
6.312 62 10
6.688 71 7
6.812 71 7
6.875 71 7
7.000 71 7
7.188 69 5
7.312 67 3
7.750 64 0
7.875 64 0
8.000 67 3
8.062 68 4
8.188 64 0
8.250 62 10
9.000 69 5
9.062 71 7
9.188 69 5
9.375 67 3
9.500 64 0
9.562 62 10
10.062 59 7
10.125 64 0
10.188 62 10
10.250 64 0
10.438 67 3
10.625 62 10
11.062 59 7
11.125 71 7
11.188 71 7
11.250 69 5
11.312 69 5
11.375 71 7
11.500 69 5
11.562 67 3
12.062 64 0
12.125 71 7
12.188 71 7
12.250 69 5
12.312 69 5
12.375 71 7
12.500 69 5
12.625 67 3
13.000 71 7
13.625 62 10
13.688 62 10
13.750 62 10
13.812 62 10
13.875 62 10
13.938 62 10
14.000 64 0
14.625 62 10
14.688 62 10
14.750 62 10
14.812 62 10
14.875 62 10
14.938 62 10
15.000 64 0
15.625 62 10
15.688 62 10
15.750 62 10
15.812 62 10
15.875 62 10
15.938 62 10
16.000 64 0
16.625 62 10
16.688 62 10
16.750 62 10
16.812 62 10
16.875 62 10
16.938 62 10
17.000 64 0
17.750 71 7
17.875 71 7
18.125 71 7
18.188 69 5
18.312 67 3
18.688 69 5
18.750 67 3
18.812 69 5
18.938 71 7
19.125 71 7
19.188 69 5
19.250 67 3
19.750 59 7
19.938 71 7
20.125 71 7
20.312 71 7
20.375 69 5
20.500 69 5
20.562 67 3
20.625 67 3
20.688 69 5
20.750 67 3
20.812 67 3
20.875 69 5
21.000 69 5
21.188 69 5
21.312 67 3
21.438 64 0
21.500 62 10
21.625 62 10
22.062 62 10
22.125 69 5
22.188 71 7
22.312 69 5
22.375 71 7
22.500 71 7
22.625 69 5
22.750 67 3
22.875 62 10
23.062 59 7
23.125 64 0
23.188 62 10
23.250 64 0
23.312 64 0
23.438 64 0
23.500 62 10
24.062 59 7
24.125 71 7
24.188 71 7
24.250 69 5
24.312 69 5
24.375 71 7
24.500 69 5
24.562 67 3
24.750 59 7
24.938 71 7
25.062 59 7
25.125 71 7
25.188 71 7
25.250 69 5
25.312 69 5
25.375 71 7
25.500 69 5
25.562 67 3
25.688 63 11
25.938 64 0
26.250 70 6
26.312 71 7
26.375 64 0
26.750 62 10
26.812 62 10
26.875 62 10
26.938 62 10
27.000 64 0
27.625 64 0
27.688 64 0
27.750 62 10
27.812 62 10
27.875 62 10
27.938 64 0
28.625 62 10
28.688 62 10
28.750 62 10
28.812 62 10
28.875 62 10
28.938 62 10
29.000 64 0
29.625 62 10
29.688 62 10
29.750 62 10
29.812 62 10
29.875 62 10
29.938 64 0
37.750 71 7
37.875 71 7
38.188 71 7
38.250 69 5
38.375 68 4
38.750 69 5
38.875 69 5
38.938 71 7
39.062 70 6
39.188 67 3
39.250 68 4
39.375 64 0
39.438 62 10
39.562 64 0
39.625 57 5
40.000 64 0
40.125 71 7
40.188 71 7
40.312 71 7
40.375 69 5
40.500 69 5
40.562 67 3
40.688 67 3
40.750 69 5
40.875 69 5
41.062 71 7
41.188 69 5
41.312 67 3
41.438 67 3
41.562 64 0
41.688 62 10
42.062 64 0
42.125 71 7
42.250 71 7
42.375 69 5
42.438 67 3
42.562 69 5
42.688 67 3
42.875 62 10
43.062 62 10
43.125 64 0
43.188 62 10
43.250 64 0
43.312 62 10
43.375 68 4
43.500 64 0
43.562 62 10
44.062 64 0
44.125 71 7
44.188 71 7
44.250 70 6
44.312 68 4
44.375 70 6
44.438 68 4
44.500 70 6
44.562 68 4
44.625 71 7
44.750 70 6
44.812 68 4
45.062 64 0
45.125 71 7
45.188 71 7
45.250 71 7
45.312 71 7
45.375 69 5
45.562 67 3
45.688 62 10
46.375 71 7
46.562 66 2
47.188 71 7
47.312 70 6
47.438 68 4
48.625 62 10
48.688 62 10
48.750 62 10
48.812 62 10
48.875 62 10
48.938 62 10
49.000 64 0
49.625 62 10
49.688 62 10
49.750 62 10
49.812 62 10
49.875 62 10
49.938 64 0
50.625 62 10
50.688 62 10
50.750 62 10
50.812 62 10
50.875 62 10
50.938 64 0
51.625 62 10
51.688 62 10
51.750 62 10
51.812 62 10
51.875 62 10
51.938 64 0
52.250 71 7
52.500 71 7
52.625 70 6
52.750 71 7
53.000 67 3
53.062 68 4
53.125 62 10
53.250 71 7
53.375 71 7
53.500 71 7
53.625 69 5
53.750 67 3
53.812 68 4
53.875 59 7
54.500 71 7
59.125 69 5
59.188 71 7
59.312 64 0
62.188 71 7
62.312 69 5
62.375 67 3
62.500 64 0
62.562 62 10
63.188 69 5
63.250 69 5
63.312 67 3
63.375 69 5
63.438 69 5
63.500 71 7
63.625 69 5
63.750 67 3
64.250 71 7
64.750 71 7
65.250 71 7
65.750 71 7
66.250 71 7
66.750 71 7
67.250 69 5
69.625 68 4
70.000 68 4
70.375 68 4
70.750 68 4
71.188 62 10
71.312 62 10
71.562 62 10
71.750 62 10
73.125 71 7
73.188 70 6
73.250 71 7
73.375 71 7
73.438 71 7
73.562 70 6
74.062 67 3
74.125 71 7
74.188 70 6
74.250 71 7
74.375 71 7
74.438 71 7
74.500 70 6
74.562 70 6
75.062 67 3
75.125 70 6
75.188 70 6
75.250 71 7
75.375 71 7
75.438 71 7
75.500 70 6
75.562 70 6
76.000 64 0
76.125 76 0
76.167 76 0
76.208 74 10
76.250 71 7
76.375 69 5
76.438 67 3
76.562 62 10
