4.250 60 0
4.375 60 0
4.750 62 2
4.875 62 2
5.125 60 0
5.750 64 4
6.000 64 4
6.500 62 2
8.250 60 0
8.375 60 0
8.750 62 2
8.875 62 2
9.125 60 0
9.750 69 9
10.000 69 9
10.500 67 7
11.750 65 5
11.875 64 4
12.750 59 11
12.875 64 4
13.625 62 2
14.000 62 2
14.125 60 0
14.250 59 11
14.375 62 2
14.625 60 0
14.750 57 9
16.250 60 0
16.500 60 0
16.750 64 4
17.000 64 4
17.250 62 2
17.750 62 2
18.000 62 2
18.375 60 0
18.500 60 0
20.250 60 0
20.500 60 0
20.750 62 2
21.000 62 2
21.250 60 0
22.000 64 4
22.375 62 2
22.500 62 2
24.250 60 0
24.500 60 0
24.750 62 2
25.000 62 2
25.250 60 0
26.000 69 9
26.375 67 7
26.500 67 7
27.750 65 5
27.875 64 4
28.750 59 11
28.875 64 4
29.625 62 2
30.000 62 2
30.125 60 0
30.250 59 11
30.375 62 2
30.750 60 0
30.875 57 9
32.250 60 0
32.500 60 0
32.750 64 4
33.000 64 4
33.250 62 2
33.750 62 2
34.000 62 2
34.375 60 0
34.500 60 0
36.250 69 9
36.500 69 9
36.750 69 9
37.000 69 9
37.750 69 9
38.000 69 9
38.375 67 7
38.500 67 7
40.250 69 9
40.500 69 9
40.750 69 9
40.875 67 7
41.000 69 9
41.250 69 9
41.375 67 7
41.750 65 5
42.000 64 4
42.375 62 2
42.500 60 0
42.875 57 9
43.000 55 7
44.250 69 9
44.500 69 9
44.750 69 9
45.000 69 9
45.750 69 9
46.000 69 9
46.375 67 7
46.500 67 7
47.750 64 4
47.875 62 2
48.000 62 2
48.125 60 0
48.750 64 4
48.875 64 4
49.000 62 2
49.750 69 9
50.000 69 9
50.625 67 7
50.750 69 9
51.000 67 7
52.250 60 0
52.500 60 0
52.750 62 2
52.875 62 2
53.125 60 0
53.750 64 4
54.000 64 4
54.375 62 2
54.500 62 2
56.250 60 0
56.500 60 0
56.750 62 2
57.000 62 2
57.125 60 0
57.750 57 9
58.000 69 9
58.375 67 7
58.500 67 7
59.750 65 5
60.000 64 4
60.750 59 11
60.875 64 4
61.750 62 2
62.000 62 2
62.250 60 0
62.500 59 11
62.750 62 2
62.875 60 0
63.125 57 9
64.250 60 0
64.500 60 0
64.750 64 4
65.000 64 4
65.250 62 2
65.750 62 2
66.000 62 2
66.375 60 0
66.500 60 0
75.750 65 5
76.000 64 4
76.750 59 11
76.875 64 4
77.750 62 2
78.000 62 2
78.250 60 0
78.500 59 11
78.750 62 2
78.875 60 0
79.000 57 9
80.250 60 0
80.500 60 0
80.750 64 4
81.000 64 4
81.250 62 2
81.750 62 2
82.000 62 2
82.375 60 0
82.500 60 0
84.250 60 0
84.500 60 0
84.750 64 4
85.000 64 4
85.250 62 2
85.750 62 2
86.000 62 2
86.375 60 0
86.500 60 0
88.250 60 0
88.500 60 0
88.750 64 4
89.000 64 4
89.250 62 2
89.750 62 2
90.000 62 2
90.375 60 0
90.500 60 0
