12.625 52 2
12.750 52 2
12.875 54 4
13.250 52 2
13.500 50 0
13.625 52 2
13.875 52 2
14.000 54 4
14.625 54 4
14.750 55 5
14.875 54 4
15.250 52 2
15.500 50 0
15.625 50 0
15.750 52 2
15.875 50 0
16.625 50 0
16.875 57 7
17.750 45 7
17.875 47 9
20.625 54 4
20.750 54 4
20.875 54 4
21.250 52 2
21.500 50 0
21.625 52 2
21.875 54 4
22.375 47 9
22.438 47 9
22.500 54 4
22.625 55 5
22.875 54 4
23.250 52 2
23.500 50 0
23.625 52 2
23.875 50 0
24.625 50 0
24.750 50 0
24.875 57 7
25.750 45 7
25.875 47 9
26.125 54 4
27.500 50 0
27.625 50 0
27.750 50 0
27.875 52 2
28.125 54 4
29.500 52 2
29.625 52 2
29.875 54 4
30.000 52 2
30.375 50 0
30.625 50 0
32.625 54 4
32.750 54 4
32.875 54 4
33.250 52 2
33.500 50 0
33.625 52 2
33.875 54 4
34.375 45 7
34.500 54 4
34.625 55 5
34.875 54 4
35.250 52 2
35.375 50 0
35.625 52 2
35.875 50 0
36.625 50 0
36.750 50 0
36.875 57 7
37.625 45 7
37.875 47 9
38.125 54 4
39.500 50 0
39.625 50 0
39.750 50 0
39.875 52 2
40.125 54 4
41.500 64 2
41.625 64 2
41.875 69 7
42.125 67 5
42.375 66 4
42.625 64 2
42.875 62 0
43.500 62 0
43.625 64 2
43.875 66 4
45.500 64 2
45.625 64 2
45.875 66 4
46.000 64 2
46.375 62 0
46.625 62 0
51.625 62 0
51.750 62 0
52.000 64 2
52.375 62 0
52.500 62 0
52.750 59 9
52.875 59 9
53.125 57 7
53.625 62 0
53.750 62 0
53.875 64 2
54.375 62 0
54.500 62 0
54.750 59 9
54.875 59 9
55.125 57 7
55.625 62 0
55.750 62 0
55.875 64 2
56.625 62 0
56.750 62 0
56.875 64 2
57.625 62 0
57.750 62 0
58.000 64 2
58.375 62 0
58.500 62 0
58.750 59 9
58.875 59 9
59.125 57 7
60.375 42 4
60.500 54 4
60.625 54 4
60.875 52 2
62.375 42 4
62.500 54 4
62.625 54 4
62.875 52 2
63.250 54 4
63.375 52 2
63.625 50 0
63.875 50 0
64.500 57 7
64.625 57 7
64.750 57 7
64.875 59 9
65.000 57 7
65.375 57 7
66.000 59 9
66.125 62 0
66.375 62 0
66.750 62 0
66.875 64 2
67.000 62 0
67.625 62 0
67.750 62 0
68.000 64 2
68.375 62 0
68.500 62 0
68.750 59 9
68.875 59 9
69.125 57 7
69.625 62 0
69.750 62 0
69.875 64 2
70.375 62 0
70.500 62 0
70.750 59 9
70.875 59 9
71.125 57 7
71.625 62 0
71.750 62 0
71.875 64 2
72.625 62 0
72.750 62 0
72.875 64 2
73.625 62 0
73.750 62 0
74.000 64 2
74.375 62 0
74.500 62 0
74.750 59 9
74.875 59 9
75.125 57 7
75.500 62 0
75.625 62 0
75.750 62 0
75.875 64 2
76.125 66 4
77.500 64 2
77.625 64 2
77.875 69 7
78.125 67 5
78.375 66 4
78.625 64 2
78.875 62 0
79.500 62 0
79.625 64 2
79.875 66 4
81.500 64 2
81.625 64 2
81.875 66 4
82.000 64 2
82.375 62 0
82.625 62 0
84.000 69 7
84.375 67 5
84.750 66 4
85.000 64 2
86.000 69 7
86.375 67 5
86.750 66 4
87.250 62 0
88.000 69 7
88.375 67 5
88.750 66 4
89.000 64 2
89.875 64 2
90.375 62 0
91.500 62 0
91.625 62 0
91.750 62 0
91.875 64 2
92.125 66 4
93.500 64 2
93.625 64 2
93.875 69 7
94.125 67 5
94.375 66 4
94.625 64 2
94.875 62 0
95.500 62 0
95.625 64 2
95.875 66 4
97.500 64 2
97.625 64 2
97.875 66 4
98.000 64 2
98.375 62 0
98.625 62 0
99.500 64 2
99.625 64 2
99.875 66 4
100.000 64 2
100.375 62 0
104.000 74 0
105.500 71 9
105.750 69 7
105.875 71 9
106.375 69 7
108.000 74 0
109.500 71 9
109.750 69 7
109.875 71 9
110.375 69 7
