24.750 57 0
24.875 57 0
25.000 61 4
25.250 64 7
25.500 64 7
25.750 64 7
25.875 64 7
26.000 66 9
26.750 57 0
26.875 57 0
27.000 61 4
27.250 64 7
27.500 64 7
27.625 64 7
27.875 64 7
28.000 66 9
28.750 57 0
28.875 57 0
29.000 61 4
29.250 64 7
29.500 64 7
29.625 64 7
29.875 66 9
30.125 66 9
30.500 64 7
30.625 64 7
30.750 62 5
30.875 59 2
32.750 57 0
32.875 57 0
33.000 61 4
33.250 64 7
33.500 64 7
33.750 64 7
33.875 64 7
34.000 66 9
34.750 57 0
34.875 57 0
35.000 61 4
35.250 64 7
35.500 64 7
35.625 64 7
35.875 64 7
36.000 66 9
36.750 57 0
36.875 57 0
37.000 64 7
37.500 64 7
37.750 64 7
37.875 66 9
38.125 66 9
38.500 64 7
38.750 64 7
38.875 62 5
39.000 59 2
40.875 57 0
41.000 54 9
41.250 57 0
41.500 61 4
41.750 59 2
41.875 57 0
42.000 57 0
42.250 59 2
42.375 57 0
42.500 61 4
42.750 57 0
43.000 54 9
43.125 57 0
43.375 59 2
43.500 61 4
43.750 59 2
43.875 57 0
44.000 59 2
44.125 57 0
44.250 57 0
44.375 59 2
44.500 61 4
44.750 57 0
45.000 54 9
45.125 57 0
45.375 61 4
45.750 59 2
45.875 57 0
46.000 57 0
46.250 57 0
46.375 59 2
46.500 61 4
47.000 62 5
47.125 61 4
47.250 62 5
47.375 61 4
47.500 62 5
47.750 62 5
47.875 61 4
48.000 59 2
49.000 62 5
49.250 62 5
49.500 62 5
49.750 64 7
49.875 61 4
50.000 59 2
50.750 59 2
50.875 61 4
51.000 62 5
51.125 62 5
51.375 62 5
51.500 64 7
51.750 54 9
52.000 57 0
54.875 61 4
55.000 62 5
55.250 62 5
55.375 62 5
55.625 61 4
55.750 64 7
56.000 57 0
63.875 57 0
64.000 61 4
64.250 64 7
64.375 64 7
64.625 64 7
64.750 66 9
65.875 57 0
66.000 61 4
66.250 64 7
66.375 64 7
66.625 61 4
66.750 66 9
67.750 57 0
67.875 57 0
68.000 61 4
68.250 64 7
68.500 64 7
68.750 64 7
68.875 66 9
69.125 66 9
69.250 64 7
69.625 64 7
69.875 64 7
70.000 59 2
71.750 57 0
71.875 57 0
72.000 61 4
72.250 64 7
72.500 64 7
72.750 64 7
72.875 66 9
73.750 64 7
74.000 61 4
74.250 64 7
74.375 64 7
74.625 64 7
74.875 64 7
75.000 66 9
75.750 57 0
75.875 57 0
76.000 61 4
76.250 64 7
76.500 64 7
76.625 64 7
76.875 66 9
77.375 64 7
77.625 61 4
77.750 64 7
78.000 59 2
79.875 57 0
80.000 54 9
80.250 57 0
80.500 61 4
80.750 59 2
80.875 57 0
81.000 57 0
81.250 59 2
81.375 57 0
81.500 61 4
81.750 57 0
82.000 54 9
82.125 57 0
82.375 59 2
82.500 61 4
82.750 59 2
82.875 57 0
83.000 59 2
83.125 57 0
83.250 57 0
83.375 59 2
83.500 61 4
83.750 57 0
84.000 54 9
84.125 57 0
84.375 61 4
84.875 57 0
85.000 59 2
85.125 57 0
85.250 57 0
85.375 59 2
85.500 61 4
86.000 62 5
86.125 61 4
86.250 62 5
86.375 61 4
86.500 62 5
86.750 62 5
86.875 61 4
87.000 59 2
88.000 62 5
88.250 62 5
88.500 62 5
88.750 64 7
88.875 61 4
89.000 59 2
89.750 59 2
89.875 61 4
90.000 62 5
90.125 62 5
90.375 62 5
90.500 64 7
90.750 54 9
91.000 57 0
93.875 62 5
94.000 62 5
94.250 62 5
94.375 62 5
94.625 61 4
94.750 64 7
95.000 57 0
95.875 66 9
96.000 64 7
114.875 64 7
115.000 64 7
115.125 63 6
115.250 63 6
115.500 64 7
115.750 64 7
115.875 63 6
116.000 66 9
116.125 66 9
116.250 66 9
116.375 62 5
116.625 63 6
117.250 69 0
117.375 68 11
117.500 69 0
117.625 68 11
117.750 69 0
117.875 68 11
118.000 71 2
118.125 68 11
118.250 66 9
118.375 64 7
118.500 67 10
118.625 68 11
118.875 59 2
119.000 63 6
119.125 62 5
119.375 61 4
119.500 62 5
119.625 61 4
119.750 62 5
119.875 64 7
120.250 61 4
120.375 59 2
120.500 57 0
120.750 64 7
120.875 63 6
121.000 64 7
121.125 63 6
121.250 64 7
121.375 63 6
121.500 64 7
121.625 64 7
121.750 66 9
122.000 64 7
122.125 63 6
122.250 66 9
154.875 57 0
155.000 61 4
155.250 64 7
155.500 64 7
155.750 64 7
155.875 64 7
156.000 66 9
156.625 57 0
156.750 57 0
156.875 57 0
157.000 61 4
157.250 64 7
157.500 64 7
157.750 64 7
157.875 64 7
158.000 66 9
158.750 57 0
158.875 57 0
159.000 61 4
159.250 64 7
159.500 64 7
159.750 64 7
159.875 66 9
160.375 64 7
160.625 64 7
160.750 64 7
160.875 59 2
162.750 57 0
162.875 57 0
163.000 61 4
163.250 64 7
163.500 64 7
163.750 64 7
163.875 66 9
164.625 57 0
164.750 57 0
165.000 61 4
165.250 64 7
165.500 64 7
165.750 64 7
165.875 64 7
166.000 66 9
166.750 57 0
166.875 57 0
167.000 61 4
167.250 64 7
167.375 64 7
167.625 64 7
167.875 66 9
168.125 66 9
168.375 64 7
168.625 64 7
168.750 59 2
170.875 57 0
171.000 54 9
171.250 57 0
171.500 61 4
171.750 59 2
171.875 57 0
172.000 57 0
172.250 59 2
172.375 57 0
172.500 61 4
172.750 57 0
173.000 54 9
173.125 57 0
173.375 59 2
173.500 61 4
173.750 59 2
173.875 57 0
174.000 59 2
174.125 57 0
174.250 57 0
174.375 59 2
174.500 61 4
174.750 57 0
175.000 54 9
175.125 57 0
175.375 59 2
175.500 61 4
175.875 57 0
176.000 59 2
176.125 57 0
176.250 57 0
176.375 59 2
176.500 61 4
177.000 62 5
177.125 61 4
177.250 62 5
177.375 61 4
177.500 62 5
177.750 62 5
177.875 61 4
178.000 59 2
179.000 62 5
179.250 62 5
179.500 62 5
179.750 64 7
179.875 61 4
180.000 59 2
180.750 59 2
180.875 61 4
181.000 62 5
181.125 62 5
181.375 62 5
181.500 64 7
181.750 54 9
182.000 57 0
184.875 62 5
185.000 62 5
185.250 61 4
185.375 62 5
185.625 61 4
185.750 64 7
186.000 57 0
187.125 69 0
187.375 69 0
187.500 69 0
187.750 69 0
187.875 60 3
189.125 69 0
189.250 69 0
262.000 76 7
266.000 61 4
266.250 64 7
266.375 64 7
266.625 66 9
268.000 61 4
268.250 64 7
268.375 61 4
268.500 64 7
268.750 66 9
