0.750 59 4
0.917 62 7
1.000 64 9
1.333 62 7
1.417 64 9
1.500 62 7
2.000 59 4
2.167 57 2
2.833 59 4
2.917 62 7
3.000 59 4
3.167 64 9
3.500 62 7
3.583 64 9
3.667 62 7
4.083 59 4
4.250 57 2
4.917 59 4
5.000 62 7
5.167 64 9
5.417 62 7
5.500 64 9
5.583 62 7
6.083 59 4
6.250 57 2
6.750 57 2
6.833 55 0
6.917 52 9
7.083 55 0
7.250 55 0
7.333 57 2
7.417 59 4
7.500 52 9
7.750 55 0
7.833 57 2
7.917 59 4
8.000 57 2
8.250 67 0
8.417 66 11
8.500 64 9
8.583 67 0
8.667 66 11
8.750 64 9
9.167 64 9
9.333 62 7
9.417 64 9
9.500 62 7
10.083 59 4
10.250 57 2
10.750 59 4
10.833 62 7
10.917 59 4
11.000 64 9
11.333 62 7
11.500 64 9
11.667 62 7
12.000 59 4
12.167 57 2
12.750 59 4
12.833 62 7
12.917 59 4
13.000 64 9
13.417 62 7
13.583 64 9
13.750 62 7
14.083 59 4
14.250 57 2
14.750 57 2
14.833 55 0
15.083 52 9
15.167 55 0
16.750 55 0
17.000 57 2
17.250 57 2
17.333 57 2
17.417 59 4
17.500 55 0
17.583 57 2
18.000 55 0
18.083 57 2
18.167 59 4
18.333 55 0
18.917 50 7
19.000 57 2
19.417 57 2
19.500 57 2
19.667 55 0
19.833 64 9
20.167 62 7
20.333 64 9
20.417 59 4
21.250 57 2
21.333 57 2
21.500 57 2
21.750 55 0
21.917 57 2
22.167 59 4
22.333 55 0
22.917 52 9
23.000 59 4
23.167 57 2
23.250 55 0
23.500 55 0
23.667 57 2
23.833 59 4
24.000 59 4
24.083 57 2
24.250 67 0
24.417 66 11
24.500 64 9
24.583 67 0
24.667 66 11
24.750 64 9
25.167 64 9
25.417 62 7
25.583 64 9
25.750 62 7
26.083 59 4
26.250 57 2
26.750 59 4
26.833 62 7
26.917 59 4
27.000 64 9
27.333 62 7
27.500 64 9
27.583 62 7
28.000 59 4
28.167 57 2
28.667 67 0
28.750 66 11
28.833 64 9
28.917 59 4
29.167 64 9
29.417 62 7
29.500 64 9
29.583 62 7
30.083 59 4
30.250 57 2
30.750 57 2
30.833 55 0
31.000 52 9
31.083 55 0
31.333 57 2
31.417 55 0
34.000 67 0
34.167 66 11
34.250 64 9
34.417 59 4
34.500 62 7
34.583 64 9
34.667 66 11
34.750 64 9
34.917 62 7
35.750 67 0
35.917 66 11
36.083 66 11
36.250 64 9
36.417 59 4
36.500 62 7
36.583 59 4
36.667 62 7
36.917 66 11
37.083 64 9
37.750 66 11
37.917 64 9
38.250 59 4
38.583 57 2
38.833 57 2
38.917 55 0
39.000 52 9
39.083 55 0
39.250 55 0
39.333 57 2
39.417 55 0
39.500 52 9
40.000 67 0
40.167 66 11
40.250 64 9
40.417 62 7
40.500 64 9
40.583 67 0
40.667 66 11
40.750 64 9
41.917 67 0
42.000 67 0
42.083 66 11
42.250 66 11
42.333 64 9
42.500 59 4
42.667 62 7
42.750 59 4
42.833 66 11
43.167 64 9
43.750 67 0
44.000 64 9
44.083 66 11
44.167 64 9
44.250 62 7
44.417 59 4
44.500 62 7
44.583 59 4
44.667 62 7
44.833 66 11
45.000 64 9
45.667 66 11
45.833 64 9
46.167 59 4
46.500 57 2
46.833 57 2
46.917 55 0
47.000 52 9
47.167 55 0
48.750 55 0
49.000 57 2
49.250 57 2
49.333 57 2
49.417 59 4
49.500 55 0
49.583 57 2
50.000 55 0
50.083 57 2
50.167 59 4
50.333 55 0
50.917 50 7
51.000 57 2
51.417 57 2
51.500 57 2
51.667 55 0
51.833 64 9
52.167 62 7
52.333 64 9
52.583 59 4
53.250 57 2
53.333 57 2
53.500 57 2
53.667 55 0
53.833 57 2
54.167 59 4
54.250 55 0
54.917 52 9
55.000 59 4
55.167 57 2
55.250 55 0
55.500 55 0
55.667 57 2
55.833 59 4
56.000 57 2
56.167 67 0
56.333 67 0
56.500 66 11
56.583 66 11
56.750 64 9
56.833 64 9
56.917 59 4
57.167 64 9
57.417 62 7
57.583 64 9
57.750 62 7
58.250 59 4
58.417 57 2
58.750 59 4
58.833 62 7
58.917 59 4
59.000 64 9
59.333 62 7
59.500 64 9
59.583 62 7
60.000 59 4
60.167 57 2
60.500 64 9
60.583 67 0
60.667 66 11
60.750 64 9
61.083 64 9
61.250 62 7
61.417 64 9
61.583 62 7
62.167 59 4
62.333 57 2
62.750 57 2
62.833 55 0
63.083 52 9
63.167 55 0
