0.750 72 0
1.000 76 4
1.250 76 4
1.438 74 2
1.500 76 4
1.625 76 4
1.750 74 2
1.875 72 0
2.000 77 5
2.125 69 9
3.125 72 0
3.250 76 4
3.375 76 4
3.500 76 4
3.562 74 2
3.625 72 0
3.875 72 0
3.938 72 0
4.000 77 5
4.125 69 9
4.875 72 0
5.000 76 4
5.250 76 4
5.375 74 2
5.500 76 4
5.750 74 2
5.875 72 0
6.000 77 5
6.125 69 9
6.750 72 0
6.875 72 0
7.000 76 4
7.250 76 4
7.375 74 2
7.750 74 2
7.875 72 0
8.000 77 5
8.125 69 9
8.750 72 0
8.875 72 0
9.000 76 4
9.250 76 4
9.375 74 2
9.500 76 4
9.750 74 2
9.875 72 0
10.000 77 5
10.125 69 9
10.875 72 0
11.000 76 4
11.250 76 4
11.375 74 2
11.500 76 4
11.750 74 2
11.875 72 0
12.000 77 5
12.125 69 9
12.875 72 0
13.000 76 4
13.250 76 4
13.375 74 2
13.500 76 4
13.750 74 2
13.875 72 0
14.000 77 5
14.125 69 9
14.812 72 0
14.875 72 0
14.938 72 0
15.000 76 4
15.125 74 2
15.250 69 9
15.875 69 9
16.000 72 0
16.688 72 0
16.750 77 5
16.812 77 5
16.938 77 5
17.000 76 4
25.875 60 0
26.000 64 4
26.250 64 4
26.375 60 0
26.438 64 4
26.625 62 2
26.750 62 2
26.812 60 0
26.875 64 4
27.125 57 9
28.125 60 0
28.188 64 4
28.375 64 4
28.438 64 4
28.562 60 0
28.750 62 2
28.812 60 0
28.875 62 2
29.000 57 9
29.812 60 0
29.938 64 4
30.188 64 4
30.250 62 2
30.312 64 4
30.438 62 2
30.500 64 4
30.750 62 2
30.875 60 0
30.938 64 4
31.125 57 9
31.750 60 0
31.812 60 0
32.000 64 4
32.250 64 4
32.438 64 4
32.625 64 4
32.750 62 2
32.875 62 2
33.000 57 9
33.812 60 0
34.000 64 4
34.250 64 4
34.375 64 4
34.500 64 4
34.750 62 2
34.875 60 0
34.938 62 2
35.062 57 9
35.812 60 0
36.000 64 4
36.250 64 4
36.375 64 4
36.500 64 4
36.750 62 2
36.875 60 0
36.938 62 2
37.062 57 9
37.812 60 0
38.000 64 4
38.250 64 4
38.375 64 4
38.500 64 4
38.750 62 2
38.875 60 0
38.938 62 2
39.062 57 9
39.812 60 0
39.875 60 0
39.938 60 0
40.000 64 4
40.125 62 2
40.250 57 9
40.812 55 7
40.875 57 9
40.938 60 0
41.125 57 9
41.250 55 7
41.312 53 5
41.688 60 0
41.750 65 5
41.812 65 5
41.938 65 5
42.000 64 4
42.625 63 3
43.375 57 9
43.875 63 3
43.938 63 3
44.000 63 3
44.625 63 3
45.812 60 0
45.875 60 0
45.938 64 4
46.125 62 2
46.188 60 0
46.625 62 2
46.688 60 0
46.812 62 2
46.875 60 0
47.062 62 2
47.250 57 9
47.812 60 0
47.938 64 4
48.125 62 2
48.188 60 0
48.375 64 4
48.500 62 2
48.562 60 0
48.750 62 2
48.812 60 0
48.938 62 2
49.062 57 9
49.750 60 0
49.812 60 0
49.938 64 4
50.250 64 4
50.375 60 0
50.438 64 4
50.750 62 2
50.875 60 0
50.938 64 4
51.062 57 9
51.750 60 0
51.812 60 0
51.938 64 4
52.125 55 7
52.188 64 4
52.250 60 0
52.312 64 4
52.562 55 7
52.625 64 4
52.688 60 0
52.750 62 2
52.938 62 2
53.062 57 9
53.875 60 0
54.000 64 4
54.250 64 4
54.375 64 4
54.500 64 4
54.750 62 2
54.875 60 0
54.938 62 2
55.062 57 9
55.812 60 0
56.000 64 4
56.250 64 4
56.375 64 4
56.500 64 4
56.750 62 2
56.875 60 0
56.938 62 2
57.062 57 9
57.875 60 0
58.000 64 4
58.250 64 4
58.375 64 4
58.500 64 4
58.750 62 2
58.875 60 0
58.938 62 2
59.062 57 9
59.812 60 0
59.875 60 0
59.938 60 0
60.000 64 4
60.125 62 2
60.250 57 9
60.812 57 9
60.875 57 9
60.938 60 0
61.062 60 0
61.250 57 9
61.312 55 7
61.375 53 5
61.688 60 0
61.750 65 5
61.812 65 5
61.938 65 5
62.000 64 4
62.625 63 3
63.375 57 9
63.625 60 0
63.875 63 3
64.625 63 3
65.812 60 0
66.000 64 4
66.125 62 2
66.188 60 0
66.312 57 9
66.375 55 7
66.562 63 3
66.625 60 0
66.750 63 3
66.875 60 0
66.938 63 3
67.188 57 9
67.875 60 0
67.938 64 4
68.062 62 2
68.125 60 0
68.562 64 4
68.688 62 2
68.812 60 0
68.938 62 2
69.062 57 9
69.812 60 0
69.875 60 0
70.000 64 4
70.062 64 4
70.125 64 4
70.188 64 4
70.625 64 4
70.750 62 2
70.812 60 0
70.938 64 4
71.000 57 9
71.812 60 0
71.938 64 4
72.250 64 4
72.312 64 4
72.438 64 4
72.750 62 2
72.812 60 0
72.938 64 4
73.062 57 9
73.750 62 2
73.812 60 0
73.938 64 4
74.062 67 7
74.312 67 7
74.500 64 4
74.562 62 2
74.625 60 0
74.750 62 2
74.812 60 0
74.938 62 2
75.125 57 9
75.812 60 0
76.000 64 4
76.125 62 2
76.188 60 0
76.375 64 4
76.500 62 2
76.562 60 0
76.750 63 3
76.812 60 0
76.938 62 2
77.062 57 9
77.812 60 0
77.938 64 4
78.062 67 7
78.250 64 4
78.375 62 2
78.438 60 0
78.625 62 2
78.750 62 2
78.812 60 0
78.938 63 3
79.062 62 2
79.125 60 0
79.562 63 3
79.812 62 2
79.875 60 0
79.938 64 4
80.062 67 7
80.250 64 4
80.375 62 2
80.438 60 0
80.625 60 0
80.688 62 2
80.812 60 0
80.875 62 2
81.000 57 9
81.875 60 0
82.000 64 4
82.250 64 4
82.375 64 4
82.500 64 4
82.750 62 2
82.875 60 0
82.938 62 2
83.062 57 9
83.812 60 0
84.000 64 4
84.250 64 4
84.375 64 4
84.500 64 4
84.750 62 2
84.875 60 0
84.938 62 2
85.062 57 9
85.875 60 0
86.000 64 4
86.250 64 4
86.375 64 4
86.500 64 4
86.750 62 2
86.875 60 0
86.938 62 2
87.812 60 0
87.875 60 0
87.938 60 0
88.000 64 4
88.125 62 2
88.250 57 9
88.438 57 9
88.500 60 0
88.562 60 0
88.688 57 9
89.688 60 0
89.750 65 5
89.812 65 5
89.938 65 5
90.000 64 4
90.625 64 4
91.000 67 7
104.688 60 0
104.750 65 5
104.812 65 5
104.938 65 5
105.000 64 4
108.812 60 0
109.000 64 4
109.250 64 4
109.375 62 2
109.438 64 4
109.625 64 4
109.750 62 2
109.812 60 0
109.938 64 4
110.125 57 9
110.750 60 0
110.812 60 0
110.938 64 4
111.125 64 4
111.250 55 7
111.625 64 4
111.750 62 2
111.875 62 2
112.000 57 9
112.750 60 0
112.812 60 0
113.000 64 4
113.125 64 4
113.250 64 4
113.375 62 2
113.438 64 4
113.750 64 4
113.875 62 2
113.938 63 3
114.125 57 9
114.625 60 0
114.750 60 0
114.812 60 0
114.938 64 4
115.250 64 4
115.312 62 2
115.375 60 0
115.625 64 4
115.812 63 3
115.938 63 3
116.125 57 9
116.875 60 0
117.000 64 4
117.250 64 4
117.375 64 4
117.500 64 4
117.750 62 2
117.875 60 0
117.938 62 2
118.062 57 9
118.812 60 0
119.000 64 4
119.250 64 4
119.375 64 4
119.500 64 4
119.750 62 2
119.875 60 0
119.938 62 2
120.062 60 0
120.875 60 0
121.000 64 4
121.250 64 4
121.375 64 4
121.500 64 4
121.750 62 2
121.875 60 0
121.938 62 2
122.062 60 0
122.812 60 0
122.875 60 0
122.938 60 0
123.000 64 4
123.125 62 2
123.250 57 9
123.438 57 9
123.500 60 0
123.562 60 0
123.688 57 9
123.938 60 0
124.000 65 5
124.062 65 5
124.188 65 5
124.688 60 0
124.750 65 5
124.812 65 5
124.938 65 5
125.000 64 4
125.562 63 3
125.938 57 9
128.812 65 5
129.000 64 4
129.250 64 4
129.375 64 4
129.500 64 4
129.750 62 2
129.875 60 0
129.938 63 3
130.438 64 4
130.562 64 4
130.750 60 0
130.812 57 9
130.875 60 0
130.938 64 4
131.250 64 4
131.375 64 4
131.500 64 4
131.750 62 2
131.875 60 0
131.938 62 2
132.062 57 9
132.500 65 5
132.625 65 5
132.688 63 3
132.812 63 3
132.875 60 0
133.000 64 4
133.250 64 4
133.375 64 4
133.500 64 4
133.750 62 2
133.875 60 0
133.938 63 3
134.625 64 4
134.812 60 0
134.875 60 0
134.938 60 0
135.000 64 4
135.125 62 2
135.250 57 9
135.438 57 9
135.500 60 0
135.562 60 0
135.688 57 9
135.938 57 9
136.000 65 5
136.062 65 5
136.188 65 5
136.312 62 2
136.375 65 5
136.688 60 0
136.750 65 5
136.812 64 4
136.938 62 2
137.000 64 4
137.438 64 4
137.938 57 9
