4.250 55 4
4.375 53 2
4.500 55 4
4.625 53 2
4.750 55 4
5.000 55 4
5.062 55 4
6.250 53 2
6.375 53 2
6.625 58 7
6.750 53 2
7.000 55 4
7.375 56 5
7.438 55 4
7.500 53 2
8.375 48 9
8.500 51 0
8.625 51 0
8.750 50 11
8.875 51 0
9.375 50 11
9.625 51 0
10.250 51 0
10.375 55 4
10.625 51 0
10.875 54 3
11.000 53 2
11.125 51 0
11.375 48 9
11.625 51 0
12.375 51 0
12.625 51 0
12.750 51 0
13.000 55 4
13.062 53 2
13.375 51 0
13.625 51 0
13.750 53 2
14.250 55 4
14.375 58 7
14.625 60 9
15.000 53 2
15.188 51 0
15.250 48 9
16.250 51 0
16.375 51 0
16.625 55 4
16.750 58 7
17.000 60 9
17.375 55 4
17.438 53 2
17.500 51 0
17.625 53 2
18.250 48 9
18.375 51 0
18.625 51 0
19.000 51 0
19.125 53 2
21.375 46 7
21.500 55 4
21.625 55 4
21.750 53 2
21.875 55 4
22.125 55 4
23.375 53 2
23.500 53 2
23.562 58 7
23.625 53 2
24.125 55 4
24.875 51 0
24.938 50 11
25.000 51 0
25.625 51 0
25.750 51 0
26.000 51 0
26.125 51 0
26.375 51 0
26.625 51 0
27.500 51 0
27.625 55 4
27.750 51 0
27.875 55 4
28.000 53 2
28.125 51 0
28.375 48 9
28.625 51 0
29.500 51 0
29.562 51 0
29.750 51 0
29.875 55 4
30.125 53 2
30.375 51 0
30.625 51 0
30.750 53 2
30.875 55 4
31.375 59 8
31.625 60 9
31.875 53 2
32.125 51 0
32.250 48 9
33.250 51 0
33.375 51 0
33.625 55 4
33.750 58 7
34.000 60 9
34.375 54 3
34.438 53 2
34.500 51 0
34.625 53 2
35.250 48 9
35.375 51 0
35.625 51 0
35.750 51 0
38.250 55 4
38.375 58 7
38.625 55 4
38.750 58 7
39.000 60 9
39.250 58 7
39.375 54 3
39.438 53 2
39.500 51 0
39.625 51 0
40.375 48 9
40.625 51 0
40.750 48 9
40.875 54 3
41.062 53 2
41.125 51 0
42.250 55 4
42.375 58 7
42.625 58 7
42.875 60 9
43.125 58 7
43.375 55 4
43.500 53 2
43.625 51 0
43.750 53 2
43.875 55 4
43.938 53 2
44.000 51 0
44.500 48 9
44.625 51 0
44.750 48 9
44.875 55 4
45.062 53 2
45.125 51 0
46.125 55 4
46.250 60 9
46.375 58 7
46.500 60 9
46.625 63 0
47.125 58 7
47.250 60 9
47.375 58 7
47.500 60 9
47.625 63 0
48.125 60 9
48.250 58 7
48.375 60 9
48.625 63 0
48.750 58 7
49.000 60 9
50.750 60 9
51.000 58 7
51.375 55 4
51.625 51 0
52.000 53 2
52.375 48 9
52.875 48 9
53.000 53 2
53.375 51 0
53.625 51 0
53.750 53 2
60.375 55 4
60.500 55 4
60.625 55 4
60.875 53 2
61.000 55 4
62.375 53 2
62.500 53 2
62.625 58 7
62.875 53 2
63.000 55 4
63.375 56 5
63.438 55 4
63.500 53 2
63.750 51 0
63.812 50 11
63.938 51 0
64.750 51 0
64.875 50 11
65.000 51 0
65.125 53 2
65.375 51 0
65.625 51 0
65.750 51 0
65.875 51 0
66.000 51 0
66.625 51 0
66.875 55 4
67.062 53 2
67.125 51 0
68.125 51 0
68.250 51 0
68.375 51 0
68.625 51 0
68.875 55 4
69.125 55 4
69.375 56 5
69.438 55 4
69.500 53 2
70.125 55 4
70.250 55 4
70.375 59 8
70.625 60 9
70.875 53 2
71.125 51 0
71.250 48 9
72.125 51 0
72.250 51 0
72.375 51 0
72.500 55 4
72.625 58 7
72.875 60 9
73.375 55 4
73.438 53 2
73.500 51 0
73.562 53 2
74.500 48 9
74.625 51 0
74.875 51 0
75.000 53 2
75.125 53 2
77.250 55 4
77.312 55 4
77.500 55 4
77.625 55 4
77.875 55 4
78.000 55 4
78.125 55 4
79.375 53 2
79.500 53 2
79.625 58 7
79.875 60 9
80.125 55 4
80.375 56 5
80.438 55 4
80.500 53 2
81.375 51 0
81.500 51 0
81.625 51 0
81.875 51 0
82.000 51 0
82.125 51 0
82.625 51 0
82.750 51 0
82.875 51 0
83.625 55 4
83.750 51 0
83.875 53 2
84.000 55 4
84.062 53 2
84.125 51 0
85.125 51 0
85.188 51 0
85.250 51 0
85.625 51 0
85.750 51 0
85.812 51 0
86.625 55 4
86.688 58 7
86.812 55 4
86.875 58 7
87.062 55 4
87.375 56 5
87.438 55 4
87.500 53 2
89.500 51 0
89.625 55 4
89.750 58 7
89.875 60 9
90.125 58 7
90.375 55 4
90.438 53 2
90.500 51 0
90.625 53 2
90.875 55 4
90.938 53 2
91.000 51 0
91.375 48 9
91.500 54 3
91.625 48 9
91.750 51 0
94.250 55 4
94.375 58 7
94.500 55 4
94.625 58 7
94.875 58 7
95.000 60 9
95.250 58 7
95.375 54 3
95.438 53 2
95.500 51 0
95.625 53 2
96.375 48 9
96.625 51 0
96.750 48 9
96.875 54 3
97.062 53 2
97.125 51 0
98.250 55 4
98.375 58 7
98.625 58 7
98.875 60 9
99.125 58 7
99.375 55 4
99.500 53 2
99.625 51 0
99.750 53 2
99.875 55 4
99.938 53 2
100.000 51 0
100.500 48 9
100.625 51 0
100.750 48 9
100.875 55 4
101.062 53 2
101.125 51 0
102.125 55 4
102.250 60 9
102.375 58 7
102.500 60 9
102.625 63 0
103.125 58 7
103.250 60 9
103.375 58 7
103.500 60 9
103.625 63 0
104.125 60 9
104.250 58 7
104.375 60 9
104.625 63 0
104.750 58 7
105.000 60 9
106.750 60 9
107.000 58 7
107.375 55 4
107.750 53 2
107.875 51 0
108.000 53 2
108.375 48 9
108.875 48 9
109.000 54 3
109.125 53 2
109.375 51 0
109.625 51 0
109.750 53 2
112.125 55 4
112.250 60 9
112.375 58 7
112.500 60 9
112.625 63 0
113.125 60 9
113.250 66 3
113.375 65 2
113.500 63 0
113.625 65 2
113.875 60 9
114.125 60 9
114.250 58 7
114.375 60 9
114.625 63 0
114.750 58 7
115.000 60 9
116.625 60 9
117.000 58 7
117.375 55 4
117.625 53 2
117.750 51 0
118.000 53 2
118.375 48 9
118.875 48 9
119.000 54 3
119.125 53 2
119.375 51 0
119.625 51 0
119.750 51 0
