0.625 44 7
0.750 49 0
0.875 54 5
1.000 53 4
1.125 49 0
1.375 47 10
1.750 49 0
1.875 54 5
2.000 53 4
2.250 49 0
2.375 49 0
2.500 47 10
2.875 54 5
3.000 56 7
3.125 51 2
3.188 53 4
4.625 44 7
4.750 49 0
4.875 56 7
5.125 54 5
5.250 53 4
5.375 51 2
5.750 44 7
5.875 56 7
6.125 54 5
6.250 53 4
6.375 53 4
6.500 51 2
6.625 49 0
6.875 49 0
7.000 53 4
7.125 53 4
7.188 51 2
7.250 49 0
8.625 56 7
8.750 58 9
8.875 60 11
9.000 61 0
9.250 60 11
9.375 61 0
9.500 60 11
9.625 56 7
10.875 56 7
11.000 65 4
11.188 63 2
12.000 65 4
12.188 63 2
12.375 61 0
12.500 65 4
12.625 63 2
12.750 65 4
12.812 63 2
12.875 61 0
13.250 61 0
13.375 61 0
13.750 61 0
13.875 61 0
14.000 63 2
14.250 58 9
14.375 61 0
14.500 63 2
14.625 58 9
14.750 58 9
15.500 60 11
15.625 58 9
15.750 60 11
15.875 60 11
16.000 61 0
16.250 56 7
16.375 60 11
16.500 61 0
16.625 56 7
16.750 56 7
16.812 54 5
16.875 53 4
17.500 61 0
17.667 60 11
17.833 61 0
18.000 66 5
18.250 65 4
18.375 63 2
18.625 61 0
18.750 63 2
18.875 61 0
19.000 59 10
19.375 58 9
19.500 58 9
19.875 56 7
20.000 56 7
20.500 54 5
20.625 56 7
20.750 54 5
20.875 51 2
21.000 53 4
22.625 44 7
22.750 49 0
22.875 54 5
23.000 53 4
23.250 49 0
23.375 47 10
23.625 49 0
23.812 54 5
24.000 53 4
24.250 49 0
24.312 49 0
24.375 47 10
24.875 54 5
25.000 56 7
25.125 56 7
25.312 54 5
25.375 53 4
26.625 44 7
26.750 49 0
26.875 56 7
27.125 54 5
27.250 53 4
27.375 51 2
27.750 44 7
27.875 56 7
28.000 54 5
28.250 53 4
28.312 53 4
28.438 51 2
28.500 49 0
28.875 49 0
29.000 53 4
29.188 53 4
29.312 51 2
29.375 49 0
30.625 56 7
30.750 58 9
30.875 60 11
31.000 61 0
31.250 60 11
31.375 61 0
31.500 60 11
31.625 56 7
32.875 56 7
33.000 65 4
33.188 63 2
33.750 56 7
33.875 61 0
34.000 65 4
34.188 63 2
34.375 61 0
34.500 65 4
34.688 66 5
34.750 65 4
34.875 63 2
35.250 61 0
35.375 61 0
35.625 61 0
35.875 61 0
36.000 63 2
36.250 58 9
36.375 61 0
36.500 63 2
36.625 58 9
36.750 58 9
37.500 60 11
37.625 58 9
37.750 60 11
37.875 60 11
38.000 61 0
38.250 56 7
38.375 60 11
38.500 61 0
38.625 56 7
38.750 56 7
38.812 54 5
38.875 53 4
39.500 61 0
39.667 60 11
39.833 61 0
40.000 66 5
40.250 65 4
40.375 63 2
40.625 61 0
40.750 63 2
40.875 61 0
41.000 59 10
41.500 58 9
41.875 56 7
42.000 56 7
42.500 54 5
42.625 56 7
42.750 54 5
42.875 51 2
43.000 53 4
45.250 61 0
45.375 61 0
45.500 60 11
45.625 60 11
46.125 58 9
46.250 58 9
46.375 58 9
46.500 58 9
46.562 60 11
46.625 58 9
46.750 56 7
46.812 58 9
46.875 56 7
47.000 56 7
47.062 54 5
47.125 53 4
49.125 65 4
49.250 66 5
49.375 65 4
49.500 66 5
49.625 66 5
50.000 68 7
50.125 68 7
50.188 66 5
50.250 65 4
50.625 61 0
50.750 61 0
50.812 63 2
50.875 61 0
51.000 65 4
51.062 63 2
51.125 65 4
51.188 68 7
51.375 70 9
51.500 68 7
51.562 66 5
51.625 65 4
53.125 60 11
53.250 61 0
53.375 61 0
53.500 61 0
53.875 61 0
54.000 60 11
54.375 60 11
54.500 60 11
54.562 60 11
54.625 60 11
54.750 60 11
54.875 60 11
54.938 60 11
55.000 61 0
55.125 61 0
55.188 58 9
55.250 56 7
56.875 60 11
57.000 61 0
57.500 61 0
58.000 63 2
58.500 61 0
58.750 61 0
58.812 58 9
58.875 61 0
58.938 58 9
59.000 61 0
59.062 58 9
59.125 56 7
61.000 65 4
61.250 63 2
61.312 61 0
62.000 65 4
62.250 63 2
62.625 61 0
62.750 65 4
62.875 65 4
63.000 65 4
63.125 63 2
63.188 61 0
64.000 65 4
64.188 63 2
64.625 61 0
64.750 65 4
64.875 65 4
65.000 65 4
65.125 63 2
65.188 61 0
65.625 61 0
65.750 65 4
65.875 65 4
66.000 65 4
66.062 63 2
66.625 61 0
66.750 65 4
66.812 65 4
66.875 65 4
67.000 65 4
67.062 63 2
67.125 61 0
67.750 65 4
67.812 65 4
67.875 65 4
68.000 65 4
68.125 63 2
69.250 61 0
69.375 61 0
69.875 61 0
70.000 63 2
70.250 58 9
70.375 61 0
70.500 63 2
70.625 58 9
70.750 58 9
71.500 60 11
71.625 58 9
71.750 60 11
71.875 60 11
72.000 61 0
72.250 56 7
72.375 60 11
72.500 61 0
72.625 56 7
72.750 56 7
72.812 54 5
72.875 53 4
73.500 61 0
73.667 60 11
73.833 61 0
74.000 66 5
74.250 65 4
74.375 63 2
74.625 61 0
74.750 63 2
74.875 61 0
75.000 59 10
75.375 58 9
75.500 58 9
75.875 56 7
76.000 56 7
76.750 56 7
76.875 58 9
77.000 59 10
77.500 58 9
77.875 56 7
78.000 56 7
78.500 54 5
78.625 56 7
78.750 54 5
78.875 51 2
79.000 53 4
81.250 61 0
81.375 61 0
81.875 61 0
82.000 63 2
82.250 58 9
82.375 61 0
82.500 63 2
82.625 58 9
82.750 58 9
83.500 60 11
83.625 58 9
83.750 60 11
83.875 60 11
84.000 61 0
84.250 56 7
84.375 60 11
84.500 61 0
84.625 56 7
84.750 56 7
84.812 54 5
84.875 53 4
85.500 61 0
85.667 60 11
85.833 61 0
86.000 66 5
86.250 65 4
86.375 63 2
86.625 61 0
86.750 63 2
86.875 61 0
87.000 59 10
87.375 58 9
87.500 58 9
87.875 56 7
88.000 56 7
