Chords w/ timepoints and roots:
 1.00  5.00     I   0   1   4   4
 5.00  7.00    IV   5   4   4   9
 7.00  9.00     I   0   1   4   4
 9.00 10.00     V   7   5   4  11
10.00 11.00    IV   5   4   4   9
11.00 21.00     I   0   1   4   4
21.00 23.00    IV   5   4   4   9
23.00 25.00     I   0   1   4   4
25.00 26.00     V   7   5   4  11
26.00 27.00    IV   5   4   4   9
27.00 33.00     I   0   1   4   4
33.00 35.00    IV   5   4   4   9
35.00 37.00     I   0   1   4   4
37.00 38.00     V   7   5   4  11
38.00 39.00    IV   5   4   4   9
39.00 49.00     I   0   1   4   4
49.00 51.00    IV   5   4   4   9
51.00 53.00     I   0   1   4   4
53.00 54.00     V   7   5   4  11
54.00 55.00    IV   5   4   4   9
55.00 61.00     I   0   1   4   4
61.00 63.00    IV   5   4   4   9
63.00 65.00     I   0   1   4   4
65.00 66.00     V   7   5   4  11
66.00 67.00    IV   5   4   4   9
67.00 73.00     I   0   1   4   4
73.00 75.00    IV   5   4   4   9
75.00 77.00     I   0   1   4   4
77.00 78.00     V   7   5   4  11
78.00 79.00    IV   5   4   4   9
79.00 81.00     I   0   1   4   4
---

