Chords w/ timepoints and roots:
 1.00  5.00     I   0   1   0   0
 5.00  7.00    IV   5   4   0   5
 7.00  9.00     I   0   1   0   0
 9.00 10.00     V   7   5   0   7
10.00 11.00    IV   5   4   0   5
11.00 17.00     I   0   1   0   0
17.00 19.00    IV   5   4   0   5
19.00 21.00     I   0   1   0   0
21.00 22.00     V   7   5   0   7
22.00 23.00    IV   5   4   0   5
23.00 29.00     I   0   1   0   0
29.00 31.00    IV   5   4   0   5
31.00 33.00     I   0   1   0   0
33.00 34.00     V   7   5   0   7
34.00 35.00    IV   5   4   0   5
35.00 41.00     I   0   1   0   0
41.00 43.00    IV   5   4   0   5
43.00 45.00     I   0   1   0   0
45.00 46.00     V   7   5   0   7
46.00 47.00    IV   5   4   0   5
47.00 53.00     I   0   1   0   0
53.00 55.00    IV   5   4   0   5
55.00 57.00     I   0   1   0   0
57.00 58.00     V   7   5   0   7
58.00 59.00    IV   5   4   0   5
59.00 65.00     I   0   1   0   0
65.00 67.00    IV   5   4   0   5
67.00 69.00     I   0   1   0   0
69.00 70.00     V   7   5   0   7
70.00 71.00    IV   5   4   0   5
71.00 77.00     I   0   1   0   0
77.00 79.00    IV   5   4   0   5
79.00 81.00     I   0   1   0   0
81.00 82.00     V   7   5   0   7
82.00 83.00    IV   5   4   0   5
83.00 89.00     I   0   1   0   0
89.00 91.00    IV   5   4   0   5
91.00 93.00     I   0   1   0   0
93.00 94.00     V   7   5   0   7
94.00 95.00    IV   5   4   0   5
95.00 97.00     I   0   1   0   0
---

