Chords w/ timepoints and roots:
 1.00  5.00     I   0   1   7   7
 5.00  7.00    IV   5   4   7   0
 7.00  9.00     I   0   1   7   7
 9.00 11.00     V   7   5   7   2
11.00 11.50     I   0   1   7   7
11.50 12.00    IV   5   4   7   0
12.00 12.50     I   0   1   7   7
12.50 13.00     V   7   5   7   2
13.00 17.00     I   0   1   7   7
17.00 19.00    IV   5   4   7   0
19.00 21.00     I   0   1   7   7
21.00 23.00     V   7   5   7   2
23.00 23.50     I   0   1   7   7
23.50 24.00    IV   5   4   7   0
24.00 25.00     I   0   1   7   7
25.00 27.00    IV   5   4   7   0
27.00 29.00     I   0   1   7   7
29.00 31.00     V   7   5   7   2
31.00 31.50     I   0   1   7   7
31.50 32.00    IV   5   4   7   0
32.00 33.00     I   0   1   7   7
33.00 35.00    IV   5   4   7   0
35.00 37.00     I   0   1   7   7
37.00 39.00     V   7   5   7   2
39.00 39.50     I   0   1   7   7
39.50 40.00    IV   5   4   7   0
40.00 41.00     I   0   1   7   7
41.00 43.00    IV   5   4   7   0
43.00 45.00     I   0   1   7   7
45.00 47.00     V   7   5   7   2
47.00 47.50     I   0   1   7   7
47.50 48.00    IV   5   4   7   0
48.00 49.00     I   0   1   7   7
49.00 51.00    IV   5   4   7   0
51.00 53.00     I   0   1   7   7
53.00 55.00     V   7   5   7   2
55.00 55.50     I   0   1   7   7
55.50 56.00    IV   5   4   7   0
56.00 57.00     I   0   1   7   7
57.00 59.00    IV   5   4   7   0
59.00 61.00     I   0   1   7   7
61.00 63.00     V   7   5   7   2
63.00 63.50     I   0   1   7   7
63.50 64.00    IV   5   4   7   0
64.00 64.50     I   0   1   7   7
64.50 65.00     V   7   5   7   2
65.00 65.50     I   0   1   7   7
65.50 66.00    IV   5   4   7   0
66.00 66.50     I   0   1   7   7
66.50 67.00     V   7   5   7   2
67.00 67.50     I   0   1   7   7
67.50 68.00    IV   5   4   7   0
68.00 68.50     I   0   1   7   7
68.50 69.00     V   7   5   7   2
69.00 69.50     I   0   1   7   7
69.50 70.00    IV   5   4   7   0
70.00 71.00     I   0   1   7   7
---

