Chords w/ timepoints and roots:
 3.00  4.00     I   0   1   5   5
 4.00  5.00    vi   9   6   5   2
 5.00  6.00     I   0   1   5   5
 6.00  7.00    vi   9   6   5   2
 7.00  8.00     I   0   1   5   5
 8.00  9.00    vi   9   6   5   2
 9.00 10.00     I   0   1   5   5
10.00 11.00    vi   9   6   5   2
11.00 12.00     I   0   1   5   5
12.00 13.00    vi   9   6   5   2
13.00 14.00     I   0   1   5   5
14.00 15.00    vi   9   6   5   2
15.00 16.00     I   0   1   5   5
16.00 17.00    vi   9   6   5   2
17.00 18.00     I   0   1   5   5
18.00 19.00    vi   9   6   5   2
19.00 20.00     I   0   1   5   5
20.00 21.00    vi   9   6   5   2
21.00 22.00     I   0   1   5   5
22.00 23.00    vi   9   6   5   2
23.00 24.00     I   0   1   5   5
24.00 25.00    vi   9   6   5   2
25.00 26.00     I   0   1   5   5
26.00 27.00    vi   9   6   5   2
27.00 29.00     I   0   1   5   5
29.00 31.00    vi   9   6   5   2
31.00 33.00     I   0   1   5   5
33.00 35.00    vi   9   6   5   2
35.00 37.00     I   0   1   5   5
37.00 39.00    vi   9   6   5   2
39.00 41.00     I   0   1   5   5
41.00 43.00    vi   9   6   5   2
43.00 60.00     I   0   1   5   5
60.00 61.00    vi   9   6   5   2
61.00 62.00     I   0   1   5   5
62.00 63.00    vi   9   6   5   2
63.00 64.00     I   0   1   5   5
64.00 65.00    vi   9   6   5   2
65.00 66.00     I   0   1   5   5
66.00 67.00    vi   9   6   5   2
67.00 68.00     I   0   1   5   5
68.00 69.00    vi   9   6   5   2
69.00 70.00     I   0   1   5   5
70.00 71.00    vi   9   6   5   2
71.00 72.00     I   0   1   5   5
72.00 73.00    vi   9   6   5   2
73.00 74.50     I   0   1   5   5
74.50 75.00  IV64   5   4   5  10
75.00 77.00     I   0   1   5   5
77.00 80.00  IVd7   5   4   5  10
80.00 81.00     I   0   1   5   5
81.00 82.00    vi   9   6   5   2
82.00 83.00     I   0   1   5   5
83.00 84.00    vi   9   6   5   2
84.00 85.00     I   0   1   5   5
85.00 86.00    vi   9   6   5   2
86.00 87.00     I   0   1   5   5
87.00 88.00    vi   9   6   5   2
88.00 89.00     I   0   1   5   5
89.00 90.00    vi   9   6   5   2
90.00 91.00     I   0   1   5   5
91.00 92.00    vi   9   6   5   2
92.00 93.00     I   0   1   5   5
93.00 94.00    vi   9   6   5   2
94.00 95.00     I   0   1   5   5
95.00 96.00    vi   9   6   5   2
96.00 97.00     I   0   1   5   5
97.00 98.00    vi   9   6   5   2
98.00 99.00     I   0   1   5   5
99.00 100.00    vi   9   6   5   2
100.00 101.00     I   0   1   5   5
101.00 102.00    vi   9   6   5   2
102.00 103.00     I   0   1   5   5
103.00 104.00    vi   9   6   5   2
104.00 105.00     I   0   1   5   5
105.00 106.00    vi   9   6   5   2
106.00 107.00     I   0   1   5   5
107.00 108.00    vi   9   6   5   2
108.00 109.00     I   0   1   5   5
109.00 110.00    vi   9   6   5   2
110.00 111.00     I   0   1   5   5
111.00 112.00    vi   9   6   5   2
112.00 113.00     I   0   1   5   5
113.00 114.00    vi   9   6   5   2
114.00 115.00     I   0   1   5   5
115.00 116.00    vi   9   6   5   2
116.00 117.00     I   0   1   5   5
117.00 118.00    vi   9   6   5   2
118.00 119.00     I   0   1   5   5
119.00 120.00    vi   9   6   5   2
120.00 121.00     I   0   1   5   5
121.00 122.00    vi   9   6   5   2
122.00 123.00     I   0   1   5   5
123.00 124.00    vi   9   6   5   2
124.00 125.00     I   0   1   5   5
125.00 126.00    vi   9   6   5   2
126.00 127.00     I   0   1   5   5
127.00 128.00    vi   9   6   5   2
128.00 129.00     I   0   1   5   5
129.00 130.00    vi   9   6   5   2
130.00 131.00     I   0   1   5   5
131.00 132.00    vi   9   6   5   2
132.00 133.00     I   0   1   5   5
133.00 134.00    vi   9   6   5   2
134.00 135.00     I   0   1   5   5
135.00 136.00    vi   9   6   5   2
136.00 137.00     I   0   1   5   5
137.00 138.00    vi   9   6   5   2
---

