Chords w/ timepoints and roots:
 1.00  1.50     I   0   1   7   7
 1.50  2.00    vi   9   6   7   4
 2.00  2.50   ii7   2   2   7   9
 2.50  3.00    V7   7   5   7   2
 3.00  3.50     I   0   1   7   7
 3.50  4.00    vi   9   6   7   4
 4.00  4.50   ii7   2   2   7   9
 4.50  5.00    V7   7   5   7   2
 5.00  5.50     I   0   1   7   7
 5.50  6.00    vi   9   6   7   4
 6.00  6.50   ii7   2   2   7   9
 6.50  7.00    V7   7   5   7   2
 7.00  7.50     I   0   1   7   7
 7.50  8.00    vi   9   6   7   4
 8.00  8.50   ii7   2   2   7   9
 8.50  9.00    V7   7   5   7   2
 9.00  9.50     I   0   1   7   7
 9.50 10.00    vi   9   6   7   4
10.00 10.50   ii7   2   2   7   9
10.50 11.00    V7   7   5   7   2
11.00 11.50     I   0   1   7   7
11.50 12.00    vi   9   6   7   4
12.00 12.50   ii7   2   2   7   9
12.50 13.00    V7   7   5   7   2
13.00 13.50     I   0   1   7   7
13.50 14.00    vi   9   6   7   4
14.00 14.50   ii7   2   2   7   9
14.50 15.00    V7   7   5   7   2
15.00 15.50     I   0   1   7   7
15.50 16.00    IV   5   4   7   0
16.00 17.00     I   0   1   7   7
17.00 17.50    ii   2   2   7   9
17.50 18.00     V   7   5   7   2
18.00 19.00     I   0   1   7   7
19.00 19.50    ii   2   2   7   9
19.50 20.00     V   7   5   7   2
20.00 21.00     I   0   1   7   7
21.00 21.50    ii   2   2   7   9
21.50 22.00     V   7   5   7   2
22.00 22.50     I   0   1   7   7
22.50 23.00 V7/II   9   6   7   4
23.00 24.50  V7/V   2   2   7   9
24.50 25.00    V7   7   5   7   2
25.00 25.50     I   0   1   7   7
25.50 26.00    vi   9   6   7   4
26.00 26.50   ii7   2   2   7   9
26.50 27.00    V7   7   5   7   2
27.00 27.50     I   0   1   7   7
27.50 28.00    vi   9   6   7   4
28.00 28.50   ii7   2   2   7   9
28.50 29.00    V7   7   5   7   2
29.00 29.50     I   0   1   7   7
29.50 30.00    vi   9   6   7   4
30.00 30.50   ii7   2   2   7   9
30.50 31.00    V7   7   5   7   2
31.00 31.50     I   0   1   7   7
31.50 32.00    vi   9   6   7   4
32.00 32.50   ii7   2   2   7   9
32.50 33.00    V7   7   5   7   2
33.00 33.50     I   0   1   7   7
33.50 34.00    vi   9   6   7   4
34.00 34.50   ii7   2   2   7   9
34.50 35.00    V7   7   5   7   2
35.00 35.50     I   0   1   7   7
35.50 36.00    vi   9   6   7   4
36.00 36.50   ii7   2   2   7   9
36.50 37.00    V7   7   5   7   2
37.00 37.50     I   0   1   7   7
37.50 38.00    vi   9   6   7   4
38.00 38.50   ii7   2   2   7   9
38.50 39.00    V7   7   5   7   2
39.00 39.50     I   0   1   7   7
39.50 40.00    vi   9   6   7   4
40.00 40.50   ii7   2   2   7   9
40.50 41.00    V7   7   5   7   2
41.00 41.50     I   0   1   7   7
41.50 42.00    vi   9   6   7   4
42.00 42.50   ii7   2   2   7   9
42.50 43.00    V7   7   5   7   2
43.00 43.50     I   0   1   7   7
43.50 44.00    vi   9   6   7   4
44.00 44.50   ii7   2   2   7   9
44.50 45.00    V7   7   5   7   2
45.00 45.50     I   0   1   7   7
45.50 46.00    vi   9   6   7   4
46.00 46.50   ii7   2   2   7   9
46.50 47.00    V7   7   5   7   2
47.00 47.50     I   0   1   7   7
47.50 48.00    IV   5   4   7   0
48.00 49.00     I   0   1   7   7
49.00 49.50    ii   2   2   7   9
49.50 50.00     V   7   5   7   2
50.00 51.00     I   0   1   7   7
51.00 51.50    ii   2   2   7   9
51.50 52.00     V   7   5   7   2
52.00 53.00     I   0   1   7   7
53.00 53.50    ii   2   2   7   9
53.50 54.00     V   7   5   7   2
54.00 54.50     I   0   1   7   7
54.50 55.00 V7/II   9   6   7   4
55.00 56.50  V7/V   2   2   7   9
56.50 57.00    V7   7   5   7   2
57.00 57.50     I   0   1   7   7
57.50 58.00    vi   9   6   7   4
58.00 58.50   ii7   2   2   7   9
58.50 59.00    V7   7   5   7   2
59.00 59.50     I   0   1   7   7
59.50 60.00    vi   9   6   7   4
60.00 60.50   ii7   2   2   7   9
60.50 61.00    V7   7   5   7   2
61.00 61.50     I   0   1   7   7
61.50 62.00    vi   9   6   7   4
62.00 62.50   ii7   2   2   7   9
62.50 63.00    V7   7   5   7   2
63.00 63.50     I   0   1   7   7
63.50 64.00    IV   5   4   7   0
64.00 65.00     I   0   1   7   7
---

